/*--------------------------------*- C++ -*----------------------------------*\
  =========                 |
  \\      /  F ield         | OpenFOAM: The Open Source CFD Toolbox
   \\    /   O peration     | Website:  https://openfoam.org
    \\  /    A nd           | Version:  8
     \\/     M anipulation  |
\*---------------------------------------------------------------------------*/
FoamFile
{
    version     2.0;
    format      ascii;
    class       volScalarField;
    location    "0.8/wallFilmRegion";
    object      Cp;
}
// * * * * * * * * * * * * * * * * * * * * * * * * * * * * * * * * * * * * * //

dimensions      [0 2 -2 -1 0 0 0];

internalField   nonuniform List<scalar> 
1369
(
4182.948097
4182.948095
4182.948095
4182.948096
4182.948097
4182.948098
4182.948099
4182.948097
4182.948096
4182.948096
4182.948097
4182.948098
4182.948099
4182.948099
4182.948099
4182.9481
4182.9481
4182.948099
4182.948097
4182.948096
4182.948096
4182.948097
4182.948098
4182.948099
4182.948099
4182.9481
4182.9481
4182.948099
4182.948099
4182.948099
4182.948099
4182.948097
4182.948096
4182.948097
4182.948098
4182.948098
4182.948099
4182.948099
4182.9481
4182.9481
4182.948099
4182.948099
4182.948099
4182.948099
4182.948098
4182.9481
4182.9481
4182.9481
4182.948097
4182.948097
4182.948097
4182.948098
4182.948098
4182.948099
4182.948099
4182.948099
4182.948099
4182.948099
4182.948099
4182.948099
4182.948098
4182.948098
4182.9481
4182.9481
4182.9481
4182.9481
4182.9481
4182.948097
4182.948097
4182.948097
4182.948098
4182.948098
4182.948098
4182.948099
4182.948099
4182.948099
4182.948099
4182.948099
4182.948098
4182.948098
4182.9481
4182.948101
4182.948101
4182.9481
4182.9481
4182.948099
4182.948098
4182.948096
4182.948087
4182.948088
4182.948097
4182.948098
4182.948098
4182.948098
4182.948097
4182.948096
4182.948095
4182.948096
4182.948097
4182.948099
4182.948099
4182.9481
4182.9481
4182.948101
4182.948101
4182.948101
4182.9481
4182.94806
4182.948084
4182.948059
4182.948021
4182.948022
4182.948087
4182.9481
4182.948102
4182.948097
4182.948098
4182.948098
4182.948098
4182.948097
4182.948096
4182.948094
4182.948094
4182.948096
4182.948098
4182.948099
4182.9481
4182.9481
4182.948101
4182.948101
4182.948101
4182.9481
4182.948068
4182.948092
4182.948041
4182.948055
4182.947913
4182.948097
4182.9481
4182.948101
4182.948102
4182.948097
4182.948098
4182.948098
4182.948098
4182.948097
4182.948096
4182.948094
4182.948094
4182.948095
4182.948097
4182.948099
4182.9481
4182.9481
4182.9481
4182.9481
4182.9481
4182.9481
4182.948059
4182.9481
4182.948105
4182.948096
4182.948062
4182.948097
4182.948102
4182.9481
4182.948101
4182.948097
4182.948098
4182.948098
4182.948097
4182.948097
4182.948096
4182.948095
4182.948094
4182.948096
4182.948098
4182.948099
4182.9481
4182.9481
4182.9481
4182.9481
4182.9481
4182.9481
4182.948099
4182.948103
4182.948106
4182.948102
4182.948089
4182.948101
4182.948106
4182.948103
4182.948098
4182.948101
4182.948097
4182.948098
4182.948098
4182.948097
4182.948097
4182.948097
4182.948096
4182.948095
4182.948096
4182.948097
4182.948098
4182.948099
4182.948099
4182.948099
4182.948099
4182.9481
4182.9481
4182.948097
4182.948085
4182.948036
4182.946811
4182.945983
4182.946519
4182.948102
4182.948094
4182.948096
4182.9481
4182.948097
4182.948098
4182.948097
4182.948097
4182.948097
4182.948097
4182.948097
4182.948097
4182.948097
4182.948097
4182.948098
4182.948098
4182.948099
4182.948099
4182.948099
4182.9481
4182.9481
4182.948094
4182.948093
4182.948077
4182.947805
4182.946885
4182.946003
4182.948098
4182.94809
4182.948096
4182.948098
4182.948097
4182.948098
4182.948098
4182.948098
4182.948097
4182.948097
4182.948097
4182.948097
4182.948097
4182.948098
4182.948098
4182.948099
4182.948099
4182.948099
4182.948099
4182.948099
4182.9481
4182.948092
4182.948098
4182.948093
4182.948071
4182.947816
4182.946622
4182.948099
4182.948095
4182.948095
4182.948096
4182.948101
4182.948097
4182.948098
4182.948098
4182.948098
4182.948098
4182.948098
4182.948097
4182.948098
4182.948098
4182.948098
4182.948099
4182.948099
4182.948099
4182.948099
4182.948099
4182.948099
4182.948099
4182.948099
4182.948099
4182.948098
4182.948096
4182.948076
4182.947629
4182.948099
4182.948095
4182.948094
4182.948088
4182.948056
4182.947968
4182.948097
4182.948098
4182.948098
4182.948098
4182.948098
4182.948097
4182.948096
4182.948096
4182.948096
4182.948097
4182.948098
4182.948098
4182.948099
4182.948099
4182.948099
4182.948099
4182.948099
4182.948098
4182.948099
4182.948096
4182.948067
4182.947692
4182.947647
4182.948096
4182.948089
4182.948094
4182.948059
4182.947954
4182.946913
4182.948097
4182.948098
4182.948098
4182.948098
4182.948098
4182.948097
4182.948097
4182.948097
4182.948098
4182.948098
4182.948098
4182.948099
4182.948099
4182.948099
4182.948099
4182.948099
4182.948099
4182.948098
4182.948099
4182.948098
4182.948052
4182.948018
4182.948011
4182.948093
4182.948082
4182.948095
4182.94808
4182.948084
4182.948087
4182.948097
4182.948097
4182.948097
4182.948097
4182.948097
4182.948097
4182.948098
4182.948098
4182.948098
4182.948098
4182.948099
4182.948099
4182.948099
4182.948099
4182.948099
4182.948098
4182.948099
4182.948099
4182.948099
4182.948099
4182.948098
4182.948097
4182.948094
4182.948093
4182.948082
4182.948095
4182.948082
4182.948085
4182.948082
4182.94809
4182.948102
4182.947517
4182.948045
4182.948091
4182.948097
4182.948097
4182.948097
4182.948096
4182.948096
4182.948096
4182.948095
4182.948095
4182.948097
4182.948098
4182.948098
4182.948098
4182.948099
4182.948099
4182.948099
4182.948098
4182.948097
4182.948095
4182.948094
4182.948093
4182.94809
4182.948069
4182.948063
4182.948083
4182.948075
4182.948095
4182.948094
4182.948099
4182.948101
4182.948102
4182.948099
4182.948099
4182.948102
4182.94809
4182.948098
4182.948097
4182.948096
4182.948096
4182.948095
4182.948095
4182.948095
4182.948094
4182.948095
4182.948097
4182.948098
4182.948098
4182.948098
4182.948098
4182.948098
4182.948098
4182.948095
4182.948095
4182.948095
4182.948094
4182.948054
4182.948032
4182.948001
4182.947983
4182.948057
4182.948094
4182.948096
4182.948099
4182.948102
4182.948103
4182.948088
4182.948096
4182.948102
4182.948092
4182.948098
4182.948096
4182.948096
4182.948095
4182.948095
4182.948095
4182.948094
4182.948094
4182.948094
4182.948095
4182.948097
4182.948098
4182.948098
4182.948098
4182.948098
4182.948098
4182.948095
4182.948095
4182.948096
4182.948095
4182.948093
4182.948092
4182.94809
4182.948088
4182.94807
4182.948093
4182.948097
4182.948098
4182.9481
4182.948099
4182.948087
4182.948097
4182.948101
4182.948098
4182.948096
4182.948096
4182.948095
4182.948095
4182.948095
4182.948095
4182.948094
4182.948095
4182.948097
4182.948099
4182.948099
4182.948099
4182.948099
4182.948099
4182.948098
4182.948095
4182.948095
4182.948096
4182.948095
4182.948096
4182.948097
4182.948097
4182.948095
4182.948061
4182.948091
4182.948097
4182.948093
4182.948094
4182.948095
4182.948097
4182.948094
4182.948097
4182.948096
4182.948095
4182.948095
4182.948095
4182.948095
4182.948096
4182.948097
4182.948098
4182.948099
4182.9481
4182.9481
4182.9481
4182.9481
4182.948099
4182.948098
4182.948094
4182.948095
4182.948095
4182.948093
4182.948093
4182.948098
4182.948099
4182.948096
4182.948069
4182.948094
4182.948097
4182.948096
4182.948094
4182.9481
4182.948102
4182.948089
4182.948097
4182.948096
4182.948096
4182.948096
4182.948096
4182.948097
4182.948097
4182.948098
4182.948099
4182.948099
4182.948099
4182.9481
4182.948101
4182.948099
4182.948099
4182.948098
4182.948094
4182.948095
4182.948094
4182.948089
4182.948089
4182.948099
4182.9481
4182.948098
4182.94806
4182.948096
4182.948097
4182.948097
4182.948096
4182.948096
4182.948099
4182.948089
4182.948098
4182.948098
4182.948098
4182.948098
4182.948098
4182.948098
4182.948098
4182.948098
4182.948099
4182.948099
4182.948101
4182.948106
4182.948108
4182.948097
4182.948098
4182.948098
4182.948094
4182.948095
4182.948093
4182.948083
4182.948036
4182.948099
4182.948101
4182.9481
4182.948091
4182.948097
4182.948097
4182.948098
4182.948098
4182.948097
4182.948097
4182.948104
4182.948097
4182.948097
4182.948097
4182.948097
4182.948098
4182.948098
4182.948098
4182.948099
4182.948101
4182.948111
4182.948119
4182.948116
4182.948096
4182.948095
4182.948095
4182.948095
4182.948094
4182.94809
4182.948075
4182.948004
4182.948099
4182.948101
4182.9481
4182.948098
4182.948097
4182.948097
4182.948098
4182.948098
4182.948099
4182.948103
4182.9481
4182.948094
4182.948095
4182.948096
4182.948096
4182.948097
4182.948097
4182.948097
4182.948097
4182.948097
4182.948096
4182.948094
4182.948097
4182.948096
4182.948095
4182.948095
4182.948094
4182.948092
4182.948083
4182.948063
4182.948065
4182.9481
4182.948102
4182.948102
4182.948102
4182.9481
4182.948113
4182.948113
4182.948107
4182.948103
4182.948117
4182.948098
4182.948096
4182.948096
4182.948097
4182.948097
4182.948097
4182.948097
4182.948097
4182.948096
4182.948094
4182.948095
4182.948096
4182.948098
4182.948097
4182.948092
4182.948092
4182.948091
4182.948086
4182.948066
4182.948046
4182.948078
4182.948101
4182.948102
4182.948102
4182.948102
4182.948101
4182.948118
4182.948125
4182.948129
4182.948134
4182.948161
4182.948098
4182.948097
4182.948097
4182.948097
4182.948097
4182.948097
4182.948097
4182.948096
4182.948094
4182.948093
4182.948094
4182.948097
4182.948097
4182.948095
4182.948091
4182.94809
4182.948081
4182.94806
4182.948021
4182.947923
4182.948061
4182.94807
4182.948101
4182.948101
4182.9481
4182.9481
4182.9481
4182.948102
4182.948119
4182.948127
4182.94814
4182.948098
4182.948097
4182.948097
4182.948098
4182.948097
4182.948097
4182.948097
4182.948096
4182.948096
4182.948097
4182.948097
4182.948097
4182.948096
4182.948095
4182.948093
4182.948091
4182.948087
4182.948078
4182.948068
4182.948073
4182.948091
4182.948101
4182.948101
4182.9481
4182.9481
4182.9481
4182.9481
4182.948103
4182.948111
4182.948118
4182.948116
4182.948098
4182.948098
4182.948098
4182.948098
4182.948098
4182.948097
4182.948097
4182.948096
4182.948096
4182.948097
4182.948097
4182.948097
4182.948096
4182.948096
4182.948095
4182.948094
4182.948091
4182.948085
4182.948075
4182.948065
4182.948088
4182.948101
4182.9481
4182.9481
4182.948101
4182.948101
4182.948102
4182.948104
4182.948106
4182.948105
4182.948103
4182.948098
4182.948098
4182.948098
4182.948097
4182.948097
4182.948096
4182.948095
4182.948096
4182.948096
4182.948097
4182.948097
4182.948097
4182.948097
4182.948096
4182.948096
4182.948095
4182.948093
4182.948089
4182.948081
4182.948069
4182.948085
4182.948101
4182.9481
4182.948099
4182.9481
4182.948101
4182.948103
4182.948103
4182.948102
4182.948101
4182.948101
4182.948098
4182.948098
4182.948097
4182.948097
4182.948095
4182.948093
4182.948094
4182.948095
4182.948096
4182.948096
4182.948097
4182.948097
4182.948097
4182.948097
4182.948097
4182.948096
4182.948095
4182.948092
4182.948086
4182.948073
4182.948087
4182.9481
4182.948099
4182.948098
4182.948096
4182.948099
4182.948101
4182.948102
4182.948101
4182.948101
4182.948101
4182.948098
4182.948097
4182.948097
4182.948096
4182.948093
4182.948091
4182.948092
4182.948093
4182.948095
4182.948096
4182.948096
4182.948096
4182.948097
4182.948097
4182.948097
4182.948097
4182.948096
4182.948094
4182.94809
4182.948078
4182.948091
4182.9481
4182.948099
4182.948097
4182.948091
4182.948094
4182.948098
4182.9481
4182.948101
4182.948101
4182.9481
4182.948097
4182.948097
4182.948096
4182.948095
4182.948092
4182.948089
4182.948089
4182.948091
4182.948093
4182.948094
4182.948095
4182.948096
4182.948096
4182.948097
4182.948097
4182.948097
4182.948097
4182.948096
4182.948093
4182.948083
4182.948094
4182.948099
4182.948098
4182.948097
4182.948091
4182.948091
4182.948091
4182.948097
4182.948099
4182.9481
4182.9481
4182.948097
4182.948097
4182.948096
4182.948095
4182.948093
4182.94809
4182.948087
4182.948088
4182.948089
4182.948091
4182.948093
4182.948095
4182.948096
4182.948097
4182.948097
4182.948097
4182.948097
4182.948096
4182.948095
4182.948089
4182.948095
4182.948098
4182.948098
4182.948099
4182.948099
4182.948099
4182.948099
4182.948099
4182.948099
4182.9481
4182.948097
4182.948097
4182.948097
4182.948097
4182.948096
4182.948094
4182.948091
4182.948088
4182.948086
4182.948086
4182.948087
4182.94809
4182.948094
4182.948096
4182.948097
4182.948097
4182.948096
4182.948097
4182.948097
4182.948096
4182.948095
4182.948096
4182.948097
4182.948098
4182.948099
4182.948099
4182.948099
4182.948099
4182.948099
4182.948099
4182.948099
4182.948094
4182.948097
4182.948097
4182.948097
4182.948096
4182.948095
4182.948094
4182.948091
4182.948088
4182.948087
4182.948087
4182.94809
4182.948095
4182.948096
4182.948097
4182.948096
4182.948096
4182.948097
4182.948097
4182.948097
4182.948097
4182.948097
4182.948098
4182.948098
4182.948098
4182.948098
4182.948099
4182.948098
4182.948098
4182.948098
4182.948099
4182.948095
4182.948097
4182.948097
4182.948097
4182.948097
4182.948096
4182.948096
4182.948094
4182.948092
4182.94809
4182.948091
4182.948093
4182.948095
4182.948096
4182.948096
4182.948095
4182.948096
4182.948097
4182.948097
4182.948097
4182.948098
4182.948098
4182.948098
4182.948098
4182.948098
4182.948098
4182.948098
4182.948098
4182.948098
4182.948098
4182.948098
4182.948097
4182.948097
4182.948097
4182.948097
4182.948097
4182.948097
4182.948097
4182.948096
4182.948094
4182.948093
4182.948093
4182.948094
4182.948095
4182.948096
4182.948095
4182.948094
4182.948096
4182.948097
4182.948097
4182.948098
4182.948098
4182.948098
4182.948098
4182.948098
4182.948098
4182.948098
4182.948098
4182.948098
4182.948097
4182.948097
4182.948098
4182.948098
4182.948097
4182.948097
4182.948097
4182.948097
4182.948097
4182.948097
4182.948096
4182.948096
4182.948095
4182.948095
4182.948095
4182.948095
4182.948095
4182.948094
4182.948093
4182.948095
4182.948097
4182.948097
4182.948098
4182.948098
4182.948098
4182.948098
4182.948098
4182.948098
4182.948097
4182.948098
4182.948097
4182.948096
4182.948097
4182.948098
4182.948098
4182.948097
4182.948097
4182.948097
4182.948097
4182.948097
4182.948097
4182.948097
4182.948096
4182.948096
4182.948095
4182.948095
4182.948095
4182.948094
4182.948092
4182.948092
4182.948095
4182.948097
4182.948097
4182.948098
4182.948098
4182.948098
4182.948098
4182.948098
4182.948098
4182.948097
4182.948097
4182.948096
4182.948096
4182.948097
4182.948098
4182.948099
4182.948097
4182.948097
4182.948097
4182.948097
4182.948097
4182.948097
4182.948097
4182.948097
4182.948096
4182.948095
4182.948095
4182.948094
4182.948093
4182.948091
4182.948092
4182.948095
4182.948096
4182.948097
4182.948097
4182.948098
4182.948098
4182.948098
4182.948098
4182.948098
4182.948097
4182.948096
4182.948094
4182.948095
4182.948097
4182.948098
4182.948099
4182.948097
4182.948097
4182.948097
4182.948097
4182.948097
4182.948097
4182.948097
4182.948097
4182.948096
4182.948096
4182.948095
4182.948094
4182.948092
4182.94809
4182.948091
4182.948094
4182.948096
4182.948097
4182.948097
4182.948097
4182.948097
4182.948098
4182.948098
4182.948098
4182.948096
4182.948095
4182.948092
4182.948095
4182.948097
4182.948098
4182.948099
4182.948096
4182.948096
4182.948096
4182.948097
4182.948097
4182.948097
4182.948097
4182.948097
4182.948097
4182.948096
4182.948095
4182.948094
4182.948092
4182.94809
4182.948091
4182.948093
4182.948095
4182.948096
4182.948097
4182.948096
4182.948097
4182.948098
4182.948098
4182.948098
4182.948095
4182.948094
4182.948091
4182.948094
4182.948097
4182.948098
4182.948099
4182.948096
4182.948096
4182.948097
4182.948097
4182.948097
4182.948097
4182.948097
4182.948097
4182.948097
4182.948096
4182.948096
4182.948094
4182.948093
4182.948092
4182.948091
4182.948092
4182.948094
4182.948095
4182.948096
4182.948096
4182.948096
4182.948097
4182.948098
4182.948098
4182.948094
4182.948093
4182.948094
4182.948093
4182.948096
4182.948098
4182.948099
4182.948097
4182.948097
4182.948097
4182.948097
4182.948097
4182.948097
4182.948097
4182.948097
4182.948097
4182.948097
4182.948096
4182.948095
4182.948095
4182.948094
4182.948094
4182.948094
4182.948094
4182.948095
4182.948095
4182.948095
4182.948093
4182.948097
4182.948097
4182.948098
4182.948094
4182.948093
4182.948098
4182.948092
4182.948094
4182.948097
4182.948098
4182.948097
4182.948097
4182.948097
4182.948097
4182.94809
4182.948096
4182.948097
4182.948097
4182.948097
4182.948097
4182.948097
4182.948096
4182.948096
4182.948096
4182.948096
4182.948095
4182.948095
4182.948095
4182.948095
4182.948095
4182.948092
4182.948095
4182.948097
4182.948098
4182.948095
4182.948094
4182.948098
4182.948094
4182.948093
4182.948096
4182.948098
4182.948097
4182.948097
4182.948097
4182.948096
4182.948096
4182.948096
4182.948097
4182.948097
4182.948097
4182.948097
4182.948097
4182.948097
4182.948097
4182.948097
4182.948097
4182.948097
4182.948098
4182.948098
4182.948098
4182.948098
4182.948098
4182.948097
4182.948097
4182.948097
4182.948097
4182.948097
4182.948098
4182.948097
4182.948097
4182.948097
4182.948097
)
;

boundaryField
{
    walls
    {
        type            zeroGradient;
    }
    wallFilmFace_top
    {
        type            zeroGradient;
    }
    region0_to_wallFilmRegion_wallFilmFace
    {
        type            zeroGradient;
    }
    mirrorFace_top
    {
        type            zeroGradient;
    }
    region0_to_wallFilmRegion_mirrorFace
    {
        type            zeroGradient;
    }
    procBoundary1to0
    {
        type            processor;
        value           nonuniform List<scalar> 
52
(
4182.948097
4182.948095
4182.948095
4182.948096
4182.948097
4182.948098
4182.948099
4182.948099
4182.948099
4182.948099
4182.948099
4182.948099
4182.948099
4182.948099
4182.948099
4182.948098
4182.948098
4182.948098
4182.948098
4182.948097
4182.9481
4182.9481
4182.948099
4182.948099
4182.948099
4182.948096
4182.948089
4182.948093
4182.9481
4182.9481
4182.948102
4182.948102
4182.948102
4182.948102
4182.948101
4182.948101
4182.948101
4182.948101
4182.948101
4182.948101
4182.948102
4182.948102
4182.948064
4182.947663
4182.948092
4182.948092
4182.948099
4182.947952
4182.948013
4182.948094
4182.948097
4182.948099
)
;
    }
    procBoundary1to2
    {
        type            processor;
        value           nonuniform List<scalar> 
33
(
4182.948098
4182.948091
4182.948091
4182.948099
4182.948099
4182.948094
4182.948097
4182.948098
4182.948098
4182.948105
4182.948124
4182.948123
4182.948119
4182.948114
4182.948111
4182.948104
4182.948102
4182.948101
4182.948101
4182.9481
4182.9481
4182.948099
4182.948099
4182.948099
4182.948099
4182.948098
4182.948098
4182.948097
4182.948096
4182.948095
4182.948095
4182.948095
4182.948097
)
;
    }
}


// ************************************************************************* //
