/*--------------------------------*- C++ -*----------------------------------*\
  =========                 |
  \\      /  F ield         | OpenFOAM: The Open Source CFD Toolbox
   \\    /   O peration     | Website:  https://openfoam.org
    \\  /    A nd           | Version:  8
     \\/     M anipulation  |
\*---------------------------------------------------------------------------*/
FoamFile
{
    version     2.0;
    format      ascii;
    class       volScalarField;
    location    "1.7/wallFilmRegion";
    object      Cp;
}
// * * * * * * * * * * * * * * * * * * * * * * * * * * * * * * * * * * * * * //

dimensions      [0 2 -2 -1 0 0 0];

internalField   nonuniform List<scalar> 
1369
(
4182.948098
4182.948097
4182.948098
4182.948098
4182.948098
4182.948098
4182.948097
4182.948098
4182.948098
4182.948098
4182.948098
4182.948098
4182.948098
4182.948097
4182.948097
4182.948097
4182.948097
4182.948097
4182.948098
4182.948098
4182.948098
4182.948098
4182.948098
4182.948098
4182.948097
4182.948097
4182.948097
4182.948097
4182.948098
4182.948098
4182.948098
4182.948098
4182.948098
4182.948098
4182.948098
4182.948098
4182.948098
4182.948098
4182.948098
4182.948098
4182.948098
4182.948098
4182.948098
4182.948098
4182.948098
4182.948098
4182.948098
4182.948099
4182.948098
4182.948098
4182.948098
4182.948098
4182.948098
4182.948098
4182.948098
4182.948098
4182.948098
4182.948098
4182.948098
4182.948098
4182.948098
4182.948098
4182.948098
4182.948098
4182.948099
4182.948098
4182.947417
4182.948098
4182.948098
4182.948098
4182.948098
4182.948098
4182.948098
4182.948098
4182.948098
4182.948098
4182.948098
4182.948098
4182.948098
4182.948098
4182.948098
4182.948098
4182.948098
4182.948098
4182.948097
4182.947963
4182.94803
4182.948097
4182.9481
4182.948101
4182.948098
4182.948098
4182.948098
4182.948098
4182.948098
4182.948098
4182.948098
4182.948098
4182.948098
4182.948098
4182.948098
4182.948098
4182.948098
4182.948098
4182.948098
4182.948098
4182.948098
4182.948098
4182.948094
4182.948098
4182.948099
4182.948101
4182.948102
4182.948101
4182.948101
4182.948097
4182.948098
4182.948098
4182.948098
4182.948098
4182.948098
4182.948098
4182.948098
4182.948098
4182.948098
4182.948099
4182.948098
4182.948098
4182.948098
4182.948098
4182.948098
4182.948098
4182.948098
4182.948097
4182.948098
4182.948101
4182.948101
4182.948101
4182.948101
4182.948101
4182.948101
4182.948097
4182.948098
4182.948098
4182.948098
4182.948098
4182.948098
4182.948098
4182.948098
4182.948099
4182.948099
4182.948099
4182.948099
4182.948098
4182.948098
4182.948098
4182.948098
4182.948099
4182.948099
4182.948096
4182.948099
4182.948101
4182.948101
4182.948101
4182.948101
4182.948101
4182.948101
4182.948097
4182.948097
4182.948098
4182.948098
4182.948098
4182.948098
4182.948098
4182.948099
4182.948099
4182.948099
4182.948099
4182.948099
4182.948098
4182.948098
4182.948098
4182.948099
4182.9481
4182.9481
4182.948099
4182.948099
4182.9481
4182.948101
4182.948102
4182.948102
4182.948101
4182.948102
4182.948102
4182.948097
4182.948097
4182.948098
4182.948098
4182.948098
4182.948098
4182.948098
4182.948099
4182.948099
4182.948099
4182.948099
4182.948099
4182.948098
4182.948098
4182.948098
4182.948098
4182.948099
4182.948099
4182.948099
4182.948099
4182.948101
4182.948103
4182.948103
4182.948102
4182.948102
4182.948102
4182.948102
4182.948097
4182.948096
4182.948098
4182.948098
4182.948098
4182.948098
4182.948098
4182.948099
4182.948099
4182.948099
4182.948099
4182.948099
4182.948098
4182.948098
4182.948098
4182.948098
4182.948098
4182.948099
4182.948099
4182.948099
4182.9481
4182.9481
4182.9481
4182.948102
4182.9481
4182.9481
4182.948101
4182.948097
4182.948095
4182.948097
4182.948098
4182.948098
4182.948098
4182.948099
4182.948099
4182.948099
4182.948099
4182.948099
4182.948099
4182.948098
4182.948098
4182.948098
4182.948098
4182.948098
4182.948099
4182.948094
4182.948099
4182.9481
4182.9481
4182.9481
4182.948101
4182.948101
4182.9481
4182.948102
4182.948101
4182.948097
4182.948097
4182.948098
4182.948098
4182.948098
4182.948099
4182.948099
4182.948099
4182.948099
4182.948099
4182.948099
4182.948099
4182.948099
4182.948099
4182.948099
4182.948098
4182.948098
4182.948099
4182.948095
4182.9481
4182.9481
4182.9481
4182.9481
4182.948101
4182.948101
4182.948102
4182.948102
4182.948103
4182.948102
4182.948097
4182.948095
4182.948095
4182.948096
4182.948097
4182.948098
4182.948098
4182.948099
4182.948099
4182.948099
4182.948099
4182.948099
4182.948099
4182.948099
4182.948098
4182.948098
4182.948098
4182.948098
4182.948097
4182.9481
4182.948101
4182.948101
4182.948101
4182.948103
4182.948103
4182.948102
4182.948102
4182.948103
4182.948103
4182.948097
4182.948095
4182.948095
4182.948096
4182.948097
4182.948097
4182.948098
4182.948098
4182.948099
4182.948098
4182.948099
4182.948098
4182.948096
4182.948095
4182.948092
4182.948094
4182.948097
4182.948098
4182.948099
4182.9481
4182.948102
4182.948101
4182.948102
4182.948103
4182.948104
4182.948103
4182.948103
4182.948103
4182.948104
4182.948097
4182.948095
4182.948095
4182.948096
4182.948097
4182.948097
4182.948098
4182.948098
4182.948098
4182.948098
4182.948098
4182.948098
4182.948097
4182.948096
4182.948092
4182.94809
4182.948095
4182.948098
4182.948099
4182.9481
4182.948103
4182.948102
4182.948102
4182.948103
4182.948104
4182.948104
4182.948103
4182.948103
4182.948104
4182.948104
4182.948104
4182.948104
4182.948105
4182.948104
4182.948097
4182.948096
4182.948096
4182.948097
4182.948097
4182.948097
4182.948098
4182.948098
4182.948098
4182.948098
4182.948098
4182.948098
4182.948097
4182.948098
4182.948098
4182.948098
4182.948097
4182.948098
4182.9481
4182.9481
4182.948101
4182.948102
4182.948103
4182.948103
4182.948103
4182.948103
4182.948103
4182.948103
4182.948104
4182.948104
4182.948104
4182.948103
4182.948105
4182.948105
4182.948097
4182.948096
4182.948096
4182.948098
4182.948098
4182.948098
4182.948097
4182.948097
4182.948098
4182.948098
4182.948098
4182.948098
4182.948094
4182.948096
4182.948098
4182.948098
4182.948099
4182.948099
4182.9481
4182.9481
4182.948101
4182.948101
4182.948102
4182.948102
4182.948103
4182.948103
4182.948103
4182.948103
4182.948104
4182.948104
4182.948104
4182.948104
4182.948103
4182.948103
4182.948098
4182.948097
4182.948097
4182.948098
4182.948098
4182.948098
4182.948097
4182.948096
4182.948097
4182.948097
4182.948097
4182.948097
4182.948094
4182.948096
4182.948098
4182.948099
4182.948099
4182.9481
4182.9481
4182.9481
4182.9481
4182.948101
4182.948101
4182.948101
4182.948102
4182.948103
4182.948103
4182.948103
4182.948103
4182.948103
4182.948103
4182.948102
4182.948102
4182.948098
4182.948097
4182.948098
4182.948098
4182.948098
4182.948098
4182.948098
4182.948098
4182.948098
4182.948098
4182.948098
4182.948097
4182.948095
4182.948096
4182.948098
4182.948099
4182.9481
4182.9481
4182.9481
4182.9481
4182.9481
4182.9481
4182.9481
4182.9481
4182.948101
4182.948102
4182.948103
4182.948103
4182.948103
4182.948103
4182.948102
4182.948102
4182.948098
4182.948098
4182.948098
4182.948098
4182.948098
4182.948098
4182.948098
4182.948098
4182.948098
4182.948098
4182.948098
4182.948098
4182.948095
4182.948092
4182.948096
4182.948098
4182.9481
4182.9481
4182.9481
4182.948101
4182.9481
4182.9481
4182.9481
4182.9481
4182.948101
4182.948102
4182.948103
4182.948102
4182.948102
4182.948102
4182.948101
4182.9481
4182.948098
4182.948098
4182.948098
4182.948099
4182.948099
4182.948098
4182.948098
4182.948098
4182.948098
4182.948098
4182.948098
4182.948098
4182.948098
4182.948097
4182.948096
4182.948094
4182.948095
4182.948099
4182.948101
4182.948101
4182.948101
4182.9481
4182.9481
4182.9481
4182.948101
4182.948101
4182.948102
4182.948102
4182.948102
4182.948101
4182.9481
4182.9481
4182.948098
4182.948098
4182.948098
4182.948098
4182.948098
4182.948098
4182.948098
4182.948091
4182.94809
4182.948086
4182.948085
4182.948085
4182.948085
4182.948086
4182.948086
4182.948088
4182.948093
4182.948098
4182.948101
4182.948101
4182.948101
4182.948101
4182.948101
4182.948101
4182.948101
4182.948101
4182.948101
4182.948102
4182.948102
4182.948101
4182.9481
4182.948098
4182.948098
4182.948098
4182.948098
4182.948098
4182.948098
4182.948098
4182.948069
4182.948059
4182.948045
4182.948032
4182.94803
4182.948045
4182.948063
4182.948075
4182.948085
4182.948095
4182.948099
4182.948101
4182.948101
4182.948101
4182.948101
4182.948101
4182.948101
4182.948101
4182.948101
4182.948101
4182.948102
4182.948102
4182.948101
4182.9481
4182.948098
4182.948098
4182.948098
4182.948098
4182.948098
4182.948098
4182.948097
4182.948087
4182.948082
4182.948075
4182.948054
4182.948006
4182.947831
4182.946162
4182.948053
4182.948081
4182.948093
4182.948098
4182.948101
4182.948101
4182.948101
4182.948102
4182.948102
4182.948102
4182.948102
4182.948102
4182.948102
4182.948102
4182.948102
4182.9481
4182.9481
4182.948098
4182.948098
4182.948098
4182.948098
4182.948098
4182.948098
4182.948097
4182.948097
4182.948097
4182.948095
4182.948073
4182.948047
4182.948001
4182.948036
4182.948042
4182.94803
4182.948062
4182.948081
4182.948092
4182.948098
4182.948101
4182.948101
4182.948101
4182.948102
4182.948102
4182.948102
4182.948103
4182.948103
4182.948102
4182.948102
4182.948102
4182.948098
4182.948099
4182.948098
4182.948098
4182.948098
4182.948098
4182.948098
4182.948098
4182.948098
4182.948097
4182.94808
4182.948062
4182.948043
4182.948051
4182.948034
4182.948025
4182.948047
4182.948063
4182.948074
4182.948084
4182.948096
4182.9481
4182.948102
4182.948102
4182.948102
4182.948102
4182.948105
4182.948104
4182.948104
4182.948104
4182.948105
4182.948099
4182.948101
4182.9481
4182.948099
4182.948099
4182.948099
4182.948099
4182.948099
4182.948098
4182.948096
4182.948083
4182.94807
4182.948058
4182.948055
4182.948038
4182.948046
4182.948064
4182.948079
4182.948091
4182.948098
4182.948102
4182.948102
4182.948103
4182.948103
4182.948102
4182.948103
4182.948103
4182.948104
4182.948106
4182.948106
4182.948107
4182.948099
4182.948102
4182.948102
4182.948102
4182.948101
4182.948101
4182.9481
4182.948099
4182.948097
4182.948095
4182.94809
4182.948092
4182.948095
4182.948097
4182.948098
4182.948099
4182.948097
4182.948087
4182.948094
4182.9481
4182.948102
4182.948103
4182.948103
4182.948103
4182.948102
4182.948103
4182.948103
4182.948104
4182.948105
4182.948107
4182.948107
4182.948099
4182.948103
4182.948103
4182.948103
4182.948102
4182.948101
4182.9481
4182.948098
4182.948097
4182.948095
4182.948093
4182.948094
4182.948096
4182.948098
4182.948099
4182.948099
4182.948098
4182.948098
4182.9481
4182.948102
4182.948103
4182.948103
4182.948103
4182.948103
4182.948103
4182.948103
4182.948103
4182.948102
4182.948103
4182.948107
4182.948112
4182.948099
4182.948102
4182.948102
4182.948101
4182.948101
4182.9481
4182.948099
4182.948098
4182.948097
4182.948096
4182.948094
4182.948096
4182.948097
4182.948097
4182.948098
4182.948098
4182.948098
4182.948099
4182.9481
4182.948101
4182.948101
4182.948102
4182.948102
4182.948101
4182.948102
4182.948097
4182.948088
4182.948102
4182.948102
4182.948102
4182.948106
4182.948098
4182.948097
4182.948097
4182.948098
4182.948099
4182.948099
4182.948099
4182.948098
4182.948098
4182.948097
4182.948096
4182.948097
4182.948098
4182.948098
4182.948099
4182.9481
4182.948101
4182.948101
4182.948101
4182.948101
4182.948101
4182.948101
4182.948101
4182.948097
4182.9481
4182.948099
4182.948099
4182.948103
4182.948102
4182.9481
4182.948103
4182.948098
4182.948097
4182.948097
4182.948097
4182.948098
4182.948099
4182.948099
4182.948098
4182.948098
4182.948097
4182.948097
4182.948098
4182.948098
4182.948098
4182.948098
4182.9481
4182.948101
4182.948101
4182.948101
4182.948101
4182.948101
4182.948101
4182.9481
4182.948098
4182.9481
4182.9481
4182.9481
4182.9481
4182.9481
4182.9481
4182.948102
4182.948098
4182.948097
4182.948097
4182.948097
4182.948097
4182.948098
4182.948099
4182.948099
4182.948098
4182.948098
4182.948097
4182.948098
4182.948098
4182.948098
4182.948098
4182.948099
4182.9481
4182.9481
4182.9481
4182.9481
4182.9481
4182.9481
4182.9481
4182.948099
4182.948101
4182.948101
4182.9481
4182.9481
4182.948099
4182.948099
4182.948101
4182.948098
4182.948097
4182.948097
4182.948097
4182.948097
4182.948097
4182.948099
4182.9481
4182.948099
4182.948098
4182.948098
4182.948098
4182.948098
4182.948098
4182.948098
4182.948099
4182.948099
4182.9481
4182.9481
4182.9481
4182.9481
4182.9481
4182.9481
4182.9481
4182.948101
4182.948101
4182.9481
4182.948099
4182.948099
4182.948099
4182.9481
4182.948098
4182.948097
4182.948097
4182.948097
4182.948097
4182.948097
4182.948098
4182.9481
4182.948099
4182.948098
4182.948098
4182.948098
4182.948098
4182.948098
4182.948099
4182.948099
4182.948099
4182.948099
4182.948099
4182.9481
4182.9481
4182.9481
4182.9481
4182.9481
4182.948102
4182.948102
4182.948099
4182.948099
4182.948098
4182.948099
4182.948098
4182.948098
4182.948097
4182.948097
4182.948097
4182.948097
4182.948097
4182.948098
4182.9481
4182.948099
4182.948099
4182.948098
4182.948098
4182.948098
4182.948098
4182.948098
4182.948098
4182.948099
4182.948099
4182.948099
4182.9481
4182.9481
4182.9481
4182.9481
4182.9481
4182.9481
4182.9481
4182.948096
4182.948099
4182.948099
4182.948099
4182.948099
4182.948098
4182.948097
4182.948097
4182.948097
4182.948097
4182.948097
4182.948097
4182.948098
4182.948099
4182.948099
4182.948098
4182.948098
4182.948098
4182.948098
4182.948098
4182.948098
4182.948098
4182.948098
4182.948099
4182.948099
4182.9481
4182.9481
4182.9481
4182.9481
4182.9481
4182.9481
4182.948098
4182.948099
4182.948099
4182.948099
4182.948099
4182.948098
4182.948097
4182.948097
4182.948097
4182.948097
4182.948097
4182.948097
4182.948097
4182.948098
4182.948099
4182.948098
4182.948098
4182.948098
4182.948098
4182.948097
4182.948097
4182.948098
4182.948098
4182.948099
4182.948099
4182.9481
4182.9481
4182.9481
4182.9481
4182.9481
4182.9481
4182.948099
4182.948099
4182.948099
4182.948099
4182.948098
4182.948098
4182.948097
4182.948097
4182.948097
4182.948097
4182.948097
4182.948097
4182.948097
4182.948098
4182.948099
4182.948098
4182.948098
4182.948098
4182.948097
4182.948095
4182.948097
4182.948098
4182.948099
4182.948099
4182.948099
4182.9481
4182.9481
4182.9481
4182.9481
4182.948099
4182.948099
4182.948099
4182.948099
4182.948099
4182.948099
4182.948086
4182.948098
4182.948097
4182.948097
4182.948097
4182.948097
4182.948097
4182.948097
4182.948097
4182.948098
4182.948098
4182.948098
4182.948098
4182.948097
4182.948097
4182.948095
4182.948096
4182.948098
4182.948099
4182.948099
4182.948099
4182.9481
4182.9481
4182.9481
4182.948099
4182.948099
4182.948099
4182.948099
4182.948099
4182.948099
4182.948097
4182.948066
4182.948098
4182.948097
4182.948097
4182.948097
4182.948097
4182.948097
4182.948097
4182.948097
4182.948097
4182.948098
4182.948098
4182.948097
4182.948097
4182.948097
4182.948095
4182.948096
4182.948097
4182.948098
4182.948099
4182.948099
4182.948099
4182.948099
4182.948099
4182.948099
4182.948099
4182.948099
4182.948099
4182.948099
4182.948098
4182.948095
4182.948083
4182.948097
4182.948097
4182.948097
4182.948097
4182.948097
4182.948097
4182.948097
4182.948097
4182.948097
4182.948098
4182.948098
4182.948098
4182.948097
4182.948097
4182.948096
4182.948095
4182.948096
4182.948097
4182.948098
4182.948098
4182.948099
4182.948099
4182.948099
4182.948099
4182.948099
4182.948099
4182.948099
4182.948099
4182.948098
4182.948097
4182.948098
4182.948097
4182.948097
4182.948097
4182.948097
4182.948097
4182.948097
4182.948097
4182.948097
4182.948097
4182.948098
4182.948098
4182.948098
4182.948098
4182.948097
4182.948097
4182.948096
4182.948095
4182.948096
4182.948097
4182.948097
4182.948098
4182.948099
4182.948099
4182.948099
4182.948099
4182.948099
4182.948099
4182.948099
4182.948098
4182.948097
4182.945918
4182.948097
4182.948097
4182.948097
4182.948097
4182.948097
4182.948097
4182.948097
4182.948097
4182.948097
4182.948098
4182.948098
4182.948098
4182.948098
4182.948098
4182.948097
4182.948097
4182.948096
4182.948097
4182.948097
4182.948097
4182.948098
4182.948098
4182.948098
4182.948098
4182.948098
4182.948099
4182.948098
4182.948098
4182.948098
4182.948097
4182.945518
4182.948097
4182.948097
4182.948097
4182.948098
4182.948098
4182.948098
4182.948098
4182.948097
4182.948097
4182.948098
4182.948098
4182.948098
4182.948098
4182.948098
4182.948098
4182.948097
4182.948097
4182.948097
4182.948097
4182.948098
4182.948098
4182.948098
4182.948098
4182.948098
4182.948098
4182.948098
4182.948098
4182.948098
4182.948098
4182.948098
4182.945547
4182.948097
4182.948097
4182.948098
4182.948098
4182.948098
4182.948098
4182.948098
4182.948098
4182.948098
4182.948098
4182.948098
4182.948098
4182.948098
4182.948098
4182.948098
4182.948098
4182.948098
4182.948098
4182.948098
4182.948098
4182.948098
4182.948098
4182.948098
4182.948098
4182.948098
4182.948098
4182.948098
4182.948098
4182.948098
4182.948098
4182.948098
)
;

boundaryField
{
    walls
    {
        type            zeroGradient;
    }
    wallFilmFace_top
    {
        type            zeroGradient;
    }
    region0_to_wallFilmRegion_wallFilmFace
    {
        type            zeroGradient;
    }
    mirrorFace_top
    {
        type            zeroGradient;
    }
    region0_to_wallFilmRegion_mirrorFace
    {
        type            zeroGradient;
    }
    procBoundary1to0
    {
        type            processor;
        value           nonuniform List<scalar> 
52
(
4182.948098
4182.948097
4182.948098
4182.948098
4182.948098
4182.948098
4182.948098
4182.948097
4182.948097
4182.948096
4182.948097
4182.948097
4182.948098
4182.948098
4182.948098
4182.948098
4182.948098
4182.948098
4182.948098
4182.948098
4182.948098
4182.948098
4182.946243
4182.947711
4182.947711
4182.948095
4182.948099
4182.9481
4182.948101
4182.948101
4182.948101
4182.948101
4182.948101
4182.948101
4182.948103
4182.948103
4182.948101
4182.948102
4182.948102
4182.948102
4182.948101
4182.948101
4182.948102
4182.948103
4182.948104
4182.948104
4182.948104
4182.948104
4182.948104
4182.948104
4182.948103
4182.948104
)
;
    }
    procBoundary1to2
    {
        type            processor;
        value           nonuniform List<scalar> 
33
(
4182.948102
4182.948102
4182.948102
4182.948102
4182.948102
4182.9481
4182.948099
4182.948099
4182.948099
4182.948099
4182.948101
4182.948101
4182.948102
4182.948102
4182.9481
4182.948107
4182.948103
4182.948102
4182.948102
4182.948102
4182.948099
4182.948098
4182.9481
4182.9481
4182.948099
4182.948098
4182.948097
4182.948097
4182.948097
4182.9478
4182.94785
4182.947717
4182.948098
)
;
    }
}


// ************************************************************************* //
