/*--------------------------------*- C++ -*----------------------------------*\
  =========                 |
  \\      /  F ield         | OpenFOAM: The Open Source CFD Toolbox
   \\    /   O peration     | Website:  https://openfoam.org
    \\  /    A nd           | Version:  8
     \\/     M anipulation  |
\*---------------------------------------------------------------------------*/
FoamFile
{
    version     2.0;
    format      ascii;
    class       volVectorField;
    location    "1.5/wallFilmRegion";
    object      U;
}
// * * * * * * * * * * * * * * * * * * * * * * * * * * * * * * * * * * * * * //

dimensions      [0 1 -1 0 0 0 0];

internalField   nonuniform List<vector> 
1369
(
(0.07175814858 0.05074786837 0)
(0.08405681169 -0.009277113236 0)
(0.01110877671 -0.09084907559 0)
(-0.05372765592 -0.1275066409 0)
(-0.0870375907 -0.2209586219 0)
(-0.08035538437 -0.3068557726 0)
(-0.101331936 -0.3448855864 0)
(-0.1292958231 -0.3384546802 0)
(-0.1619459911 -0.2979763056 0)
(-0.2070016596 -0.220269555 0)
(-0.3378901095 -0.1161905242 0)
(-0.7315143551 -0.1320110768 0)
(-0.8139089699 -0.3393617722 0)
(-0.7707732818 -0.3708455254 0)
(-0.7213132148 -0.3728359288 0)
(-0.7095599729 -0.3784062725 0)
(-0.7295698651 -0.3949559238 0)
(-0.7438008181 -0.4219058975 0)
(-0.6955094666 -0.4424460931 0)
(-0.5657986872 -0.4383358621 0)
(-0.4162224877 -0.418503482 0)
(-0.289707195 -0.3939589886 0)
(-0.2037838922 -0.3684533728 0)
(-0.1675404327 -0.3453603115 0)
(-0.1739748586 -0.3227795687 0)
(-0.223667458 -0.3002599951 0)
(-0.3259654024 -0.2791672294 0)
(-0.5089988952 -0.2588441722 0)
(-0.7947307791 -0.2622549661 0)
(-1.124568498 -0.264752472 0)
(-1.340416347 -0.1965391875 0)
(-1.43745991 0.09144364923 0)
(-0.9905685474 0.2227534711 0)
(-0.7091135598 0.3222667518 0)
(-0.516182012 0.3171631742 0)
(-0.4871143572 0.2499658492 0)
(-0.5624731439 0.2347541954 0)
(-0.6731043703 0.2617359241 0)
(-0.8024528068 0.2861589451 0)
(-0.9863409404 0.2814354419 0)
(-1.053596959 0.3177402417 0)
(-1.079954027 0.3309783175 0)
(-1.054831932 0.3333541947 0)
(-0.9854267507 0.3444683284 0)
(-0.9119137815 0.3620050081 0)
(-0.8505608694 0.3828349164 0)
(-0.8022908059 0.4037877087 0)
(-0.7753379116 0.4074608902 0)
(-0.7482916417 0.2752392273 0)
(-0.3995020338 0.1555522271 0)
(-0.3337158052 0.2679571173 0)
(-0.2981602687 0.3102098434 0)
(-0.2518946224 0.330767598 0)
(-0.19020167 0.337171047 0)
(-0.1142465944 0.320062573 0)
(-0.0774999702 0.2252145226 0)
(-0.06499888979 0.1116998248 0)
(-0.004151202595 0.04418664365 0)
(0.05572128273 0.05155212197 0)
(0.0466210406 0.03616400822 0)
(-0.08729714917 0.04982625573 0)
(0.063694436 0.1274989208 0)
(0.1178340743 0.1611302723 0)
(0.1616060435 0.1508234927 0)
(0.1826381493 0.09965601228 0)
(0.1613621216 -0.1918708558 0)
(0.1689626527 -0.2848636967 0)
(0.2075360392 -0.2660447067 0)
(0.2354019721 -0.1981278923 0)
(0.155801735 -0.04656459727 0)
(0.3291666408 -0.02393938739 0)
(0.6318722798 -0.2012651971 0)
(-0.5717141767 -0.8601040285 0)
(-0.4603734516 -0.8938557255 0)
(-0.1059929314 -0.8569249071 0)
(0.3969721263 -0.7999709618 0)
(0.7367734747 -0.7305825926 0)
(0.5831129015 -0.6452398056 0)
(0.2732892925 -0.5491203819 0)
(0.1559391936 -0.46379267 0)
(0.2001600892 -0.4708230853 0)
(0.2303119672 -0.4549938651 0)
(0.2265755828 -0.42144488 0)
(0.198296509 -0.3774900911 0)
(0.1740181576 -0.3401982327 0)
(0.2332924294 -0.3887001022 0)
(0.3008940958 -0.4588129945 0)
(-0.373292563 -0.6464605418 0)
(-0.9533818865 -0.6730618133 0)
(-1.151660156 -0.4725984616 0)
(-1.300535857 -0.2471468519 0)
(-1.431179607 0.09766267096 0)
(-0.7965816354 0.302695081 0)
(-0.4804152634 0.3557715591 0)
(-0.2667617513 0.3707476756 0)
(-0.1454125953 0.3332275604 0)
(0.3682856401 0.2073145392 0)
(0.6890766864 0.1692099428 0)
(0.8221979698 0.2323623073 0)
(-1.196082917 0.1572961116 0)
(-1.123551704 0.3199956466 0)
(-0.90335882 0.494820228 0)
(0.1596588008 0.4678900732 0)
(0.9939121997 0.3746592921 0)
(0.9283735506 0.3851395351 0)
(0.8657335934 0.4365950858 0)
(0.8171810689 0.5039129587 0)
(0.3088846181 0.59720851 0)
(-0.08290380898 -0.05139854346 0)
(-0.07579402858 -0.06467944402 0)
(0.1802346233 0.156201384 0)
(0.3414279168 0.2216847903 0)
(0.2963806574 0.2531449684 0)
(0.2283545517 0.2467617513 0)
(0.06176960971 0.005810934715 0)
(-0.005711113482 -0.1758552044 0)
(0.06974578593 -0.1768920084 0)
(0.1152718746 -0.1447569977 0)
(0.08430552812 -0.1186146374 0)
(0.0150619242 -0.09296976056 0)
(-0.1509441748 -0.01332421393 0)
(0.03876056218 0.116340736 0)
(0.06056079829 0.1443980803 0)
(0.07121060462 0.180143808 0)
(0.1124182985 0.1791727147 0)
(0.08398806698 0.1355012891 0)
(0.04039914594 0.002294766912 0)
(-0.03855077242 -0.1065501797 0)
(-0.0704339278 -0.1185086396 0)
(-0.1808037921 0.04556394824 0)
(-0.1875672995 0.117141719 0)
(-0.2118439228 0.08030624828 0)
(-0.7587514777 -0.7267803371 0)
(-0.914618701 -0.9161042703 0)
(-0.9913965748 -0.8637146419 0)
(-0.9878204706 -0.7889501311 0)
(-0.9495101401 -0.7194788662 0)
(-0.9052049588 -0.6569090302 0)
(-0.8662876674 -0.6004044961 0)
(-0.8546284036 -0.5537459279 0)
(-0.8918697828 -0.5111080033 0)
(-0.9904551514 -0.4542720387 0)
(-1.126556506 -0.3575421269 0)
(-0.9450786048 0.3676037597 0)
(-0.9757304881 0.2400184272 0)
(-0.2793040857 -0.1442243359 0)
(-0.2675059188 -0.149831859 0)
(-0.55641833 -0.7688326573 0)
(-1.051550956 -0.7581526838 0)
(-1.187922226 -0.5093056597 0)
(-1.283525092 -0.2785310687 0)
(-1.349901205 0.07396165323 0)
(-0.7641510122 0.3503569712 0)
(-0.4367321855 0.3814526396 0)
(-0.2705778338 0.3781081848 0)
(-0.2823013329 0.3362866515 0)
(-0.3279265836 0.1885588156 0)
(-0.4468345375 0.104366775 0)
(-0.376892832 0.1505181372 0)
(-1.212247718 0.168773614 0)
(-1.227141439 0.3750052993 0)
(-1.105244309 0.5936473862 0)
(-0.7535514625 0.6685681935 0)
(-0.270765468 0.5681277839 0)
(0.3318623487 0.465653411 0)
(0.1935570134 0.357688119 0)
(-0.2652786257 0.4521760176 0)
(-0.847592188 0.5474585798 0)
(-0.4158401066 -0.1673729334 0)
(-0.2622178395 -0.1361170479 0)
(-0.146840765 -0.06019771137 0)
(-0.01860212978 0.1396758861 0)
(0.01698075666 0.08571210017 0)
(0.004782661377 0.0225906855 0)
(-0.02127313801 -0.08841955877 0)
(0.05539231663 -0.1396719256 0)
(0.1078815625 -0.162171376 0)
(0.1007865 -0.149857049 0)
(0.1141553034 -0.1110042955 0)
(-0.01859231572 -0.01313137363 0)
(-0.2420124327 -0.04994344351 0)
(-0.1435024316 0.1490086859 0)
(-0.02170175557 0.1182999034 0)
(0.0660042214 0.1556441835 0)
(0.1205520773 0.1814737185 0)
(0.1305818598 0.1858327148 0)
(0.1264261863 0.1463066014 0)
(0.09693144642 0.1387139882 0)
(0.01301808557 0.0599950212 0)
(-0.02490298936 0.09009195022 0)
(-0.07574044961 0.1512112999 0)
(-0.259883446 -0.2282404291 0)
(-0.6510864503 -0.937121258 0)
(-0.8211275402 -0.9441902947 0)
(-0.9387814278 -0.8971570337 0)
(-0.9506752463 -0.8050861696 0)
(-0.8947512495 -0.7077483003 0)
(-0.8273945951 -0.6292502389 0)
(-0.7607991578 -0.568973797 0)
(-0.7142989845 -0.5283623056 0)
(-0.7213878344 -0.5053926527 0)
(-0.8341618265 -0.476010985 0)
(-1.073471307 -0.3606293134 0)
(-0.9373030893 0.3928295882 0)
(-0.853275887 0.5470668315 0)
(-0.418187465 0.5815708386 0)
(-0.4641476364 -0.1208570776 0)
(-0.4907831277 -0.8510520308 0)
(-1.076280534 -0.8285326829 0)
(-1.16527206 -0.5422709687 0)
(-1.199207356 -0.2948618496 0)
(-1.216585803 0.06710722679 0)
(-0.8207473965 0.378178405 0)
(-0.4758291842 0.408853078 0)
(-0.4149514462 0.4270083061 0)
(-0.4588838137 0.343269256 0)
(-0.3775840903 -0.3131995377 0)
(-0.2828408008 -0.5191337617 0)
(-0.2836734435 -0.2935621951 0)
(-1.220444688 0.1895791186 0)
(-1.1283179 0.4436808227 0)
(-1.042506801 0.7033459031 0)
(-0.9232997569 0.8820358638 0)
(-0.775920005 0.8086778034 0)
(-0.6698894491 0.6436227656 0)
(-0.722201395 0.5071320635 0)
(-1.081375596 0.4913146428 0)
(-1.27674757 0.6383923583 0)
(-0.6949823836 -0.06832588182 0)
(-0.1792817111 -0.1633566268 0)
(-0.0693755785 -0.1253992861 0)
(-0.06654816416 -0.04768876603 0)
(-0.001047892272 -0.1397309083 0)
(0.07358978047 -0.1436681106 0)
(0.1243545594 -0.1651716873 0)
(0.1392383471 -0.1690498923 0)
(0.1423560079 -0.1523156006 0)
(0.1177812559 -0.09300627888 0)
(0.0970839519 -0.04761362507 0)
(-0.1485379702 0.005355820968 0)
(-0.2753266812 -0.09134675977 0)
(-0.2294838131 0.1757232839 0)
(-0.134614385 0.1019943428 0)
(-0.006485545707 0.1208904295 0)
(0.08496561276 0.1608225207 0)
(0.1209638874 0.1833216709 0)
(0.1235968017 0.1725616805 0)
(0.08841281029 0.1689103226 0)
(0.02581487126 0.1309739035 0)
(-0.01341197333 0.131018716 0)
(-0.06833093188 0.1676195011 0)
(-0.391242783 -0.5161299904 0)
(-0.5741441597 -0.9690755696 0)
(-0.75287765 -0.9757668276 0)
(-0.9010562589 -0.9333593207 0)
(-0.9321606442 -0.8298027556 0)
(-0.8670191978 -0.707929021 0)
(-0.7788757947 -0.6091948164 0)
(-0.6830902169 -0.5348997793 0)
(-0.6041843302 -0.4878303107 0)
(-0.5772311104 -0.4676449702 0)
(-0.6654681528 -0.4618150786 0)
(-1.009802903 -0.3581057085 0)
(-0.7451910696 0.3761826934 0)
(-0.684512522 0.5095970683 0)
(-0.6518548187 0.5710036322 0)
(-0.3742890228 -0.5306835467 0)
(-0.3584454102 -0.8254966698 0)
(-0.9885592768 -0.9083674554 0)
(-1.062543769 -0.5911665679 0)
(-1.075901925 -0.3176302711 0)
(-1.02817659 0.06119947547 0)
(-0.8619250489 0.2396728546 0)
(-0.8669852153 0.4197774524 0)
(-0.7854582566 0.4441858117 0)
(-0.545678924 -0.157279858 0)
(-0.3274557919 -0.7686578792 0)
(-0.3147113696 -0.700010269 0)
(-0.3636703474 -0.5078232202 0)
(-0.9717230716 0.2026727891 0)
(-0.9168057229 0.4643161899 0)
(-0.877469264 0.7372880071 0)
(-0.8168371024 0.9513331736 0)
(-0.7325328752 0.9373421952 0)
(-0.6784701731 0.8103743637 0)
(-0.6987936412 0.6771682035 0)
(-1.059206781 0.5683701896 0)
(-1.257974213 0.683912715 0)
(-1.241117206 0.4147181649 0)
(-0.1588277722 -0.1869013286 0)
(-0.07119911104 -0.117590978 0)
(-0.1017234194 -0.07237522671 0)
(0.01986620299 -0.1582270042 0)
(0.06678064824 -0.1663668203 0)
(0.1188105243 -0.1776308693 0)
(0.1414817851 -0.155259706 0)
(0.1332439497 -0.1294080886 0)
(0.07144710415 -0.02741353041 0)
(-0.1190042466 -0.05620473103 0)
(-0.2726322377 0.007244809468 0)
(-0.2925905119 -0.1269325487 0)
(-0.2444432137 0.203913049 0)
(-0.1633532833 0.09951854134 0)
(-0.02312617868 0.09117061349 0)
(0.07851060701 0.1226054546 0)
(0.1156256128 0.151006648 0)
(0.1204166165 0.1547283306 0)
(0.1041485725 0.1616954423 0)
(0.08300721338 0.1416064827 0)
(0.08083543105 0.1466035583 0)
(0.02818480585 0.1547722608 0)
(-0.3984771839 -0.6045062896 0)
(-0.5451791318 -1.006461632 0)
(-0.7035501372 -1.020690505 0)
(-0.8642352172 -0.9936179973 0)
(-0.9224189083 -0.8861532753 0)
(-0.8536439811 -0.7337487103 0)
(-0.7421291466 -0.605584544 0)
(-0.6066689896 -0.5082183598 0)
(-0.4838810441 -0.4471419158 0)
(-0.4108819141 -0.4209071304 0)
(-0.4209399327 -0.4236647036 0)
(-0.9307853412 -0.3529764774 0)
(-0.4899948543 0.2289713134 0)
(-0.498432983 0.3943225735 0)
(-0.5355486888 0.420630416 0)
(-0.3703496549 -0.531907226 0)
(-0.2528141578 -0.6252660652 0)
(-0.843077656 -1.01422673 0)
(-0.9317692548 -0.6778242664 0)
(-0.9348464247 -0.3516536462 0)
(-0.7369097148 0.04548345041 0)
(-0.5755973129 -0.04516400878 0)
(-0.604004823 -0.03955936706 0)
(-0.4878313186 -0.4131200373 0)
(-0.3728692727 -0.830796582 0)
(-0.3390571974 -0.9455238319 0)
(-0.3588674598 -0.8325581714 0)
(-0.3936990806 -0.599623025 0)
(-0.6633196652 0.2092568747 0)
(-0.7352613332 0.3627096088 0)
(-0.7306450233 0.637746992 0)
(-0.711649201 0.8627399554 0)
(-0.6836695263 0.8807643803 0)
(-0.6322989503 0.8394815226 0)
(-0.6730792635 0.7274110471 0)
(-1.063197544 0.6147942793 0)
(-1.214798671 0.7264465258 0)
(-1.180734513 0.8167910699 0)
(-0.1187065089 -0.141887136 0)
(-0.006911081605 -0.0917813399 0)
(-0.03774953416 -0.1038414664 0)
(-0.04199445834 -0.1023755071 0)
(0.07402314193 -0.1623484839 0)
(0.1325175449 -0.1450507462 0)
(0.1469050191 -0.1266691886 0)
(0.1044022875 -0.08681759634 0)
(-0.06246084999 -0.04908300362 0)
(-0.2317604167 -0.1302283371 0)
(-0.3114232581 0.0204547837 0)
(-0.2948874517 -0.1589633046 0)
(-0.2290710451 0.2287808852 0)
(-0.1465921128 0.06311291134 0)
(-0.03394171188 0.03597092415 0)
(0.06900860021 0.06103943793 0)
(0.1055361325 0.09995570971 0)
(0.1146408372 0.1150768859 0)
(0.1102885522 0.1340639504 0)
(0.1010548246 0.1240947569 0)
(0.07467768129 0.1180877068 0)
(0.06236019829 0.1019467697 0)
(-0.5239905233 -0.443045532 0)
(-0.603276882 -1.063179528 0)
(-0.7100990968 -1.085454598 0)
(-0.8389953998 -1.077774313 0)
(-0.9132546214 -0.9791314873 0)
(-0.8547247403 -0.7967769928 0)
(-0.724565339 -0.6303241096 0)
(-0.537078899 -0.4983672172 0)
(-0.3556408911 -0.4156332145 0)
(-0.2338479858 -0.3801041603 0)
(-0.1047420464 -0.3601882707 0)
(0.8702150614 -0.3189394253 0)
(-0.4839151467 0.04183899168 0)
(-0.4451647377 0.2569053336 0)
(-0.4997354953 0.4477765633 0)
(-0.5805813008 0.5841334925 0)
(-0.1477211203 -0.1274929949 0)
(0.6107773287 -0.412230738 0)
(0.8549852052 -0.3383001986 0)
(0.906251155 -0.1903606816 0)
(0.2978208497 -0.1030687429 0)
(-0.4669600121 -0.249034535 0)
(-0.5176845658 -0.3305761617 0)
(-0.4868869794 -0.4358537634 0)
(-0.532963596 -0.4127947019 0)
(-0.4991719978 -0.3222076875 0)
(-0.4275844654 -0.1695803181 0)
(-0.4367188378 0.08287844794 0)
(0.5695202294 0.06548162182 0)
(-0.6374296166 -0.5608913184 0)
(-0.5835689857 -0.4526204167 0)
(-0.5372360051 -0.4007607343 0)
(-0.5078190932 -0.4259067025 0)
(-0.5294632023 -0.2780943224 0)
(-1.138776638 0.4094196498 0)
(-1.200608942 0.6628209628 0)
(-1.152679289 0.7717253568 0)
(-1.105704436 0.8423818067 0)
(-1.073277689 0.9116499354 0)
(0.04403199818 -0.1363620462 0)
(0.01775761853 -0.101592753 0)
(0.03177192582 -0.06036425524 0)
(-0.01499125227 0.003794550155 0)
(0.08256925025 -0.08732901752 0)
(0.1153259944 -0.08129657069 0)
(0.07441168673 -0.04076869878 0)
(-0.1384989263 -0.03520345599 0)
(-0.2243104557 -0.1409282932 0)
(-0.3035053838 0.02786398437 0)
(-0.2854664725 -0.1891167865 0)
(-0.1984020619 0.2516393591 0)
(-0.09060800976 0.0117786828 0)
(0.04157217536 -0.04062533023 0)
(0.07412802783 -0.0163983216 0)
(0.1103946042 0.04876859327 0)
(0.1212785005 0.07207129655 0)
(0.1261260726 0.1008030026 0)
(0.1240957759 0.08193925524 0)
(0.09685746691 0.1176911507 0)
(-0.1283641093 -0.1712248349 0)
(-0.8630492718 -0.8464019816 0)
(-0.7840208156 -1.155503589 0)
(-0.8129424825 -1.188575079 0)
(-0.851914084 -1.190926425 0)
(-0.8901492979 -1.105408724 0)
(-0.8617418222 -0.9078415844 0)
(-0.7360062036 -0.6979282951 0)
(-0.4839560535 -0.5110240084 0)
(-0.2165163298 -0.3939873473 0)
(-0.04064338527 -0.3622970003 0)
(0.2057042033 -0.34006718 0)
(0.60394 -0.2185251667 0)
(-0.5609200057 -0.04340909279 0)
(-0.5088234961 0.1935973575 0)
(-0.540591005 0.4312070969 0)
(-0.6142550942 0.6421131392 0)
(-0.7099293689 0.331382272 0)
(0.6825874605 -0.33033325 0)
(0.9092089534 -0.2558777728 0)
(0.9339567128 -0.1473157906 0)
(0.5249294494 -0.09139805335 0)
(-0.4244027017 -0.2925121432 0)
(-0.4788905738 -0.4015283041 0)
(-0.5136013728 -0.5165757786 0)
(-0.5396222296 -0.5437256398 0)
(-0.4138903274 -0.4922931426 0)
(-0.1120577831 -0.3681511466 0)
(0.4693815439 -0.147000415 0)
(0.8197446231 0.04847818941 0)
(-0.7294237935 -0.7116459901 0)
(-0.7237541319 -0.6418134242 0)
(-0.7151686317 -0.5741841922 0)
(-0.7074916347 -0.5150603947 0)
(-0.6938423761 -0.4285957051 0)
(-1.194854063 0.5546965989 0)
(-1.131345224 0.7210939045 0)
(-1.068989947 0.7981724848 0)
(-1.027940574 0.8599971165 0)
(-1.001298635 0.9208188642 0)
(-0.9897743101 0.9937941053 0)
(0.1265262708 0.04537324778 0)
(0.1474997374 0.04163957067 0)
(0.06839285268 -0.02225150904 0)
(0.1003928801 0.02567664731 0)
(0.05640793235 0.0616499732 0)
(0.0253422215 0.0843418704 0)
(-0.1276437371 0.03749542205 0)
(-0.1759739703 -0.1168116189 0)
(-0.2708597692 0.03397970823 0)
(-0.2630434398 -0.2195852986 0)
(-0.1471550345 0.2693826621 0)
(-0.06371976987 -0.03435315744 0)
(0.03557056031 -0.0755339073 0)
(0.06089213031 -0.07215223801 0)
(0.08618078584 -0.01511205638 0)
(0.08837485179 0.02974222964 0)
(0.08682739415 0.07171849944 0)
(0.0651696196 0.05516014977 0)
(0.1318556444 0.08014510072 0)
(-0.1874410815 0.1436165064 0)
(-1.035309307 -1.011823571 0)
(-0.8361888869 -1.163287484 0)
(-0.8259581425 -1.207586223 0)
(-0.8052317488 -1.233267211 0)
(-0.8289735261 -1.2208218 0)
(-0.8481454457 -1.066285289 0)
(-0.7854077616 -0.8306132876 0)
(-0.4715694205 -0.5478794417 0)
(-0.07593107787 -0.3525963082 0)
(0.19608304 -0.2696936117 0)
(0.3910782131 -0.2401646536 0)
(0.4614261213 -0.1702159354 0)
(-0.6042181307 -0.1035851837 0)
(-0.58695681 0.1913675488 0)
(-0.6348620826 0.5311324969 0)
(-0.6906217071 0.8019543248 0)
(-0.6040477023 0.7717018464 0)
(0.6861346359 -0.2034199812 0)
(0.9420151158 -0.2182778535 0)
(0.9748314746 -0.1271361658 0)
(0.7630018845 -0.07020835337 0)
(-0.3146798864 -0.3267920731 0)
(-0.3865458174 -0.4188794133 0)
(-0.5114418663 -0.5163369902 0)
(-0.5042572642 -0.6378637756 0)
(-0.2831882348 -0.5936740595 0)
(0.1926613196 -0.4320675646 0)
(0.6940624582 -0.1744221153 0)
(1.007149983 0.02833644989 0)
(-0.736955762 -0.7732770746 0)
(-0.7735681488 -0.7683038448 0)
(-0.7933287433 -0.7131058779 0)
(-0.8181313393 -0.6526888401 0)
(-0.8896176169 -0.6317562408 0)
(-1.123561636 0.667002274 0)
(-1.026915674 0.7434223987 0)
(-0.9798796123 0.8075080721 0)
(-0.9526755132 0.8706468647 0)
(-0.9350735264 0.9365855876 0)
(-0.9192763781 1.009636402 0)
(-0.9440801737 1.065202583 0)
(-0.4450254224 0.9239927638 0)
(0.1043676534 0.1688968326 0)
(0.1201723949 0.1350282475 0)
(0.08898403485 0.1563100601 0)
(0.0744033808 0.1562495011 0)
(0.05529889933 0.1861625217 0)
(-0.07201940402 0.01662241185 0)
(-0.2125974733 0.04554041946 0)
(-0.2258104368 -0.2580259574 0)
(-0.00821960462 0.160471677 0)
(0.05479235484 -0.1690780841 0)
(0.08005588889 -0.1038080533 0)
(0.09001348288 -0.1172750894 0)
(0.09746109637 -0.1041736526 0)
(0.08265623757 -0.09763352846 0)
(0.06559094814 -0.07134519903 0)
(0.07811289537 -0.07972694609 0)
(0.07624283485 -0.08232979125 0)
(-1.174403599 0.1190392031 0)
(-1.14368859 -0.7991795406 0)
(-0.8847695567 -0.8361950701 0)
(-0.7979320258 -0.7856391929 0)
(-0.6844402667 -0.7234451743 0)
(-0.6567160524 -0.9240395672 0)
(-0.7568206669 -1.185661531 0)
(-0.7766024923 -1.025710141 0)
(-0.7095435292 -0.7731919115 0)
(-0.3250908758 -0.4502895584 0)
(0.1129674188 -0.233278344 0)
(0.2192772758 -0.1820772434 0)
(-0.01538625137 -0.1493370437 0)
(-0.6120558577 -0.1379378753 0)
(-0.6639794563 0.2293026937 0)
(-0.7145824269 0.7564205532 0)
(-0.7085610063 1.017945662 0)
(-0.5255537297 0.8959604967 0)
(0.8119479425 -0.1280539039 0)
(0.9669586856 -0.2011989129 0)
(0.9833387719 -0.1173987688 0)
(0.8360240057 -0.04772226028 0)
(-0.2143017643 -0.2785163898 0)
(-0.2781148688 -0.2788802507 0)
(-0.4879004033 -0.3267251904 0)
(-0.5080508795 -0.5673934702 0)
(-0.355683053 -0.5412080546 0)
(0.0653048672 -0.4263274133 0)
(0.6631777639 -0.2166225502 0)
(1.087216423 0.0273707617 0)
(-0.6625477309 -0.6472344267 0)
(-0.7204610715 -0.7027222369 0)
(-0.7266643787 -0.6421678528 0)
(-0.7155758369 -0.5067728312 0)
(-0.7464082793 -0.4709658658 0)
(-0.9412938518 0.6179831331 0)
(-0.9093441833 0.72346553 0)
(-0.8935643549 0.8040846705 0)
(-0.8821771642 0.8794936722 0)
(-0.8731330333 0.956649557 0)
(-0.8613068194 1.041668538 0)
(-0.9199948543 1.066891721 0)
(-1.012597916 1.010389633 0)
(-0.9243974322 0.9717952917 0)
(-0.5561914199 1.002702074 0)
(-0.2907898531 0.9749329672 0)
(-0.04514773373 0.4849245729 0)
(0.03782044284 0.3550607179 0)
(-0.04712611776 0.1075721534 0)
(-0.1306216179 0.0729720766 0)
(-0.2533261241 -0.3596323777 0)
(-0.2549471421 0.3615529858 0)
(-0.07700014369 -0.3142907084 0)
(-0.02757369505 -0.2735331681 0)
(-0.06892630993 -0.3108340363 0)
(-0.2716541979 -0.4875738828 0)
(-0.5260325456 -0.923333779 0)
(-0.3280787769 -0.9941912904 0)
(-0.09689208391 -0.9130568244 0)
(-0.7184037304 -0.8725049496 0)
(-1.322832608 -0.7997338254 0)
(-1.247655618 -0.6638765672 0)
(-0.9882062166 -0.5240998533 0)
(-0.7826283882 -0.3300712417 0)
(-0.563085495 -0.06738412369 0)
(-0.4030985353 -0.09683217367 0)
(-0.4529372103 -0.5057431945 0)
(-0.4556338564 -0.6602193706 0)
(-0.4628380069 -0.7034213143 0)
(-0.2926422131 -0.6649924984 0)
(0.162906815 -0.3255386598 0)
(0.02730377495 -0.2075408758 0)
(-0.5476534323 -0.1872739593 0)
(-0.5895132594 -0.1628303488 0)
(-0.5431235432 0.2493281929 0)
(-0.3839247686 0.6662597476 0)
(-0.3844760671 0.6512237428 0)
(-0.3048621522 0.5921931685 0)
(0.7576862313 -0.01929930559 0)
(0.9956832403 -0.1989309288 0)
(0.9953789667 -0.1173294921 0)
(0.8917815699 -0.02096738386 0)
(0.350709327 0.1076308731 0)
(-0.1671023012 -0.1268863042 0)
(-0.4749261311 -0.1581274662 0)
(-0.485071358 -0.3430137167 0)
(-0.4564684991 -0.3473188655 0)
(-0.2956090999 -0.3510108582 0)
(0.2451951755 -0.2348558645 0)
(0.8852931513 -0.03419642237 0)
(-0.5480998988 -0.3780862982 0)
(-0.6509120316 -0.4881994468 0)
(-0.6384528472 -0.4910585917 0)
(-0.5670127331 -0.2023900687 0)
(-0.481022955 -0.05328113391 0)
(-0.6674145103 0.4199486718 0)
(-0.7688061197 0.6574942891 0)
(-0.807536096 0.7943660138 0)
(-0.8135595017 0.8938657089 0)
(-0.8115404225 0.9883449655 0)
(-0.8028902542 1.089981159 0)
(-0.9353603401 1.052832421 0)
(-1.024954493 0.9524823056 0)
(-1.033305159 0.9096402853 0)
(-1.022266477 0.9277231349 0)
(-1.020414942 0.9867771146 0)
(-0.9686128259 1.023606442 0)
(-0.796596625 0.9252697095 0)
(-0.3638908176 0.01762740675 0)
(-0.162857214 0.07708837477 0)
(-0.2857585033 -0.3909519767 0)
(-0.4449282333 0.2301518576 0)
(-0.5919801728 -0.6500202691 0)
(-0.9608266592 -1.203026627 0)
(-0.9975739909 -1.096506481 0)
(-1.108230658 -1.047448943 0)
(-1.175916385 -1.002697777 0)
(-1.213636468 -0.9636714704 0)
(-1.248077164 -0.9252120256 0)
(-1.283906801 -0.8783368501 0)
(-1.308565305 -0.814399152 0)
(-1.164871596 -0.659410402 0)
(-0.9732748097 -0.4429677303 0)
(-0.7392658758 -0.1321649198 0)
(-0.5109762741 0.2329269466 0)
(-0.3185676595 0.1726624043 0)
(-0.2291714489 -0.1482470252 0)
(-0.1845289337 -0.2103512944 0)
(-0.05875598727 -0.1958803113 0)
(0.3788963982 -0.3268133185 0)
(0.5460452622 -0.3981107628 0)
(0.185628166 -0.2817217273 0)
(-0.5042884189 -0.190659022 0)
(-0.5640109126 -0.1673851227 0)
(0.3044124797 -0.26866646 0)
(0.2921429639 0.3106296969 0)
(0.2701296246 0.3482078002 0)
(0.2858322702 0.3409846179 0)
(0.6507830042 -0.01746628759 0)
(1.027882713 -0.2100110434 0)
(0.9939226263 -0.1375616432 0)
(0.8109219437 0.00646476458 0)
(0.3070053754 0.1477696721 0)
(0.13122879 -0.1173074838 0)
(-0.4693005983 -0.1196292731 0)
(-0.4534241715 -0.07920507102 0)
(-0.4071895396 -0.07043365851 0)
(-0.3462109893 -0.184962301 0)
(-0.2921482039 -0.1110902791 0)
(0.04817565713 -0.05013862351 0)
(-0.4158238162 -0.09891921639 0)
(-0.5714689595 -0.1680552066 0)
(-0.5916996841 -0.2879183003 0)
(-0.4970134959 0.1160725396 0)
(-0.3944493803 0.1587802267 0)
(-0.4060747138 0.2480442993 0)
(-0.5639127428 0.5224536698 0)
(-0.7055781443 0.7762152433 0)
(-0.7367046552 0.9216346615 0)
(-0.7407549982 1.041053341 0)
(-0.7365237851 1.162258579 0)
(-0.9774932215 0.9987077744 0)
(-1.00908049 0.8833927769 0)
(-0.9756513759 0.8659842069 0)
(-0.9645606126 0.9058319273 0)
(-0.9658815025 0.9673545344 0)
(-0.9609296183 1.030185999 0)
(-0.8993696615 0.9437435567 0)
(-0.503525777 0.13692803 0)
(-0.2584679457 0.0826395965 0)
(-1.143081534 -0.9783137548 0)
(-1.182739635 -0.9345170227 0)
(-1.235449865 -0.8859264178 0)
(-1.287823814 -0.8257973424 0)
(-1.050151393 -0.659069775 0)
(-0.9048378514 -0.2597280023 0)
(-0.6655806254 0.1856633345 0)
(-0.4885131103 0.4451440833 0)
(-0.2789731163 0.3415875648 0)
(-0.1548921729 0.07817204033 0)
(0.07914090218 -0.2034570418 0)
(0.2581444835 -0.2350648692 0)
(0.5388679651 -0.3340277463 0)
(0.7544482006 -0.3996111274 0)
(0.6668772646 -0.3484219494 0)
(0.5318943022 -0.3753010662 0)
(0.4131257418 -0.3643154803 0)
(0.3745163905 -0.3177293579 0)
(0.6424268983 0.04024514615 0)
(0.4903759739 0.211514286 0)
(0.5449517943 0.2067601798 0)
(0.3461369957 0.02849987943 0)
(0.9185605234 -0.1559942437 0)
(0.6987736465 -0.1553629534 0)
(0.242887596 -0.09850074256 0)
(0.1458722107 -0.0481944706 0)
(-0.1439961904 -0.1754154039 0)
(-0.5523413776 -0.09325638472 0)
(-0.45504139 0.07449915145 0)
(-0.3740060992 0.1119888753 0)
(-0.25572763 -0.09351590656 0)
(-0.1781138853 -0.002714480091 0)
(-0.2149231595 0.09934844185 0)
(-0.297949124 0.05094424537 0)
(-0.4577385191 0.06236282168 0)
(-0.5912307294 -0.03476128653 0)
(-0.5149026881 0.2724481456 0)
(-0.3931834072 0.2241299031 0)
(-0.3216273634 0.22883123 0)
(-0.3358808847 0.3798177536 0)
(-0.556821882 0.7549478855 0)
(-0.609828619 0.973364715 0)
(-0.630327666 1.120816784 0)
(-0.6440403575 1.252102103 0)
(-0.9894796203 0.9003828454 0)
(-0.9224975155 0.8174177054 0)
(-0.8798377228 0.8258075241 0)
(-0.8935356801 0.8818102671 0)
(-0.9201101098 0.9551184022 0)
(-0.9409522993 1.028798968 0)
(-0.8922792857 0.9667314649 0)
(-0.5848765398 0.2786505386 0)
(-0.3212700011 0.1016536782 0)
(-0.9176653267 -0.6823989524 0)
(-0.7651683115 0.1540816103 0)
(-0.5862217834 0.5226303563 0)
(-0.4446606073 0.5427933333 0)
(-0.217340742 0.448636211 0)
(-0.1088151659 0.1087801777 0)
(0.2400253362 -0.1328828659 0)
(0.4172893333 -0.2353992604 0)
(0.5635357599 -0.3538506094 0)
(0.7049612377 -0.395584306 0)
(0.6604764347 -0.3776593556 0)
(-0.1173085202 -0.4147335085 0)
(0.3595198669 -0.3500887441 0)
(-0.07131269434 -0.1546195684 0)
(-0.1168266198 -0.1093976253 0)
(-0.1202350853 -0.1153474722 0)
(-0.04729664137 -0.1193994927 0)
(0.02792914209 -0.09608289994 0)
(0.4865479577 -0.1187926677 0)
(0.4568527731 -0.1576501814 0)
(0.1050130896 -0.1568674087 0)
(0.03096514778 -0.1606397166 0)
(-0.2918864969 -0.246472995 0)
(-0.5679919212 -0.08549576974 0)
(-0.4463679114 0.07699339834 0)
(-0.3221429862 0.2051030857 0)
(-0.1779561542 -0.06372594363 0)
(-0.1285958861 0.02314942994 0)
(-0.2951018635 0.1581068083 0)
(-0.2352962132 0.05860854173 0)
(-0.3339573392 0.1279655973 0)
(-0.5054169698 0.1758149104 0)
(-0.5434092794 0.3059350055 0)
(-0.4125474298 0.2503596892 0)
(-0.2889698158 0.2404597211 0)
(-0.135627906 0.2873765743 0)
(0.3058033999 0.5319782784 0)
(0.2021318868 0.8089035317 0)
(-0.29996764 1.015893649 0)
(-0.4259181069 1.026782786 0)
(-0.8490438838 0.7912836014 0)
(-0.7532260478 0.7563841858 0)
(-0.7543835836 0.7761231335 0)
(-0.8074785559 0.8443334017 0)
(-0.861305029 0.9265131899 0)
(-0.9011344711 1.009953011 0)
(-0.8783747765 0.9991236346 0)
(-0.652927575 0.3765402025 0)
(-0.3674168862 0.1334297749 0)
(-0.4975620684 0.681418729 0)
(-0.3800528379 0.4813758941 0)
(-0.3163019509 0.3140001746 0)
(-0.1852774571 0.1062853842 0)
(0.06897200621 0.008964815915 0)
(0.4644429293 -0.07001849983 0)
(0.4414579092 -0.2510752147 0)
(0.4206245908 -0.191347813 0)
(0.3320675397 -0.1021721298 0)
(0.2337897477 0.04079401642 0)
(-0.02858103091 -0.1359468266 0)
(-0.06222443974 -0.1387923195 0)
(-0.09096657251 -0.1211078054 0)
(-0.1026006087 -0.1110923551 0)
(-0.05922963824 -0.1236386231 0)
(-0.009238180699 -0.1426860987 0)
(0.1400112696 -0.1451471049 0)
(0.26762912 -0.165071423 0)
(0.05747715523 -0.1777801014 0)
(-0.02969971377 -0.2326127945 0)
(0.1098177462 -0.212416437 0)
(0.43482271 -0.07858341984 0)
(-0.2561950999 -0.1899331751 0)
(-0.2139405661 0.3054875738 0)
(-0.2046166924 -0.0705070946 0)
(-0.165181087 -0.007055986918 0)
(-0.2818550575 0.1249008186 0)
(-0.270272198 0.07755866423 0)
(-0.2848917979 0.1313906104 0)
(-0.3891530546 0.2116969469 0)
(-0.5201985023 0.312469871 0)
(-0.4671762318 0.2565462502 0)
(-0.2448878542 0.25067638 0)
(-0.1215536818 0.2720675528 0)
(0.1183306495 0.3764756898 0)
(0.4089846094 0.5550265368 0)
(0.5318311148 0.7034932002 0)
(0.3955588863 0.7104797558 0)
(-0.4508551748 0.7331162084 0)
(-0.5237776083 0.6824897205 0)
(-0.6114716206 0.7042460567 0)
(-0.7097942369 0.7876096494 0)
(-0.7857842936 0.8746067203 0)
(-0.8417302413 0.9689540428 0)
(-0.8480689898 1.02596854 0)
(-0.7076566138 0.4044725216 0)
(-0.3850443206 0.1674804633 0)
(0.1616569355 -0.03575754054 0)
(0.3089688242 -0.0646382249 0)
(0.334395654 -0.160628774 0)
(0.3187213007 -0.1205176182 0)
(0.2436395913 -0.07434892276 0)
(0.1078003846 -0.02145974596 0)
(-0.01234037504 0.03758003598 0)
(-0.004189403993 0.04295401967 0)
(-0.04626881371 -0.01451405764 0)
(-0.05514553525 -0.06436471856 0)
(-0.03862859462 -0.07489741899 0)
(-0.0191131809 -0.1344486889 0)
(0.01316142389 -0.1654166196 0)
(0.1041012563 -0.2118807812 0)
(0.08483301851 -0.2976271906 0)
(0.09571382619 -0.1320831627 0)
(0.1669201296 0.04366471897 0)
(0.4347680663 -0.1145768165 0)
(-0.159623675 -0.2116069191 0)
(-0.242680538 0.3083593326 0)
(-0.2439470562 -0.07636888765 0)
(-0.2630347624 -0.01062816825 0)
(-0.2672964864 0.1309161391 0)
(-0.2761589726 0.09370641365 0)
(-0.2703950274 0.1423539411 0)
(-0.3193491282 0.200669567 0)
(-0.4737444305 0.291955751 0)
(-0.6138569115 0.2446718663 0)
(-0.1987796736 0.2703046811 0)
(0.03730354197 0.2778261684 0)
(0.196169174 0.3204283183 0)
(0.3723692037 0.4114466552 0)
(0.5138850783 0.5184653012 0)
(0.5340499202 0.5998284771 0)
(0.01008155869 0.6622052713 0)
(-0.2865297206 0.5772296482 0)
(-0.4688697561 0.6044944233 0)
(-0.6104766831 0.7126068449 0)
(-0.698849026 0.7873084726 0)
(-0.7607756856 0.8901456882 0)
(-0.7984346728 1.019940654 0)
(-0.7319971619 0.3167305397 0)
(-0.3747165355 0.1964456833 0)
(0.235742252 -0.1262251212 0)
(0.1985889361 -0.1048132825 0)
(0.1271750989 -0.08028429255 0)
(0.02825556269 -0.03058880589 0)
(-0.07197803674 0.004903963885 0)
(-0.04191197272 0.03613599673 0)
(-0.0006591152951 -0.0210353057 0)
(0.0392078549 -0.05466959109 0)
(0.006769692809 -0.04445495644 0)
(-0.01340942832 -0.1068982825 0)
(-0.0223422309 -0.1235694223 0)
(0.005182407388 -0.1699763429 0)
(0.117569337 -0.262678527 0)
(0.2573186421 -0.114068517 0)
(0.3744961813 0.04298807901 0)
(0.4023066541 -0.159359341 0)
(-0.09383868102 -0.2021686533 0)
(-0.3055616741 0.2969872135 0)
(-0.2507677086 0.01243629207 0)
(-0.2708894084 0.1109878713 0)
(-0.2729836874 0.1342360454 0)
(-0.3330345276 0.07147745343 0)
(-0.2713579763 0.1443971827 0)
(-0.2932176837 0.2034198463 0)
(-0.4748588507 0.2866872676 0)
(-0.6322006298 0.1937184991 0)
(-0.3898987158 0.3274138307 0)
(-0.1120475767 0.3833408816 0)
(0.1542188584 0.2657251991 0)
(0.3033845153 0.2946486614 0)
(0.4085374321 0.3662302122 0)
(0.4696404935 0.4487417614 0)
(0.2768276687 0.5288301205 0)
(-0.1080196189 0.4399290135 0)
(-0.3516021146 0.4800881852 0)
(-0.5269030488 0.6327404304 0)
(-0.6117221583 0.639735388 0)
(-0.6689100195 0.7588001483 0)
(-0.7444173814 0.9583973037 0)
(-0.7004638219 0.0697105231 0)
(-0.3426968722 0.2234531918 0)
(-0.01608088956 -0.04537677152 0)
(0.09535873017 -0.06943178482 0)
(0.0949559888 -0.08246468513 0)
(0.0847564641 -0.08540498433 0)
(0.03658178929 -0.06557034312 0)
(0.00130621306 -0.1116171105 0)
(-0.02634044748 -0.1377386718 0)
(-0.02112018843 -0.1420740437 0)
(0.05582517256 -0.1549663346 0)
(0.2067205845 -0.1408643423 0)
(0.3069460763 -0.09423482027 0)
(0.3447873186 -0.181218605 0)
(0.003806376479 -0.1608804208 0)
(-0.1451250087 0.1940052913 0)
(-0.2439528266 0.2953465426 0)
(-0.2689202836 0.2110432487 0)
(-0.7350936799 -0.6554781719 0)
(-0.8016959552 -0.4435239016 0)
(-0.6989363083 0.5052125732 0)
(-0.6723344836 0.67731041 0)
(-0.6137242526 0.2621154743 0)
(-0.662617267 0.1226420214 0)
(-0.4944483741 0.3353414125 0)
(-0.4878457141 0.4473503419 0)
(-0.1900531142 -0.1788531487 0)
(-0.05491043704 0.06661018485 0)
(0.006575740899 0.1701552533 0)
(0.2864576119 0.3732738007 0)
(0.2089696267 0.4192705925 0)
(-0.07754021565 0.2622926423 0)
(-0.3055662256 0.3412627921 0)
(-0.4841071779 0.5918117308 0)
(-0.5395678685 0.3883403247 0)
(-0.5843697034 0.5702076429 0)
(-0.6479446451 0.8275796052 0)
(-0.5791189161 -0.2790923721 0)
(-0.2976832904 0.2591865435 0)
(0.1188450827 -0.07490256399 0)
(0.1255348257 -0.09587290773 0)
(0.01895535124 -0.0698912662 0)
(-0.01655835032 -0.08115009694 0)
(-0.07032126713 -0.06438911948 0)
(-0.1155587608 -0.01845440833 0)
(-0.1046716833 -0.06249313689 0)
(-0.0505706591 -0.08805982 0)
(0.06640795844 -0.08571135499 0)
(0.1679856237 -0.06244871707 0)
(-0.1155011574 0.04309566892 0)
(0.2093905966 -0.08074669953 0)
(0.003064485536 0.02581530376 0)
(-0.2681659075 0.2774887704 0)
(-0.7434291844 -0.6517261435 0)
(-0.84991826 -0.239230294 0)
(-0.4861948061 0.483904112 0)
(-0.5041001697 0.6995075187 0)
(-0.6156148353 0.2254422542 0)
(-0.6280903174 0.1057024038 0)
(-0.4758245695 0.3943568162 0)
(-0.5751974979 0.4277572368 0)
(-0.2450131258 -0.1705192579 0)
(-0.3084943407 0.00227749619 0)
(-0.3165440276 0.06879825671 0)
(-0.2781463833 -0.1011285988 0)
(-0.1741100877 -0.36421741 0)
(-0.292547155 -0.2428375205 0)
(-0.4530100903 0.3590795996 0)
(-0.4746592772 0.7227624117 0)
(-0.4890927582 0.04771423612 0)
(-0.5217980043 0.3653644885 0)
(-0.5675539498 0.7064938336 0)
(-0.3787186396 -0.3564261846 0)
(-0.2461597788 0.3095467886 0)
(0.166582323 -0.07455092869 0)
(0.09845891651 -0.02417137552 0)
(-0.01975152269 0.1150211169 0)
(-0.06802458261 -0.008018685732 0)
(-0.1452289537 0.08857353078 0)
(-0.1659257221 0.0776621703 0)
(-0.1640904157 0.08583519575 0)
(-0.0657578418 0.05502693503 0)
(0.01013339574 0.01530619303 0)
(-0.1141405236 0.03496757887 0)
(-0.01030813398 -0.05979475089 0)
(-0.179861315 -0.05389921421 0)
(-0.2633647623 0.1713918369 0)
(-0.9893483802 -0.4630858186 0)
(-1.228159526 0.4811042769 0)
(0.3159261754 0.5413864042 0)
(0.477842601 0.5685225142 0)
(-0.6190412529 0.185869772 0)
(-0.5964982827 0.09852598348 0)
(-0.4775676799 0.3702677757 0)
(-0.6229121468 0.4599316436 0)
(-0.5766849747 0.4014764119 0)
(-0.5374628727 0.3375769704 0)
(-0.4898774145 0.2986872936 0)
(-0.4512277838 0.1288112349 0)
(-0.1131682977 -0.2802770425 0)
(-0.1556955194 -0.1671471993 0)
(-0.3338164051 0.6323181896 0)
(-0.282945637 0.8363084994 0)
(-0.4545301897 -0.2893189089 0)
(-0.4788323131 0.2993783117 0)
(-0.5005258328 0.6385892961 0)
(-0.2505557338 -0.4037213834 0)
(-0.188527667 0.3638283365 0)
(0.04154089184 -0.0653533979 0)
(0.07561613804 0.002121552835 0)
(-0.08484246339 0.1894867608 0)
(-0.1152010597 0.1055110318 0)
(-0.1629442006 0.1113261191 0)
(-0.2390676607 0.06840332053 0)
(-0.2653216977 0.09905672313 0)
(-0.2704407786 0.1402611522 0)
(-0.112255724 0.1543897928 0)
(-0.09754164058 0.08445523783 0)
(0.01670551975 -0.1204050045 0)
(-0.1176651714 -0.07291151313 0)
(-0.3088121431 0.1660205137 0)
(-0.8323486567 -0.5132531139 0)
(-1.021143847 0.503327411 0)
(0.5626893474 0.5564560462 0)
(0.5997109179 0.5791073127 0)
(-0.6067871783 0.1498918593 0)
(-0.5665946277 0.1069292116 0)
(-0.4646529168 0.3145943128 0)
(-0.6532929495 0.4126843399 0)
(-0.7382990619 0.4274469067 0)
(-0.8051521637 0.4474035967 0)
(-0.8477614979 0.4945076873 0)
(-0.7886345174 0.485241289 0)
(-0.1859908889 0.10603374 0)
(-0.1221521859 0.1561018373 0)
(-0.114003906 0.2978012025 0)
(0.2077118403 0.09018172611 0)
(-0.3603213684 -0.7705955007 0)
(-0.3527265445 -0.8324687152 0)
(-0.3409342265 0.9204537743 0)
(-0.142718648 -0.4230667656 0)
(-0.1224349397 0.386427736 0)
(-0.01026778289 0.09595966431 0)
(-0.06748309618 0.06726603273 0)
(-0.08848875385 0.04343818328 0)
(-0.2382399116 0.01823705286 0)
(-0.2347266027 -0.12095808 0)
(-0.181216914 0.1098047675 0)
(-0.1683840731 0.1419183378 0)
(-0.116944795 0.2665336398 0)
(-0.06960532327 0.1362886615 0)
(0.02318904904 -0.006396034053 0)
(-0.1079799883 -0.03469588312 0)
(-0.1347839736 -0.09782754919 0)
(-0.6604835406 -0.5280084731 0)
(-0.8200758844 0.510741581 0)
(0.6755010868 0.5860137087 0)
(0.6529485757 0.6101675823 0)
(0.4825055639 0.2704313535 0)
(0.4458729517 0.5792525549 0)
(-0.432395054 0.2337641436 0)
(-0.6292663355 0.3271764564 0)
(-0.7727029924 0.3966251153 0)
(-0.9662429997 0.5268387253 0)
(-1.101427964 0.6676772519 0)
(-1.103052262 0.7023641512 0)
(-0.1679963935 0.2905622702 0)
(-0.208851201 0.3530382851 0)
(-0.2805613847 0.4548499705 0)
(-0.07190791978 0.4300649359 0)
(0.1712189294 0.4213764196 0)
(0.3527188082 0.5088319538 0)
(0.4408493916 0.6610792399 0)
(0.03945105333 -0.3482938827 0)
(-0.04256149116 0.30720441 0)
(-0.06248222164 0.4860297802 0)
(-0.0796953635 0.1716470468 0)
(-0.06326667499 -0.05327781751 0)
(0.01852668096 0.07137036712 0)
(-0.06852596872 -0.07925167993 0)
(-0.09237759295 0.08872515612 0)
(-0.04302999854 0.08581345534 0)
(-0.06608398244 0.1300345713 0)
(-0.005461123196 0.06765317798 0)
(0.05712615079 -0.1513489768 0)
(0.06789113881 -0.1313099442 0)
(-0.05461898863 0.1553881214 0)
(-0.5162294664 -0.5243256664 0)
(-0.6297312285 0.5141825682 0)
(0.6157142639 0.6160861638 0)
(0.5863249174 0.6649607379 0)
(0.5119898212 0.5950655771 0)
(-0.2081641428 0.3505685612 0)
(-0.3885172804 0.1435072803 0)
(-0.5901471166 0.2312480643 0)
(-0.7294229494 0.3245976578 0)
(-0.9018973881 0.5341248188 0)
(-1.115171781 0.7676465096 0)
(-1.173788111 0.8657394833 0)
(-1.133356633 0.9150604098 0)
(-1.081820603 0.9518703286 0)
(-0.9722771251 0.9748967815 0)
(-0.6477558297 0.9127901726 0)
(-0.2196326433 0.7589330955 0)
(0.1169845151 0.6717271233 0)
(0.4207933417 0.6931841892 0)
(0.1765893033 -0.4126681932 0)
(0.0262312123 0.3874578717 0)
(-0.04115047074 0.1271223089 0)
(-0.07437363152 0.119591441 0)
(-0.03306596397 0.06823341829 0)
(0.1394630305 -0.1919247026 0)
(-0.06666607734 -0.007417790115 0)
(0.1049819876 0.07722391923 0)
(0.06340502908 -0.04945098287 0)
(0.007349913317 -0.01324794472 0)
(0.04572814736 -0.02000129912 0)
(0.01662605798 -0.0971469115 0)
(0.02051850334 -0.1077138923 0)
(-0.1167008012 -0.1334472351 0)
(-0.3910105454 -0.5396498409 0)
(-0.446203434 0.5122600074 0)
(0.3572162302 0.6236833047 0)
(0.4126632186 0.6597357056 0)
(0.4134528189 0.6756227521 0)
(-0.3497802906 0.2024785245 0)
(-0.4586068125 0.1519120602 0)
(-0.6044130264 0.1461073759 0)
(-0.6542939828 0.2538636147 0)
(-0.7325438426 0.531576779 0)
(-1.022698289 0.7779285018 0)
(-1.10969207 0.8876974022 0)
(-1.111806252 0.969867216 0)
(-1.068834345 1.058488816 0)
(-0.9935670335 1.145048818 0)
(-0.7860152299 1.176312941 0)
(-0.3497059583 1.038306666 0)
(0.04265613175 0.8692101612 0)
(0.3804658849 0.7639387539 0)
(0.3680597908 -0.3191945616 0)
(0.09376176597 0.519577647 0)
(-0.03147280176 0.09971173926 0)
(-0.008140900061 0.008478718858 0)
(-0.1306309307 -0.03120269352 0)
(-0.1110929855 0.07699240098 0)
(-0.0470977341 0.08149911165 0)
(0.184688155 0.01395719438 0)
(0.03615087722 -0.007671212937 0)
(-0.03696930218 0.01923278763 0)
(-0.04402328685 -0.01408488617 0)
(-0.05855245033 -0.01199549697 0)
(-0.102533917 -0.05746441744 0)
(-0.2577134358 -0.4758106674 0)
(-0.2333131569 0.5057110623 0)
(-0.2294145841 0.6409122037 0)
(-0.148992481 0.2553067843 0)
(-0.2486710424 0.1370082016 0)
(-0.3493544818 0.06992119405 0)
(-0.4632717217 -0.00187975317 0)
(-0.5533081925 -0.050058377 0)
(-0.4735690405 0.1701993933 0)
(-0.5446395304 0.5176981959 0)
(-0.912007585 0.7668295038 0)
(-1.025906048 0.8855855893 0)
(-1.03604137 0.98648099 0)
(-0.9940124181 1.093824908 0)
(-0.9214096389 1.197284608 0)
(-0.8266091587 1.296146025 0)
(-0.6384335087 1.310699758 0)
(-0.3188127383 1.156823693 0)
(0.09433983971 0.9291544 0)
(0.3491660123 0.2726087213 0)
(0.1244069 0.6437601485 0)
(0.03529665853 0.08644240869 0)
(-0.08440992488 0.02484053407 0)
(0.2168434801 -0.06714761668 0)
(0.1592946737 0.05843887056 0)
(0.1911951063 0.1686775975 0)
(0.06346068916 0.03656125864 0)
(-0.07949355705 0.07425863231 0)
(-0.04766412357 0.07760416217 0)
(-0.04228760012 0.04061999058 0)
(-0.07462227689 -0.01666979258 0)
(0.1058651945 -0.3254864005 0)
(0.4442339814 0.4839480728 0)
(0.4198360886 0.5946635957 0)
(-0.4228082447 0.1024090601 0)
(-0.6004170985 -0.06726306327 0)
(-0.4617881921 -0.2879645726 0)
(-0.420596167 -0.3668590944 0)
(-0.369121798 -0.2700081895 0)
(-0.2953682871 0.09322456253 0)
(-0.389112733 0.4894634945 0)
(-0.7874829362 0.7401671532 0)
(-0.9174796102 0.8850386228 0)
(-0.9295475856 1.007920505 0)
(-0.891013467 1.13625288 0)
(-0.8206961484 1.256442131 0)
(-0.7336489172 1.366940562 0)
(-0.6344569207 1.463388776 0)
(-0.4886656668 1.47486128 0)
(-0.1794692366 1.273577204 0)
(0.192703106 0.7841196698 0)
(0.1617327328 0.7726120473 0)
(0.03861793539 -0.03676338618 0)
(0.06248215144 0.02331247525 0)
(0.07635263495 0.08362759971 0)
(0.137294974 0.08498169896 0)
(0.07464379496 0.1000641974 0)
(0.04935675374 0.07595465146 0)
(-0.1651524751 0.08399588944 0)
(-0.051612286 0.1290510423 0)
(-0.02631476423 0.09136239315 0)
(-0.01216308001 0.03752223514 0)
(0.2017025036 -0.2013775978 0)
(-0.003300257527 0.1535729898 0)
(0.03083405488 0.1095588935 0)
(-0.3783431907 -0.2904399357 0)
(-0.3497376362 -0.5945293232 0)
(-0.2736696189 -0.6763993487 0)
(-0.2309655959 -0.5837779474 0)
(-0.2114248459 -0.3748343787 0)
(-0.208931141 -0.02377742211 0)
(-0.263472027 0.4446460119 0)
(-0.6182881874 0.7016702845 0)
(-0.7601837375 0.8907448879 0)
(-0.7791465053 1.046411193 0)
(-0.743864339 1.195032292 0)
(-0.6824671711 1.336997174 0)
(-0.607282002 1.461751436 0)
(-0.5266480295 1.563480962 0)
(-0.4396212848 1.605639319 0)
(-0.2537364914 1.386853038 0)
(-0.007651537129 0.9771289152 0)
(0.08076042422 0.9063566624 0)
(0.06765849512 0.05118181009 0)
(0.07958929438 -0.006982667675 0)
(0.0900831334 0.06505287267 0)
(0.1081215598 0.11261185 0)
(0.0748832751 0.03708805284 0)
(0.02221866887 -0.1710392172 0)
(-0.04431600855 0.03274108356 0)
(-0.01562339431 0.2688632965 0)
(-0.05819111214 0.1345909659 0)
(-0.01559655657 0.1110150455 0)
(0.01895662454 -0.04898067554 0)
(-0.06314455276 0.04651899319 0)
(-0.1480541579 -0.218916517 0)
(-0.2620795053 -0.7460328341 0)
(-0.1807706963 -0.9499749254 0)
(-0.1402868634 -0.9229013171 0)
(-0.1269273157 -0.8002763006 0)
(-0.1283371094 -0.6153124978 0)
(-0.1340305427 -0.345309921 0)
(-0.09550449531 0.3620000709 0)
(-0.3976353957 0.66472213 0)
(-0.5041505234 0.9000909802 0)
(-0.5179500143 1.099401494 0)
(-0.4948394262 1.281880768 0)
(-0.4537090468 1.448271527 0)
(-0.4031293141 1.59124841 0)
(-0.3488981827 1.698196556 0)
(-0.3001415044 1.770982437 0)
(-0.2663197159 1.805851117 0)
(-0.2560286788 1.649492651 0)
(-0.1405011082 1.305870426 0)
(0.008993172367 0.09072461257 0)
(0.224723095 0.082022227 0)
(0.04914891022 0.08477006118 0)
(-0.1062610898 0.04263044592 0)
(-0.04323458289 0.07969274636 0)
(0.007322449487 -0.1760293434 0)
(-0.09472209721 -0.4490595108 0)
(-0.0981186629 -0.7038858375 0)
(-0.09887158618 -1.276988506 0)
(-0.04430505299 -1.384190986 0)
(-0.02065639832 -1.411009012 0)
(0.005917854175 -1.450580995 0)
(-0.01528596905 -1.362001616 0)
(0.001751192647 -1.149240077 0)
(-0.002939965687 -0.8972907158 0)
(-0.06259223932 0.8603136008 0)
(-0.05954038079 1.035213454 0)
(-0.05515588724 1.225400155 0)
(-0.04824060441 1.426668834 0)
(-0.03937451056 1.626220322 0)
(-0.0336485175 1.805842273 0)
(-0.03575191375 1.94680656 0)
(-0.04073968518 2.037925701 0)
(-0.07083453082 2.045553776 0)
(-0.1008801247 1.813846704 0)
(-0.1424463634 1.204104302 0)
(-0.005909118235 0.06392042914 0)
(0.1401726542 0.09138644632 0)
(-0.04320474297 -0.07661527472 0)
(-0.1036246719 0.02380191624 0)
(-0.0214502102 -0.01075385268 0)
(-0.1020221432 -0.2042292371 0)
(-0.1762062417 -0.7737104935 0)
(-0.1935446458 -0.8336972901 0)
(-0.1988432411 -0.808838831 0)
(-0.2056159877 -0.7732301131 0)
(-0.2325609213 -0.6970287849 0)
(-0.3462458046 0.7163956927 0)
(-0.3041104489 0.81864198 0)
(-0.2605045953 0.8992650511 0)
(0.2850063405 -0.6473417206 0)
(0.4751535869 0.7025295619 0)
(0.4600335291 0.95140935 0)
(0.4412188829 1.147858358 0)
(0.4193896066 1.334727412 0)
(0.3913748249 1.502967158 0)
(0.3580497824 1.644889075 0)
(0.3169271064 1.742904753 0)
(0.2611414803 1.77958948 0)
(0.1706581822 1.743726865 0)
(0.02782050264 1.34675575 0)
(-0.09853178173 1.106906611 0)
)
;

boundaryField
{
    walls
    {
        type            noSlip;
    }
    wallFilmFace_top
    {
        type            slip;
    }
    region0_to_wallFilmRegion_wallFilmFace
    {
        type            slip;
    }
    mirrorFace_top
    {
        type            slip;
    }
    region0_to_wallFilmRegion_mirrorFace
    {
        type            slip;
    }
    procBoundary0to1
    {
        type            processor;
        value           nonuniform List<vector> 
52
(
(-0.2855961301 -0.3934693854 0)
(-0.4243917418 0.2558314374 0)
(-0.6405896204 -0.6809474711 0)
(-0.964108937 -1.184631094 0)
(-1.026203418 -1.115425519 0)
(-1.068097851 -1.066492763 0)
(-1.106665135 -1.021279149 0)
(-1.106665135 -1.021279149 0)
(-1.059461727 -0.9911789675 0)
(-1.098904462 -0.942788272 0)
(-1.159815091 -0.8913978544 0)
(-1.23887708 -0.8326459409 0)
(-1.23887708 -0.8326459409 0)
(-0.7791828598 -0.731758349 0)
(-0.6013868645 0.6059716535 0)
(-0.6013868645 0.6059716535 0)
(-0.3996644229 0.5816803192 0)
(-0.3330535765 0.3880531753 0)
(-0.3254443206 0.138612737 0)
(-0.2093790322 0.04338820053 0)
(-0.2093790322 0.04338820053 0)
(-0.02771612845 -0.0920031247 0)
(0.1595959212 -0.08724280798 0)
(0.1595959212 -0.08724280798 0)
(0.1965011303 -0.1074110685 0)
(0.1480156387 -0.09328319775 0)
(0.04068934344 -0.06970948308 0)
(-0.09656448035 -0.04122873977 0)
(-0.09656448035 -0.04122873977 0)
(-0.04467149434 -0.07096477107 0)
(0.08125143277 -0.08211212308 0)
(0.08125143277 -0.08211212308 0)
(0.1012591427 -0.04550065341 0)
(0.1012591427 -0.04550065341 0)
(-0.1089576729 0.02506942965 0)
(-0.474998873 0.01246784993 0)
(-0.474998873 0.01246784993 0)
(-0.02831759756 -0.02930629605 0)
(0.377785895 0.07632722426 0)
(-0.04957336915 0.15158581 0)
(-0.04957336915 0.15158581 0)
(0.07766462212 0.08103083437 0)
(0.07766462212 0.08103083437 0)
(0.08812873921 0.08338901249 0)
(0.10267386 0.07363017743 0)
(0.005480983904 -0.05871962858 0)
(0.06868044095 0.001839732235 0)
(0.06451578431 0.1713603869 0)
(0.1092477085 0.1196724255 0)
(0.1039455736 0.09110759832 0)
(0.1039455736 0.09110759832 0)
(0.125691037 0.1205254069 0)
)
;
    }
    procBoundary0to2
    {
        type            processor;
        value           nonuniform List<vector> 
26
(
(-0.1139902053 0.0003337388466 0)
(0.05526788695 0.03930803364 0)
(0.02780186026 -0.002206988762 0)
(-0.02346231424 0.04160545529 0)
(-0.05273018883 0.1033003672 0)
(-0.02246566068 -0.02849412606 0)
(-0.1777533625 -0.4691369558 0)
(-0.1078781525 -0.8268224019 0)
(-0.1362211655 -0.7442906283 0)
(-0.1314265486 -0.6968344295 0)
(-0.1612003281 -0.5820000491 0)
(0.02714458885 0.6739514879 0)
(0.03305330968 0.8081278119 0)
(0.03541660188 0.9089679963 0)
(0.4489295306 -0.4310293424 0)
(0.7636353464 0.6230649531 0)
(0.772909627 0.906740233 0)
(0.7537445927 1.100987765 0)
(0.7220475283 1.269116051 0)
(0.6749619046 1.412950832 0)
(0.6120595563 1.528057431 0)
(0.5275774936 1.602112212 0)
(0.4126623814 1.628822097 0)
(0.2509643884 1.613896444 0)
(0.06036213671 1.314031346 0)
(-0.04875664055 1.056517221 0)
)
;
    }
}


// ************************************************************************* //
