/*--------------------------------*- C++ -*----------------------------------*\
  =========                 |
  \\      /  F ield         | OpenFOAM: The Open Source CFD Toolbox
   \\    /   O peration     | Website:  https://openfoam.org
    \\  /    A nd           | Version:  8
     \\/     M anipulation  |
\*---------------------------------------------------------------------------*/
FoamFile
{
    version     2.0;
    format      ascii;
    class       surfaceScalarField;
    location    "0.7/wallFilmRegion";
    object      phi;
}
// * * * * * * * * * * * * * * * * * * * * * * * * * * * * * * * * * * * * * //

dimensions      [1 0 -1 0 0 0 0];

internalField   nonuniform List<scalar> 
2656
(
-0.0003978368435
-0.007901916016
-0.000316213084
-0.0002440513766
-0.000292907759
-0.0002019566128
-0.0002874314731
-0.0002112587496
-0.0002922718831
-0.0002659544067
-0.0003066938602
-0.0003338806619
-0.0004128590561
-0.0002927427405
-0.007498170485
-0.0002366698274
-0.000178316499
-0.0002438054895
-0.0001676589028
-0.0002699668067
-0.0002072214377
-0.0003019390956
-0.0002971902662
-0.0003518224755
-0.00037342649
-0.0006834644469
-0.0003794311378
-0.002032112799
-0.0003186902656
-0.004285756909
-0.0002765306867
-0.006042374727
-0.0003404976841
-0.0004480325442
-0.0002390946153
-0.007253996842
-0.0002173075163
-0.0001425503853
-0.0002710342739
-0.0001731730297
-0.0003379512347
-0.0002553165232
-0.0003789907272
-0.0003863677467
-0.000350118782
-0.000465180736
-0.0002716450415
-0.0004451088404
-0.0001974291835
-0.0003709183749
-0.0001618420892
-0.0003191522251
-0.0001747261696
-0.0003354958454
-0.0002091811193
-0.0003610487804
-0.000381366595
0.0002224315452
0.0004261018824
-0.0002221725436
-0.007403356303
-0.0002516363687
-0.0001248042001
-0.0003848464649
-0.0002182127548
-0.0005041138228
-0.0003616660753
-0.0005453843464
-0.0005349369054
-0.0004845789866
-0.0006100040917
-0.0003875023705
-0.0005844845198
-0.0003204370586
-0.0005410340556
-0.0003104210524
-0.0005433578586
-0.0003614449626
-0.000607008814
-0.0003506103577
-0.0006674716901
-0.0004180099211
-0.0001047634423
-0.0001538625483
0.0002104180869
-0.0004989009013
-0.0001954347937
-0.0008413093849
-0.0005662488738
-0.001105026487
-0.001546168128
-0.002176008456
-0.0002519504641
-0.008121254213
-0.0003691237098
-0.0001382964686
-0.0006339309644
-0.0003396545944
-0.0007980915517
-0.0005636797155
-0.0008186761388
-0.0007583895244
-0.0007499185021
-0.0008121040453
-0.0006980989536
-0.0008085079704
-0.0007038360113
-0.0008457548886
-0.0007574203423
-0.0009542711855
-0.0008437917785
-0.001112758271
-0.0009395933025
-0.001266802644
-0.0007504903637
-0.001279335569
-0.0005726713303
-0.0009106607929
-0.0014352142
-0.0009812573348
-0.001751712271
-0.001455498551
-0.001823056444
-0.00206223923
-0.001348827613
-0.002501857567
-1.876284917e-05
-0.002484351837
-0.0001733920139
-0.0005236471341
-0.009083337397
-0.0007744151484
-0.0003167227169
-0.001149450299
-0.0006645007969
-0.001255349576
-0.0008939744504
-0.001209879255
-0.0009864145241
-0.001175801895
-0.0009828873833
-0.001239041469
-0.001005447641
-0.00136268683
-0.001087659332
-0.001471225702
-0.001209387308
-0.001498151631
-0.001333630938
-0.001480589193
-0.001418057464
-0.001669794699
-0.001529514073
-0.002136169928
-0.001762888182
-0.002857314308
-0.001915004788
-0.003167665895
-0.002056905971
-0.002833491008
-0.002584653655
-0.001891064298
-0.00234886607
-7.923031474e-06
-0.001757512979
9.951381822e-05
-0.0002235937973
1.928610183e-05
-8.031377017e-05
2.089603278e-06
9.207009466e-07
1.549878412e-07
2.024144389e-07
0.0002316247322
-0.002293531736
-0.008998609688
-0.0021322741
-0.0008931092848
-0.001931895395
-0.0009984543122
-0.001663044672
-0.0009884330734
-0.001507363928
-0.0009584587638
-0.0015244039
-0.0009544952291
-0.001630091816
-0.0009755322532
-0.001712569796
-0.0009785730891
-0.001692694364
-0.0009445378766
-0.001578111549
-0.0008798639831
-0.00162417059
-0.0007968338336
-0.002402897316
-0.0007335671591
-0.003875740065
-0.0007344693949
-0.004571235813
-0.0009273287666
-0.004826020966
-0.001703898708
-0.003630692075
-0.002857801326
-0.001903641525
-0.001092793337
-3.638842642e-05
0.0004864137358
0.0002453924079
-0.000126661388
0.0003656408161
-3.238176407e-08
0.0002266689151
-2.78304679e-07
3.55241274e-05
2.180785112e-05
-1.748634387e-06
0.0002501970747
-4.865383007e-05
5.699759006e-05
0.0001620116594
-0.003022010898
-0.007771162448
-0.002515411798
-0.0005871658969
-0.001838175751
-0.000532072476
-0.001485454978
-0.0005776097773
-0.001427118612
-0.0006919125863
-0.001472245046
-0.0007947037177
-0.001465204848
-0.0008318161215
-0.001342872793
-0.0007655713132
-0.001126122996
-0.0006122491249
-0.0008880051099
-0.000445085684
-0.0007165505102
-0.000348098465
-0.0006625886328
-0.0003606400015
-0.0007236912604
-0.0004300181618
-0.001016405872
-0.0004734348263
-0.00113015122
-0.001046503958
-0.001232577541
-0.001485663285
-0.0009515556885
-0.0003962475218
-9.159376635e-05
0.002635433954
-5.274154798e-07
-0.0001311119548
-8.339877354e-07
-7.022156269e-07
4.287133797e-06
-5.331016491e-08
4.023360241e-06
-5.480034926e-08
5.829179247e-06
-9.90925304e-08
-8.572754585e-06
0.0002485257419
-8.097119031e-05
8.417233169e-05
0.0007386266946
-0.000937015388
-0.007482754255
-0.0008926779132
-0.0003878627397
-0.0009096944172
-0.0003462690679
-0.001006550249
-0.0003988624972
-0.001146940777
-0.0005234864485
-0.001237130695
-0.0006789364697
-0.001175751718
-0.0007732121447
-0.000947928955
-0.0007371151613
-0.000659825969
-0.0005610196406
-0.0004694637578
-0.0003545060991
-0.0004327756898
-0.0002503251256
-0.0004539124867
-0.0002981623532
-0.0003155157575
-0.0003832749267
-0.0003573292262
-0.0001165545509
3.187742178e-05
-0.0002120372785
0.0002208345774
-0.0002910504796
-0.000865621386
-0.0004426430249
-3.807386359e-05
0.005191041405
-4.155373049e-07
-0.0001641781829
-1.75014303e-09
-3.672876924e-06
7.072912149e-08
-2.653241753e-07
8.641950262e-08
-8.682654537e-08
1.510719459e-07
-1.3398156e-07
-4.665852708e-07
0.0008557598234
1.517092112e-05
7.723836315e-05
0.0007355162091
-0.0005174147666
-0.006994562584
-0.0005095323757
-0.0002866426317
-0.0005981781883
-0.0002431029937
-0.0007441408969
-0.0002817862665
-0.0009244507275
-0.0003844774896
-0.001087796743
-0.0005320769984
-0.001113453779
-0.0006771516739
-0.000939834283
-0.0007028153059
-0.0006567912262
-0.0005497889294
-0.00051053173
-0.0002928710754
-0.0006370420272
-0.0001017723206
-0.0007865856696
-3.734101212e-05
-0.0001167068474
-4.351763178e-05
-0.0001589849314
-0.0001952606235
3.831518986e-05
-0.0003243872703
0.0001762211819
-7.456776064e-05
6.080318115e-05
-9.591033349e-05
-1.169576088e-05
0.005413559916
7.112988661e-06
-0.0001019204528
6.859765388e-07
-2.78957868e-07
1.482937192e-07
-3.602135543e-08
6.855165439e-08
-6.114856162e-08
4.836952394e-08
-1.09844053e-07
-9.604956747e-07
0.001172972695
3.89010918e-05
8.518695848e-05
0.0001319325211
0.0005026446862
0.0006087434532
-0.000483192223
-0.006084880956
-0.0004245053366
-0.0002132758249
-0.0004674378738
-0.0001755016605
-0.0005614659982
-0.0002065989454
-0.000701245227
-0.0002831269018
-0.0008625007742
-0.0003869103817
-0.0009896803776
-0.0005002492383
-0.0009504971038
-0.0005625472931
-0.0006868036717
-0.0004721446078
-0.0003426135945
-0.0002455109312
-0.0001598662921
-7.006275606e-05
-0.0001815711844
-8.853434949e-06
-0.0003739834615
-1.429806738e-05
-0.0007045027737
-3.751765619e-05
-1.972344077e-05
-6.867961855e-05
1.49723275e-05
-5.733463302e-05
4.732850643e-06
-3.423013187e-05
1.013005737e-05
-5.896667462e-06
-5.618534602e-08
-2.86115172e-05
-4.71542505e-10
-3.157364857e-07
2.205526238e-08
-4.58257377e-08
5.53196503e-08
-7.010227205e-08
5.121302517e-08
-8.455420717e-08
9.277285814e-05
0.000450135542
4.36629147e-05
-1.84234493e-06
8.482422123e-05
0.0003460763144
0.0002278351227
-0.0004448762126
-0.004912747617
-0.0003719549508
-0.0001564475466
-0.0003975606568
-0.0001366192667
-0.000458356076
-0.000169938136
-0.0005458621005
-0.0002340632924
-0.0006416910205
-0.0003050078665
-0.0007407550647
-0.0003611704848
-0.0008116885073
-0.0003909866723
-0.0007269603863
-0.0003453015499
-0.0004318777357
-0.0001154572141
-0.0001892983417
7.109309592e-05
-9.904743852e-05
6.990731164e-05
-8.06186696e-05
2.336165152e-05
-7.643127916e-05
-3.221313601e-05
-2.279033825e-05
-0.0001798353385
-1.733187884e-05
-5.800522683e-05
-1.696154866e-05
-2.650498187e-05
-1.154226373e-05
-2.894382241e-05
-2.487122213e-07
-4.14226446e-05
-4.626067473e-09
-5.206112913e-07
2.983948575e-08
-5.453596103e-08
7.320609017e-08
-7.417353633e-08
8.286901628e-08
-7.685284551e-08
7.39971316e-05
-2.239786106e-08
1.23661044e-05
-1.662222776e-07
3.727142937e-05
0.0005024413602
-3.836650074e-05
-0.0004204415115
-0.003635516895
-0.0003690063971
-9.974436718e-05
-0.0004063945533
-9.505951867e-05
-0.0004637883241
-0.0001249420044
-0.0005221396463
-0.000171195862
-0.0005662344688
-0.000208708849
-0.0006265904106
-0.0002198215848
-0.0007772668418
-0.000206987208
-0.000983653859
-0.0001811296117
-0.0009333947945
-9.860244702e-06
-0.0005226545391
0.0002698223464
-0.0002012470253
0.0002563965305
-8.683099591e-05
0.0001031578688
-7.516321085e-05
8.773049487e-06
-1.472657435e-05
-0.0003764410791
-1.265298387e-05
-7.765653839e-05
-1.059531165e-05
-2.352063079e-05
-9.664151784e-06
-2.209685298e-05
-3.625502897e-07
-5.301026981e-05
-1.954140767e-08
-7.933404502e-07
3.986296359e-08
-4.205733202e-08
9.877535536e-08
-5.704149395e-08
1.425744679e-07
-5.289238388e-08
1.85503026e-07
-4.687095154e-08
2.367090009e-07
-1.066427093e-07
3.261423895e-05
0.001043807115
-2.899387309e-05
-5.735787493e-05
-0.0001180705533
-0.0003724657207
-0.002517769585
-0.0003490023963
-3.794196619e-05
-0.0003941167171
-4.822517826e-05
-0.000437925069
-7.034513488e-05
-0.0004556505729
-9.815374161e-05
-0.0004370048483
-0.0001169390516
-0.0004319511406
-0.0001128669824
-0.0005610292208
-8.428415891e-05
-0.0009934656298
-5.018871923e-05
-0.001718570044
-2.915898042e-05
-0.001986955148
-1.616389014e-05
-0.001293977456
-7.430656323e-06
-0.0005098867677
-3.121503075e-06
-8.660269328e-05
-0.0002725424802
-7.548160962e-06
-0.0007484262595
-9.155320485e-06
-0.0001676971307
-5.968804121e-06
-3.095858557e-05
9.175326024e-07
-2.096317357e-05
1.520950425e-06
-6.040533768e-05
-5.595467773e-08
6.854236393e-08
5.987267138e-08
1.57992792e-07
1.381405292e-07
5.175449931e-08
1.679046839e-07
2.268748052e-08
1.795901723e-07
1.176017925e-08
1.954991709e-07
1.392464073e-08
-4.986797044e-05
0.001051814045
-3.840175771e-05
-1.238036133e-05
-1.973824623e-05
-7.239836356e-06
-1.022809308e-06
-0.0004854352071
-0.002019635285
-0.0004137492355
9.204754775e-05
-0.0003726976333
5.226758768e-05
-0.0003797983044
9.825847879e-06
-0.0003700723463
-2.510023329e-05
-0.000307550572
-4.804984165e-05
-0.0002147123628
-5.362057028e-05
-0.0001362609023
-4.272504787e-05
-8.655722553e-05
-2.766024506e-05
-5.576976494e-05
-1.661899489e-05
-3.223038745e-05
-9.460223685e-06
-9.15962912e-06
-4.510490742e-06
4.598032374e-05
-6.932144555e-06
0.0005062617893
-8.05284404e-05
0.0003108279405
-0.0004932234078
-2.728564362e-06
-0.0002972197844
-8.114501138e-07
-5.834455612e-05
8.832975401e-06
-2.552691209e-05
2.658438647e-05
-0.0001009423823
-1.768633079e-05
2.511924611e-05
1.968726428e-06
6.562689121e-05
5.201187484e-06
4.176890719e-06
5.795298039e-06
2.771021513e-06
4.845081868e-06
2.093540048e-06
1.934180057e-06
1.742976625e-06
-1.388071424e-05
6.699201541e-05
-7.75094658e-06
9.978569785e-06
-1.287682046e-06
2.749709228e-06
4.077626992e-06
-0.0008384065685
-0.001811860542
-0.0007834854693
0.000244478935
-0.0006089763512
0.0002095144054
-0.0004963509858
0.0001340705239
-0.0003868084234
7.263566988e-05
-0.0002659630545
2.436183432e-05
-0.0001521137821
-2.550991156e-06
-7.58439915e-05
-7.531605024e-06
-3.64517254e-05
-7.153881428e-06
-1.703829462e-05
-6.073505926e-06
-6.620126801e-06
-5.182861091e-06
-5.64173473e-07
-5.046749316e-06
1.242940335e-05
-8.27692528e-06
0.0001103782417
-5.224320855e-05
0.0004682189908
-0.0004081644452
1.279981503e-05
-0.0003029560247
4.593969902e-07
-0.0001170557235
2.171295581e-05
-4.70394248e-05
7.229382728e-05
-0.000300213953
-3.04767041e-05
-0.000244852318
8.775723275e-06
9.064510326e-05
1.593970337e-05
7.099182569e-06
1.627348797e-05
3.922133152e-06
1.312703535e-05
2.296285121e-06
5.249351781e-06
2.667771438e-06
-1.338704369e-05
-1.191742401e-05
-2.332641673e-05
2.37527778e-05
-2.275782196e-05
9.933945033e-06
1.64832895e-05
-0.00257730903
-0.00170753397
-0.002016775248
0.0004294008485
-0.00130956387
0.0003518560172
-0.0008013577889
0.0002851940444
-0.0004420053762
0.0001638136835
-0.0002212323386
7.382049112e-05
-0.0001073904695
2.96797285e-05
-5.608574574e-05
1.136678074e-05
-3.253740019e-05
4.118450013e-06
-2.114270314e-05
8.948622454e-07
-1.5835284e-05
-4.341390005e-06
-8.864549328e-06
-1.488321796e-05
1.446591719e-05
-3.785838381e-05
7.120473004e-05
-8.762087554e-05
0.0001274238121
-0.0002043141726
-8.055663835e-05
-0.0002325128162
-4.014283413e-05
-0.0002124882914
3.566644721e-05
-0.0001526688227
-8.921886628e-05
-0.0006828521574
-4.259717307e-05
-0.000267651734
1.060038804e-05
3.340656023e-05
3.541827494e-05
-3.161174713e-07
4.289931269e-06
-5.656224312e-07
1.645726265e-05
-2.055504346e-06
1.540986061e-05
5.248882223e-06
5.836930139e-06
6.851730643e-06
-1.526516762e-05
9.054527209e-05
-7.32902539e-06
2.276510822e-05
5.031735927e-06
3.253077916e-06
1.007102733e-05
1.649154842e-06
9.659348584e-07
-2.499556877e-05
-4.02524312e-10
-6.4127732e-13
1.874439571e-08
-2.333316906e-07
-3.695934306e-05
-0.009541659883
-0.002032005124
-0.008343429848
0.0002330179099
-0.00283685804
0.0004499829874
-0.001388381039
0.0004325270529
-0.0006149713033
0.0002787122877
-0.000291684166
0.0001472450895
-0.0001749173328
7.528070855e-05
-0.0001367547642
4.628832081e-05
-0.0001302309691
3.337574741e-05
-0.0001356313166
2.271891516e-05
-0.0001483468541
7.17607871e-06
-0.000177007597
-1.652768224e-05
-0.0002243987499
-5.271035738e-05
-0.0002770287058
-0.0001008352363
-0.0003370313165
-0.0001570548451
-0.0003097517474
-0.0002127626095
-0.0001886918915
-0.0002368241621
-0.0001303731116
-0.0001852153511
-0.0002579737861
-0.0001398945144
-4.694901158e-05
-4.512942878e-05
-1.194528532e-06
-3.65806756e-06
1.104665104e-05
-2.059952076e-06
5.864914987e-05
-5.951842937e-07
0.000310761766
1.66625751e-05
0.0007251701992
0.0001799937317
0.0003457617795
0.0007110127392
-9.354356878e-05
0.001043746446
-9.998326148e-06
6.46527765e-05
1.438922063e-06
-8.152087533e-06
-9.734419688e-06
-1.363231555e-05
-3.242929381e-09
-0.0002596449988
-1.751735419e-07
-6.234024883e-09
-1.228268251e-05
-1.190064174e-05
-6.923990304e-05
-0.003570756711
-0.00215111541
-0.006174164788
-0.0002063803883
-0.004436016214
-0.0002389994572
-0.002791033762
0.0002011046445
-0.001316144564
0.0003988895534
-0.0005542102884
0.0003253728751
-0.0002695568337
0.0001821415739
-0.0001730637832
0.0001056299186
-0.0001404263368
7.046265434e-05
-0.000134577956
5.055660124e-05
-0.0001491570896
3.45591839e-05
-0.0001839175408
1.86177836e-05
-0.0002294213304
1.705363304e-06
-0.0002774552067
-5.092944605e-06
-0.0003281368208
-2.012081769e-05
-0.0003630099477
-6.266136464e-05
-0.0003400608134
-0.0001529617399
-0.0001935460935
-0.0002130195188
-8.182511862e-05
-0.0001787422588
-4.834838031e-05
-5.918643265e-05
-4.162660572e-05
-1.938224012e-06
-3.359340538e-05
-2.592915603e-06
-2.344492904e-05
-2.522123004e-06
4.731536621e-06
6.907626123e-07
0.0001651140165
5.761961541e-05
0.0003543768945
0.0008020222568
0.0001885128306
0.0009670333474
-6.400891984e-06
9.525379344e-05
-1.111691329e-05
6.266316155e-06
-9.616933593e-05
8.92391077e-06
-5.260831614e-07
-1.629814526e-05
-6.6585512e-06
4.207232674e-07
-3.432393256e-05
-4.543780803e-07
-0.001573128581
-0.001549317898
-0.002747058849
-0.0002255635697
-0.003970107557
-0.0003563208229
-0.004288821774
-0.0002996131445
-0.003200025714
-4.876234693e-05
-0.001706442057
0.0004376548681
-0.000735699986
0.0004816215207
-0.0003091079836
0.0002986000237
-0.0001573516415
0.0001535612997
-9.956148692e-05
8.276311151e-05
-7.043834796e-05
4.981285655e-05
-5.360926897e-05
3.215451262e-05
-4.994611659e-05
2.284019408e-05
-6.004443794e-05
1.819163112e-05
-9.299984718e-05
1.062439971e-05
-0.0001690582723
-2.553794957e-05
-0.0002480168383
-0.0001273643517
-0.0001179210368
-0.0002424992095
-4.397950639e-05
-0.0001294589498
-3.707601492e-05
-6.928002614e-05
-5.965539995e-05
2.829556796e-05
-6.288148326e-05
3.037433308e-05
-5.27668518e-05
2.647720254e-05
4.641572958e-06
1.444480977e-05
3.239109775e-05
2.346641482e-05
0.0002242161903
0.0006008738515
-2.611384016e-05
0.0002621297311
-4.160113175e-05
5.227481346e-06
-5.020455478e-05
6.642623716e-06
-3.653902506e-05
8.603629223e-06
-5.654899058e-06
7.508236372e-06
-5.42486677e-06
3.762079185e-07
-0.0007927026716
-0.0009185120877
-0.001120254477
-0.0002074582439
-0.001621240134
-0.0002362645643
-0.002341448982
-0.0001825495774
-0.003041799253
-0.0001261883235
-0.002822652134
-8.481580371e-06
-0.001739602636
0.0004796288139
-0.0007634995912
0.0005971310424
-0.0002957641721
0.0003848359965
-0.0001455084926
0.0001817460011
-0.0001031726518
9.666147824e-05
-9.609937968e-05
7.026576727e-05
-0.0001101746353
6.652913682e-05
-0.0001520686143
7.370214582e-05
-0.0002333096895
7.267364345e-05
-0.0003424090628
3.771802181e-05
-0.0003056676337
-0.0001525996581
-8.500901542e-05
-0.0001880961302
-3.079975577e-05
-6.218355409e-05
-5.346975678e-05
-6.609938236e-05
-0.0001256701068
6.004314501e-05
-0.0001084927874
3.964211266e-05
-8.454652994e-05
9.673474028e-06
-1.348701895e-05
-5.984635038e-05
9.536990066e-06
2.360251196e-05
2.277481061e-05
0.0004066914016
-6.49335914e-05
7.16059285e-05
-5.673698394e-05
-4.512838932e-05
-6.545448018e-05
-1.261983295e-05
-8.270845142e-05
-2.105570914e-09
-9.351939727e-05
-4.378019775e-06
-1.785966097e-05
-0.0007541401847
-0.0007082339601
-0.0006689366722
-0.0001382425291
-0.0005840264875
-0.0001069399587
-0.0006785679566
-7.642574545e-05
-0.00102379874
-5.94772183e-05
-0.001578187725
-2.293209965e-05
-0.00174236274
0.000217181241
-0.001229789922
0.0005332781868
-0.0006333155753
0.0006020188799
-0.000353141235
0.0004179913476
-0.0002969959879
0.0002795163228
-0.000345946889
0.0002602598423
-0.0004680384404
0.0003005436099
-0.0006712980558
0.0003143272297
-0.0006937291863
5.368874819e-05
-0.0005902654641
0.0001649628247
-0.0001726509064
-0.0001459617831
-2.735551316e-05
-2.590409377e-05
6.453280303e-07
-1.585606873e-05
-3.626184756e-06
-3.790020991e-05
-7.720955465e-05
-5.219947684e-06
-7.59281746e-05
-4.617371662e-05
-0.0001813138187
-7.290858766e-05
-3.726100931e-05
-5.084669843e-05
-7.568910486e-06
9.329915689e-06
-0.0001950325911
0.0007436612271
-0.00011244463
9.212583769e-05
-2.878093309e-05
-9.625356912e-05
-1.482789676e-05
3.631215935e-05
-2.43713527e-05
9.824973187e-06
-3.39342023e-05
9.611134498e-06
1.090431433e-05
-0.0006724912581
0.0002703156093
-0.0004290671081
-2.609040343e-05
-0.0002864857264
-2.702381809e-05
-0.0002933288865
-2.588614792e-05
-0.0004256417662
-2.398986766e-05
-0.000714678288
-1.089385998e-05
-0.001086416199
9.441969877e-05
-0.001221422483
0.0003301712594
-0.0009922087301
0.0005778463164
-0.0007202548967
0.0006425538665
-0.0006649484579
0.0005739161871
-0.0008557568588
0.0005551158747
-0.001412366992
0.0004865435514
-0.002140785966
-0.0005273321652
-0.001010786884
-0.002307735492
-0.0002591667647
0.0003502713609
-1.903743253e-05
-1.10359561e-05
-1.647908492e-06
-1.943135403e-07
4.304326026e-06
-2.139391891e-06
1.980820152e-05
-1.111740048e-05
2.524496151e-05
-2.61702126e-05
-6.384783353e-05
-0.0001889299058
-4.393607314e-05
-5.150078831e-05
-2.351843932e-06
-7.867882108e-06
1.702425229e-06
2.349178647e-06
0.0001629625317
0.0003190436694
0.000200716253
0.0002720031075
8.942985905e-05
-2.996907971e-05
-2.5483538e-05
8.876041071e-05
-6.651653027e-05
9.927410133e-05
-5.618376157e-05
5.020230602e-05
-0.0001748894933
0.001456761272
-0.0001342687601
1.142163576e-05
-0.0001134349321
5.827847376e-06
-0.0001193761067
2.820088385e-06
-0.0001649745922
4.39179298e-06
-0.0002873012643
1.641742301e-05
-0.0005235600157
5.827152143e-05
-0.0007840079602
0.0001745071202
-0.0009009446174
0.0003694852152
-0.0008535759341
0.0005622771217
-0.0008237831743
0.000626044162
-0.0009989133244
0.0005598691845
-0.001347217804
9.900401791e-05
-0.001391945116
-0.0009644447726
-0.0005097609478
-0.001433695448
-6.285788367e-05
0.0001452060415
-2.424279207e-07
3.112839644e-05
2.875509285e-07
3.978097189e-07
2.049925395e-06
1.111943011e-07
1.497070172e-05
-4.26802092e-07
4.870308251e-05
-2.803067947e-06
0.0001833040934
-0.0009145686658
5.485381797e-05
-0.0003214932376
1.014288194e-05
3.086572917e-06
4.84227421e-06
1.101809784e-05
0.0001139329465
7.59908985e-05
0.000179785562
0.0001272573484
3.728231264e-05
6.960648318e-05
-0.0004548400786
-2.069152884e-05
-0.001131326788
0.0003693325078
0.0002585688428
-0.000225216371
0.002937953115
-0.0001417159947
5.84771322e-05
-9.599111969e-05
3.64239189e-05
-7.947205074e-05
2.469623976e-05
-8.974638833e-05
2.175053715e-05
-0.0001294328703
2.587823713e-05
-0.0002111780562
4.121213323e-05
-0.0003443907006
8.409467867e-05
-0.0004801936578
0.0001763614574
-0.0005204248362
0.0003065519908
-0.0004442681857
0.0003932741916
-0.000325976095
0.000345296281
-0.0004042784387
0.0001410532179
-0.0004688002046
-0.001040430003
-0.0001704590345
-0.0006062955297
-3.082438679e-05
0.0001062753489
3.870564043e-07
3.934768171e-05
3.215016505e-06
2.488477279e-06
7.044636381e-06
3.304756212e-06
1.847197545e-05
5.844791499e-06
4.859269134e-05
1.664242244e-05
0.0004852787951
-0.002099247166
0.0002121705181
-0.001084988197
4.79446526e-05
-0.0006084401026
2.880159418e-05
7.066880127e-05
5.54900745e-05
3.323056318e-05
4.952527902e-05
9.322038141e-05
-7.310178203e-06
0.0001121175503
-2.980241715e-05
-1.73346395e-05
-0.0003965440625
8.282164229e-06
3.522155177e-05
-0.0003903256383
0.004669968636
-0.0002534641227
0.0001401490673
-0.0001685307987
9.049130444e-05
-0.0001173855532
6.114200133e-05
-9.207464285e-05
4.614913028e-05
-8.699925289e-05
3.947235711e-05
-0.0001012233082
4.106081792e-05
-0.0001346674869
5.393075361e-05
-0.0001786158915
8.458706105e-05
-0.0002025525727
0.0001343076549
-0.0001671628067
0.0001794905836
-9.008710841e-05
0.0001716663888
-9.48761255e-05
7.492543536e-05
-0.0001703939771
-0.0008730586653
-9.425502981e-05
-0.0001628897321
-2.290479789e-05
7.913586741e-05
-6.452334343e-07
4.356431421e-05
8.095049349e-06
1.036901885e-05
2.442109889e-05
1.948302077e-05
4.579108594e-05
2.842826423e-05
6.596644829e-05
2.315012543e-05
0.0001131430792
-0.001831537866
-0.000263793721
-0.001641227024
-8.112365439e-05
-0.001230552703
0.000308491206
-0.0005428091276
0.0005740104884
-0.0002049021537
0.0009375844974
-2.001010875e-05
0.001145429328
-1.394096116e-05
0.0005508107122
0.0003258186784
0.0001062906504
3.369261655e-05
4.100038877e-05
-0.0005755271756
0.006547256072
-0.0003870305653
0.0002767338113
-0.0002592800627
0.000191232245
-0.0001750533336
0.0001313467037
-0.0001246965146
9.508457705e-05
-9.751037935e-05
7.118778319e-05
-8.439386419e-05
5.733077241e-05
-7.986285732e-05
5.267368497e-05
-7.983457801e-05
5.651546105e-05
-7.408563277e-05
6.740365196e-05
-5.755264148e-05
7.975773315e-05
-9.918471561e-05
0.0001012947069
-0.0005879312293
0.0003000129217
-0.0001405148596
-9.747863498e-06
-0.0001358959816
1.714798975e-05
-6.072130051e-05
0.0001110872705
-1.102479944e-05
6.575700076e-05
6.873267791e-06
2.27505712e-05
3.034973035e-05
4.158154788e-05
4.129781488e-05
4.772676286e-05
8.02205371e-05
2.266705792e-06
-0.0003098810626
-0.0006949558957
-0.0005706924886
-0.0005030886925
-0.0004908415158
-0.0006120285891
-0.0004374444688
-0.0002653113852
-0.000117559081
-0.0001700724109
-2.976533926e-05
-9.742519103e-06
1.517750486e-05
-0.0001028742186
0.0001323269132
0.0001897275931
0.0001389533314
0.0007228293821
9.820965321e-05
-0.001213659059
0.008357294817
-0.001157174281
0.000479269391
-0.001078324811
0.0004023008247
-0.0009384999772
0.0003161034975
-0.0007795782598
0.0002518240256
-0.0007059863658
0.0002161493012
-0.0008028800081
0.0002688532475
-0.001023697253
0.0004040838505
-0.001065455026
0.0004657167845
-0.000914291387
0.000464560231
-0.0006840145434
0.0004053946559
-0.000472765728
0.0003423151468
-0.0001128438269
0.0002802394108
-4.664889932e-05
7.91128341e-05
-2.493315738e-05
3.550086113e-05
0.0001613684268
0.0001017559843
0.000404328808
0.000166828172
0.0006782250501
0.0002258197858
0.0009454538045
0.0002889536037
0.001117514829
0.0003370140007
0.001088343307
-7.671765424e-05
0.0001117989568
-0.0001226624851
-0.0004400019473
-0.0002642593598
-0.0002404143141
-0.0004164398048
-0.0001809036576
-0.0001129948642
-4.677240973e-05
-7.427499394e-05
-6.254812675e-05
4.674867921e-05
2.181204341e-05
-5.197364698e-05
0.0001334464874
0.0004389833735
-0.0003594984545
0.0007516547644
0.0005141948364
-0.002966102643
0.009965940862
-0.004157285635
0.0004727996845
-0.005071634249
-6.06963096e-05
-0.004973053821
-0.0003226563348
-0.003640771427
-0.0003259692821
-0.001824972624
-4.670446323e-05
-0.001281771297
0.0006608095921
-0.001704944987
0.0008140577238
-0.001789857776
0.0009044065669
-0.001509223204
0.0009129369319
-0.001043029861
0.0008059444047
-0.0005848135729
0.0006256734164
-0.0002222884084
0.0004156341091
-7.311406573e-05
0.0001977445901
-2.960187458e-06
8.039675444e-05
0.0002421223784
0.0001001985131
0.00058998526
0.0001971741271
0.0008781918421
0.0002649359556
0.00101556611
0.0003230147905
0.001041163755
9.464061148e-05
0.0001767504527
-2.827589095e-05
-5.494983419e-05
-1.206817284e-05
-0.0003070631781
-1.254433802e-05
-0.0002492750583
-0.0003232171472
-0.0001219605587
2.043043063e-05
-0.0002904230561
5.07733666e-05
-0.0006540444477
0.0004579812318
-6.679690706e-05
0.0008324365067
-0.0003755932208
0.0005443869561
-0.001492910145
0.0008810795242
0.0009557792543
-0.001553439032
0.01075560044
-0.001515574288
0.0003458829665
-0.001375964254
0.000142814684
-0.001326110126
2.097961507e-05
-0.00131222161
7.004622835e-05
-0.001402294118
0.00030011006
-0.001448762204
0.0007580807098
-0.001824145376
0.001121532848
-0.002043316028
0.001241408411
-0.001868457771
0.001321358018
-0.001362885723
0.001270546502
-0.0007903135276
0.001051250997
-0.0003604380163
0.000736894921
-0.0001409010983
0.000421115002
-3.815427388e-05
0.0002122676593
0.0001282733553
9.504099631e-05
0.0002688471638
0.0001459067161
0.0003599329007
0.0001756937908
0.0003051223012
0.0002216665585
-2.891495311e-06
-7.042890333e-06
-4.54681962e-06
-1.084986039e-05
-2.204568764e-06
-3.627190606e-06
1.744195407e-06
-3.169277361e-06
-0.0003774300691
-6.263834769e-06
-0.0001207745365
0.0001987868338
-0.0001115118458
0.0001045160199
-0.0001486893869
0.0003526100472
-0.0001793762031
0.0009493167912
-0.0004906448267
0.0003260621927
-0.001261970106
0.0005347528519
0.0008605319994
-0.001357206762
0.01248191589
-0.0009850894486
0.0005281378826
-0.0006367706769
0.0003606984353
-0.0005107514145
0.000260051915
-0.0005456185149
0.0002462714606
-0.000717059737
0.0003300595627
-0.001064110043
0.0006735903755
-0.001690821172
0.00166361851
-0.001918920403
0.002422994329
-0.002010657531
0.001856132341
-0.001656783165
0.001701851155
-0.001073402652
0.00159542916
-0.0005476838109
0.001247472949
-0.0002278299029
0.0007899118742
-7.488144345e-05
0.0004004161352
1.497652444e-05
9.391137001e-05
6.736068706e-05
0.0001065348489
8.438796818e-05
0.0001142850045
9.672680366e-06
0.0001117296972
-3.542252777e-06
-6.107275427e-08
-1.140733497e-06
-2.418737235e-06
1.699599626e-08
-8.556761112e-07
1.555357494e-06
-5.73099154e-07
8.076920038e-07
2.707236574e-06
-0.000109297655
-4.364644788e-05
1.692275441e-05
0.0003670094218
-0.0001161939728
0.0006441797435
-0.0001366254446
0.0006613229633
-0.0002138626459
0.0002722011536
-0.0004569040806
0.0003428141017
0.0005588345843
-0.001432964447
0.01408596718
-0.0011451874
0.0007818984078
-0.0008640650099
0.0005936602979
-0.0006379753245
0.0004914794443
-0.0004677276867
0.0004373936794
-0.0003619864397
0.0004028343293
-0.0003683181354
0.0004707149333
-0.0007948990278
0.001740268358
-0.001615529522
0.004447843133
-0.00187209697
0.002094806508
-0.001760498715
0.00181587514
-0.001312556068
0.001979154187
-0.0007603163355
0.001790360288
-0.0003232002038
0.001257242169
-8.480163973e-05
0.0006202325057
-3.470070316e-05
0.0001061850431
-1.312059666e-05
9.975206891e-05
-9.517894038e-06
8.332212599e-05
-3.846506523e-06
5.397736756e-05
-9.568160785e-07
6.256368618e-06
-3.185442452e-07
-6.383273625e-09
7.219160934e-09
-5.956952725e-09
1.965248644e-07
3.904824156e-09
9.092879333e-06
1.923662793e-05
0.0003113548328
-0.0008661202677
0.0001385045282
-0.0002684336532
-0.0002416393561
0.0002959554166
-0.000210896568
0.00056214791
-0.0001879381949
0.0003605939191
-0.000163858366
0.0005018175355
0.0006771580356
-0.001397903971
0.01499323559
-0.00119755431
0.001020652243
-0.0009594105899
0.0008170628717
-0.0007320559147
0.000713068448
-0.0005094629921
0.0006580638874
-0.0003142439107
0.0005722826147
-0.0001580863614
0.0005135397468
-0.0003299454062
0.001797769559
-0.00133337983
0.00499471443
-0.00146281554
0.00177048886
-0.001544819097
0.001475742028
-0.001370812469
0.001889202385
-0.0009254700794
0.002060720138
-0.0004224400044
0.001658326559
-0.0001008882351
0.0008499699647
-6.034057804e-05
0.000139627962
-3.7501175e-05
0.000116403745
-2.281491073e-05
7.594011802e-05
-7.059141371e-06
3.91027148e-05
-4.925474471e-07
8.65050871e-06
-1.040830168e-07
5.808658251e-07
1.145988332e-08
1.406878275e-07
2.252008122e-07
4.276653063e-07
1.340556943e-05
2.147288961e-05
0.0005081229718
-0.001067897593
0.0006788234786
-0.0007981894429
0.0004975873991
-0.0002518169315
0.0002760550393
0.0002557119361
0.0001561216547
0.0004919416079
-8.562055232e-06
0.0009963352045
0.001156966822
-0.001320541176
0.01511004882
-0.00122574829
0.001238330886
-0.00100695938
0.001068426668
-0.0008200562033
0.0009322651772
-0.0006171550575
0.000912267024
-0.0004508713705
0.000844528776
-0.000468589386
0.0008530281979
-0.001002896551
0.00189113133
-0.0009701965991
0.003525311989
-0.0009420521172
0.001154170207
-0.001095345459
0.0009484023212
-0.00118334975
0.001384596817
-0.0009678800573
0.001867409605
-0.0005168443445
0.001797987812
-0.0001453276385
0.001026121854
-9.690369367e-05
0.0002130438859
-5.74810139e-05
0.0001584941001
-3.00281396e-05
8.818388167e-05
-1.01555208e-05
3.966471441e-05
-1.812913898e-06
1.191032844e-05
-4.077962921e-07
2.320268244e-06
3.439378901e-08
6.952317743e-07
7.713121719e-07
1.42885783e-06
1.24914763e-05
2.341373185e-05
0.0003077028813
-0.0007020700766
0.0005764117789
-0.000517324594
0.000831760097
-0.0004457751276
0.0008222157719
0.0001463754829
0.0006244880599
0.0004695431758
0.0002618053639
0.000630737354
0.001066901463
-0.001192627135
0.01459928355
-0.001272157925
0.001380249048
-0.001046269884
0.00137979654
-0.0009066972799
0.001145414246
-0.0007402445798
0.001169753892
-0.000623192751
0.001117856057
-0.0007173971696
0.001078675224
-0.001000409754
0.001425997015
-0.0006260680625
0.001851822987
-0.0005527065962
0.0006663838531
-0.0006648248586
0.0005656020606
-0.0008552294353
0.0008761978414
-0.0008761706025
0.0013923833
-0.0005889730756
0.001628660284
-0.00023162641
0.00109296418
-0.0001530978967
0.000338038917
-8.556111659e-05
0.0002184014398
-4.955329147e-05
9.423014177e-05
-1.416144427e-05
-4.376026595e-05
-3.857087583e-06
1.724218534e-05
-9.181203089e-07
5.547012073e-06
6.202932013e-08
1.864114672e-06
1.518784123e-06
2.928015302e-06
1.287096799e-05
2.812207114e-05
0.0001427996697
-0.0003385115993
0.0002565839362
-0.0001851302514
0.0007473676666
-0.0002463879352
0.001599389117
0.0003976872068
0.0009308009538
0.0008414936074
0.0001960592716
0.0003527487842
0.0004063454526
-0.0009841046547
0.01382225471
-0.001279894267
0.001341150741
-0.001080147014
0.001658182942
-0.0009857437457
0.001317621984
-0.0008291152043
0.001381064367
-0.00067120991
0.001287093117
-0.0006233078144
0.001044895566
-0.0006646605872
0.0008385281618
-0.0003911060238
0.0008534855325
-0.0003504229484
0.0004033231943
-0.0004456963795
0.0003833961315
-0.0006292937831
0.0006031681742
-0.0007680627427
0.001012164258
-0.0006591323854
0.001363745597
-0.0003579590119
0.00110069145
-0.000225813846
0.0004979590459
-0.0001453402378
0.0002742062107
-0.0002369298789
3.639585623e-05
-1.673647749e-05
-0.001106554328
-6.285452905e-06
2.512684888e-05
-1.571218704e-06
1.025772364e-05
8.522331904e-08
3.70729573e-06
2.395648101e-06
4.894662997e-06
1.483272949e-05
3.769990363e-05
5.129909384e-05
-0.0001219191259
8.426720948e-05
-5.740663701e-05
0.0006005261418
-9.930259807e-05
0.001052044486
7.436331406e-05
0.0004700197582
0.0005730994964
7.788094619e-05
0.000192967082
0.0001708550788
-0.0007627820731
0.01308430408
-0.001150637658
0.001134351881
-0.00106385438
0.001643012151
-0.001023300684
0.001356008827
-0.0008625721841
0.001455656587
-0.0006149602345
0.001287931363
-0.0004234374038
0.0008697263962
-0.0003859319236
0.0004585761877
-0.0002706373623
0.000417862233
-0.0002805287013
0.0002823044955
-0.0003852527254
0.0003257362196
-0.0005705533269
0.0005248852924
-0.0007592712947
0.000873352412
-0.000760721773
0.00122498514
-0.0005071016663
0.001137445959
-0.0003101848951
0.0006590898369
-0.0002600049032
0.0003074159576
-0.0005022773205
-0.00020284672
-1.9766052e-05
-0.00170245567
-8.723012482e-06
3.5544286e-05
-2.2974663e-06
1.626096982e-05
6.247794116e-08
6.259670379e-06
3.606754984e-06
7.781450042e-06
2.106611259e-05
5.47044943e-05
2.883439548e-05
-4.577086742e-06
3.266398561e-05
-3.413942865e-07
0.0002644092742
1.193124247e-05
0.0001480011732
0.0001233668528
-7.047550729e-05
0.0003592989057
-0.0001183147327
0.0001818356383
0.0001644998911
-0.0005937712948
0.01249206433
-0.0009073153134
0.000873908369
-0.0009447025203
0.001306252224
-0.0009518256435
0.001189187351
-0.000800845169
0.001307078903
-0.0005160037672
0.001112196746
-0.0002845631487
0.0006564606548
-0.0002512506648
0.0002731725216
-0.0002206533762
0.0002489595521
-0.000266741586
0.0002339748765
-0.0003938898481
0.000320481228
-0.0005976184094
0.0005326676824
-0.0008149748785
0.0008681907061
-0.0008702097357
0.001214595982
-0.0006467193624
0.001197916547
-0.0003883035843
0.0007738039767
-0.0003489625428
0.0003749164545
-0.0007578912974
6.607000253e-05
-2.556733723e-05
-0.0001472718438
-1.261192089e-05
4.455425772e-05
-3.678833659e-06
2.242577962e-05
-1.076731979e-08
9.688605653e-06
5.902153741e-06
1.345290335e-05
3.550249201e-05
8.357958452e-05
2.822141483e-05
7.836295221e-05
2.893679091e-05
6.239002048e-05
7.095448095e-05
0.0001186809591
-0.0001018892544
0.0001406730643
-0.0002112509178
0.0002919642598
-0.0002164516574
0.0002608934232
0.0002195309405
-0.0004703185171
0.01210273565
-0.0006627210393
0.0006406764866
-0.000749634507
0.0008865395325
-0.0007714745405
0.0008695952092
-0.0006439818941
0.0009708152996
-0.0004008370296
0.0008177203064
-0.0002137133244
0.0004577028369
-0.0001935641276
0.0001970628773
-0.0001977845589
0.0001880916727
-0.0002607949636
0.0002139203511
-0.0004006466698
0.0003192796195
-0.0006209024534
0.0005389987466
-0.0009139751763
0.0008753108775
-0.001420532659
0.001272895966
-0.002779668041
0.001569285657
-0.005540792344
0.001980186383
-0.008501715594
0.003281854821
-0.00957772766
0.006339917871
0.001021595786
0.01363494109
0.001862702176
0.00197412426
0.001090505935
0.0008528224588
0.0002088289871
0.0002990674907
1.999256471e-05
5.705300605e-05
5.284460128e-05
0.0001484554403
3.485371401e-05
0.0001343122314
3.370160704e-05
8.732987224e-05
6.493760692e-05
0.0001093322097
-2.168793597e-05
0.0001176638438
-0.0002309267916
0.000247063534
-0.0003216515016
0.0003869898725
0.0003972076266
-0.0003770872023
0.01200638101
-0.0004620052262
0.0004763028145
-0.0005299617605
0.0005634903023
-0.0005511656099
0.0005478644448
-0.000466255789
0.0006087825448
-0.0003013485007
0.000519299524
-0.0001818691766
0.0003097672588
-0.0001670931629
0.000170424542
-0.0001802332003
0.0001669631678
-0.000242932338
0.0002006975266
-0.0003749113472
0.0003031975623
-0.0005816538171
0.0005083249063
-0.0008299528714
0.0008210978915
-0.001087588697
0.001180709018
-0.001546308205
0.00141941725
-0.002677164568
0.001572318103
-0.004485753724
0.002497581786
-0.005477166155
0.005519819739
0.0004301858656
0.01291537376
0.0007191218853
0.00120646073
0.0002135048904
0.0004727470211
7.498110927e-07
0.0001536095881
7.66263414e-06
6.398810877e-05
6.429118871e-05
0.0002567024303
3.039143626e-05
0.0001599171229
3.296169184e-05
8.660370244e-05
5.99961782e-05
9.619132017e-05
4.882877296e-05
0.0001030991727
1.010993504e-05
0.0001581265145
-0.0001726918114
0.0003323961605
0.0006762818642
-0.0003210659009
0.0122741139
-0.0003364611945
0.0003922495447
-0.0003658936169
0.0003921475772
-0.0003733194847
0.0003507410333
-0.000325545274
0.0003728628055
-0.000234967944
0.0003293831974
-0.0001680980756
0.000232231868
-0.0001532092002
0.0001661174348
-0.0001640365404
0.0001619313098
-0.0002165806566
0.000190611533
-0.0003279128563
0.0002779571578
-0.0005037159818
0.0004539828998
-0.0007139735468
0.0007276890919
-0.0008966156034
0.001058945435
-0.000995251257
0.001312810698
-0.001221589099
0.001338959507
-0.002001657429
0.001619353095
-0.002895173123
0.00355588311
-7.845633756e-05
0.009499269481
-5.129097942e-06
0.0005644084374
-4.118502374e-05
0.0002762276322
-3.397800983e-05
0.0001591646318
1.27986818e-06
0.000112866457
4.392112318e-05
0.0003641946136
1.710431333e-05
0.0001426460739
3.1562364e-05
7.981231362e-05
6.013737013e-05
9.790692014e-05
7.901063565e-05
0.0001118307716
8.981610458e-05
0.0001425264703
9.439304131e-05
0.0002434794244
0.0006060149629
-0.0003081157746
0.01285427544
-0.0002842704421
0.0003774323669
-0.0002855688735
0.0003362992725
-0.0002789195779
0.0002760139965
-0.0002510997705
0.0002761917728
-0.0002042934175
0.0002537095538
-0.0001652219585
0.0002103157549
-0.0001493189819
0.0001766365658
-0.0001549415412
0.0001701196445
-0.0001952772131
0.0001909452088
-0.0002850314355
0.0002609779068
-0.0004320745545
0.0004068461527
-0.0006180045151
0.0006444684941
-0.0008085981224
0.000959822075
-0.0009014821919
0.001273904598
-0.0008895777476
0.001390101426
-0.001061439896
0.00140972625
-0.001585528148
0.002157408082
-0.0002300113006
0.005583567578
-0.0001662336883
0.0005352236208
-0.0001119369474
0.0003423370263
-6.344714336e-05
0.0002317239894
-2.602209887e-05
0.0001809083474
-8.432124799e-07
0.0003882825618
7.484795219e-06
0.0001168510402
3.371471503e-05
8.395692728e-05
7.016458375e-05
0.0001205334205
0.0001077073297
0.0001492909735
0.0001469020011
0.0001816513133
0.0001923768875
0.0002512151243
0.0004912669782
-0.0003429462096
0.01346906995
-0.0002878917055
0.0004234114192
-0.0002669002073
0.0003510731905
-0.000248910437
0.0002737830299
-0.0002277849623
0.0002611393796
-0.0002002378158
0.000245542605
-0.0001745353135
0.0002235055206
-0.0001598968809
0.0002042733052
-0.0001627292771
0.0001986251317
-0.0001947883311
0.0002159391085
-0.0002692939121
0.0002754775858
-0.0003961977984
0.0004012374393
-0.0005716659318
0.0006151041207
-0.0007950674565
0.0009305306933
-0.0009589591324
0.001303184781
-0.0009538523474
0.001558539558
-0.0009272826836
0.001592393626
-0.00107243407
0.001733185621
-0.0004230013695
0.002794870704
-0.0002872687256
0.0007733982302
-0.0001658653745
0.0004950398634
-9.071282202e-05
0.0003174423562
-5.081676774e-05
0.0002396105666
-9.834065493e-06
0.0003475088754
3.600972564e-06
0.000113833342
4.409328259e-05
0.0001155749983
9.384654954e-05
0.0001762012959
0.000147279986
0.0002199912932
0.0002052877948
0.0002601092057
0.0002708896477
0.000318594257
0.0004732632776
-0.0005054148051
0.01252612782
-0.0003544601478
0.0005445808098
-0.000319833596
0.0004282645019
-0.0002571790614
0.0002564286609
-0.0002352130048
0.0002889348111
-0.0002160474149
0.0002740135004
-0.0001995771441
0.0002624314014
-0.0001905951964
0.0002550364899
-0.0001964948993
0.0002580424573
-0.0002280301226
0.0002821480716
-0.0002974366698
0.0003447106141
-0.0004167963829
0.000468054268
-0.0006039770048
0.0006829510315
-0.000852126958
0.0009892133111
-0.001056221503
0.001349769777
-0.00111584181
0.001661828956
-0.001114565056
0.001845814357
-0.001132742136
0.001917578384
-0.0008386881908
0.002037173583
-0.0005813731458
0.001311148808
-0.0002937466375
0.0008729576399
-0.0001177356995
0.0004981078614
-6.634526761e-05
0.0002940938701
-1.830653292e-05
0.0003156926593
9.467490438e-08
0.0001392518143
6.076623224e-05
0.0001899053071
0.0001204406138
0.0002598263498
0.0001807976082
0.0003040962937
0.0002424045305
0.0003428272457
0.0003030133951
0.0003927546062
0.000497452491
-0.00343221192
0.005493475878
-0.002025704255
0.0006465772696
-0.0009031286141
0.0003407541788
-0.0003300331715
-0.002214169048
-0.000264393202
0.0001306988411
-0.0002489600168
0.0003288258875
-0.000241801988
0.0003243404887
-0.0002437013721
0.0003318412809
-0.0002602420268
0.0003535012975
-0.0002999034497
0.0003975904925
-0.0003705719233
0.0004759051329
-0.000479876679
0.0005984275171
-0.000656820503
0.0007835869086
-0.0008709026844
0.0009671769646
-0.001063906101
0.001174576933
-0.00123075793
0.001488873983
-0.00139112017
0.001891943149
-0.00154815401
0.002227209234
-0.001534211187
0.002388111133
-0.001211594937
0.002157044642
-0.0005631372776
0.001637554909
-0.0001506948313
0.0008843610369
-8.305406827e-05
0.0003864887084
-3.502956401e-05
0.0003382887948
-1.653464406e-05
0.0002181623641
6.120258389e-05
0.0002822401126
0.000121485413
0.0003271547137
0.000177327654
0.0003655571033
0.0002325867448
0.0004059229269
0.0002622016546
0.0004728390212
0.0005525883231
0.004286124332
-0.005558622706
0.00720423336
-0.004922240643
0.007803660021
-0.002337588984
0.01762095747
0.000173193608
-8.389707847e-05
0.0008854982186
-0.0003186046395
0.0004996537698
-0.0003155451134
0.0004017187278
-0.0003251374435
0.0004230298688
-0.0003475023598
0.000465032641
-0.0003808796663
0.0005274609621
-0.0004214604801
0.0006090634464
-0.0005074943985
0.0007236662795
-0.0006108700447
0.0007683306803
-0.0007004264098
0.0007311712223
-0.0008655371985
0.0007749726107
-0.001136083528
0.0009846172005
-0.001430135189
0.001435088619
-0.001619325938
0.001930064262
-0.001577887464
0.002141847736
-0.001207100908
0.001941957459
-0.0006317538702
0.001504227424
-0.0002051427139
0.001016471107
-0.0001193688532
0.0005622458026
-6.963994515e-05
0.0004403777037
-5.383862892e-05
0.0003587435553
2.38717682e-05
0.0003406356272
7.35290989e-05
0.0003511404027
0.0001029496083
0.0004017328773
1.36543939e-05
0.0007110512175
-0.0001311747463
0.001115874407
0.0006546572772
0.003044156301
0.0032921115
0.002488888941
-0.004884972737
4.722502116e-05
0.0001034749934
-0.0004095775551
0.001063412673
-0.0003274932327
0.001000233683
-0.0003517792802
0.0005472602234
-0.0003375268981
0.0004745775682
-0.000339118491
0.0004936878423
-0.0003494322757
0.0005396351096
-0.0003602873133
0.0006029678546
-0.0003650920338
0.0006693463538
-0.0003528503871
0.0007205284075
-0.0003313004153
0.0006650778137
-0.000346754118
0.0005776547803
-0.0004353586426
0.0005844110185
-0.0005978087502
0.0007010120464
-0.0007699422182
0.0009623014944
-0.0008161119358
0.001275591291
-0.0006901972887
0.001392897525
-0.0005289413901
0.00126253639
-0.0004268345634
0.001102290438
-0.0003053108729
0.001061850656
-0.0002038382327
0.0008910508706
-0.0001302085555
0.000708635812
-7.194338808e-05
0.0005580718085
-2.04241262e-05
0.0003341711336
6.455021544e-06
0.0003203636349
-1.491807955e-05
0.0003685868945
-0.0002458015459
0.0006520357842
-0.0003844121658
0.001079915029
0.0008255264951
0.001205628758
0.002868016144
-0.008347992333
-0.01026955596
-0.009329198244
-0.008521142667
-0.007638039968
-0.006769129648
-0.005923097193
-0.005081838721
-0.004262109871
-0.003572992774
-0.003352927165
-0.004139021387
-0.006461871562
-0.009812787166
-0.01203358957
-0.01147931178
-0.008882080829
-0.005993329787
-0.003545702399
-0.001494105932
-0.0009879303075
-0.001645328149
-0.001181059959
-0.00126821311
-0.001677419092
-0.002282773774
-0.002720136412
-0.002551585703
)
;

boundaryField
{
    walls
    {
        type            calculated;
        value           nonuniform List<scalar> 
79
(
1.381561817e-10
1.566274413e-10
1.800588102e-10
2.135525023e-10
2.6652554e-10
3.418978527e-10
4.147494787e-10
3.785078938e-10
2.745011063e-10
2.600683346e-10
2.782682095e-10
2.907635579e-10
2.98638016e-10
3.025606597e-10
3.225681346e-10
3.881152083e-10
5.623746775e-10
6.38261092e-10
4.151304898e-10
3.168856972e-10
2.220684323e-10
1.456800061e-10
1.734311842e-10
1.689287575e-10
2.001661194e-10
2.37069355e-10
2.712427086e-10
3.050678465e-10
3.381461054e-10
3.23068556e-10
3.298934258e-10
3.314173049e-10
3.147760044e-10
2.785146057e-10
2.290231494e-10
1.771056059e-10
1.332325331e-10
1.002008334e-10
7.812878277e-11
6.631869179e-11
6.390255945e-11
7.049494369e-11
8.492709076e-11
1.468509296e-10
3.120468191e-10
9.146359093e-10
4.865044602e-10
7.896600442e-10
6.635337919e-10
1.021003738e-09
3.830813623e-10
1.542107299e-10
9.169313746e-11
7.355422327e-11
6.685159775e-11
6.542871634e-11
6.867413468e-11
7.535188e-11
8.379950383e-11
9.229382956e-11
1.011982097e-10
1.232885588e-10
1.854597092e-10
3.14940154e-10
5.016233167e-10
6.696890884e-10
7.142960978e-10
6.455350208e-10
5.47642367e-10
4.583842166e-10
4.295845414e-10
8.379208007e-10
5.869389048e-10
2.812921508e-10
3.176265395e-10
4.537435757e-10
6.179157092e-10
7.00966716e-10
6.13641845e-10
)
;
    }
    wallFilmFace_top
    {
        type            calculated;
        value           uniform 0;
    }
    region0_to_wallFilmRegion_wallFilmFace
    {
        type            calculated;
        value           uniform 0;
    }
    mirrorFace_top
    {
        type            calculated;
        value           nonuniform List<scalar> 0();
    }
    region0_to_wallFilmRegion_mirrorFace
    {
        type            calculated;
        value           nonuniform List<scalar> 0();
    }
    procBoundary1to0
    {
        type            processor;
        value           nonuniform List<scalar> 
52
(
0.008363364421
0.0003600896897
0.0002908169728
0.000275546637
0.0002974942968
0.0003336089963
0.0003830288304
-0.0004490049373
0.0006316358717
0.001250215997
0.002207975058
0.003302316714
-0.006803949806
-1.68891589e-06
3.536525916e-06
-0.0001313518984
-1.321123836e-05
-3.294147637e-05
0.001054580803
0.001721090489
-0.0008881226927
0.002378460308
7.733097443e-05
-5.202009124e-07
2.05783415e-05
-2.806545688e-10
3.75255597e-09
-0.000187478529
-3.267707792e-06
-6.858363028e-05
-0.00023795413
-0.0002913699951
-0.0007679942813
-0.0001174277158
7.462480527e-05
-0.0004366964552
0.0002098195183
0.0003258175243
-0.0001057657932
0.0002147640307
-0.0002893539704
8.714380059e-05
1.784638965e-06
1.545875727e-06
-1.855317295e-05
-5.106550654e-06
5.712949298e-06
2.312123646e-07
2.156257491e-08
1.197616803e-05
1.04378785e-05
5.824329215e-06
)
;
    }
    procBoundary1to2
    {
        type            processor;
        value           nonuniform List<scalar> 
33
(
-4.975749226e-05
-1.568711464e-06
-4.843311244e-06
2.070451365e-07
-7.430487511e-05
-1.298931385e-05
-4.802180309e-05
2.924679086e-05
-0.0007377363554
-0.0005117416421
3.543767335e-05
2.840279596e-05
-0.000568986726
-0.001685565836
-0.002440719487
-0.001027974352
-0.0003993007459
-0.0001345224397
-0.0001969800348
-0.0001987540888
-1.129397818e-05
-8.951078116e-05
-0.0001351867411
-0.0002162516406
-0.0003127747574
7.461295126e-06
0.0002461369943
0.0003499265413
0.0003490201396
0.0002009821952
-8.362666233e-05
-0.000301424026
-0.001870689312
)
;
    }
}


// ************************************************************************* //
