/*--------------------------------*- C++ -*----------------------------------*\
  =========                 |
  \\      /  F ield         | OpenFOAM: The Open Source CFD Toolbox
   \\    /   O peration     | Website:  https://openfoam.org
    \\  /    A nd           | Version:  8
     \\/     M anipulation  |
\*---------------------------------------------------------------------------*/
FoamFile
{
    version     2.0;
    format      ascii;
    class       volScalarField;
    location    "0.1/wallFilmRegion";
    object      Cp;
}
// * * * * * * * * * * * * * * * * * * * * * * * * * * * * * * * * * * * * * //

dimensions      [0 2 -2 -1 0 0 0];

internalField   nonuniform List<scalar> 
1342
(
4182.948099
4182.948099
4182.948099
4182.948099
4182.948099
4182.948099
4182.948099
4182.948099
4182.948099
4182.948099
4182.948099
4182.948099
4182.948099
4182.948099
4182.948099
4182.948099
4182.948099
4182.948099
4182.948099
4182.948099
4182.948099
4182.948099
4182.948099
4182.948099
4182.948099
4182.948099
4182.948099
4182.948099
4182.948099
4182.948099
4182.948099
4182.948099
4182.948099
4182.948099
4182.948099
4182.948099
4182.948099
4182.948099
4182.948099
4182.948099
4182.948099
4182.948099
4182.948099
4182.948099
4182.948099
4182.948099
4182.948099
4182.948099
4182.948099
4182.948099
4182.948099
4182.948099
4182.948099
4182.948099
4182.948099
4182.948099
4182.948099
4182.948099
4182.948099
4182.948099
4182.948099
4182.948099
4182.948099
4182.948099
4182.948099
4182.948099
4182.948099
4182.948099
4182.948099
4182.948099
4182.948099
4182.948099
4182.948099
4182.948099
4182.948099
4182.948099
4182.948099
4182.948099
4182.948099
4182.948099
4182.948099
4182.948099
4182.948099
4182.948099
4182.948099
4182.948099
4182.948099
4182.948099
4182.948099
4182.948099
4182.948099
4182.948099
4182.948099
4182.948099
4182.948099
4182.948099
4182.948099
4182.948099
4182.948099
4182.948099
4182.948099
4182.948099
4182.948099
4182.948099
4182.948099
4182.948099
4182.948099
4182.948099
4182.948099
4182.948099
4182.948099
4182.948099
4182.948099
4182.948099
4182.948099
4182.948099
4182.948099
4182.948099
4182.948099
4182.948099
4182.948099
4182.948099
4182.948099
4182.948099
4182.948099
4182.948099
4182.948099
4182.948099
4182.948099
4182.948099
4182.948099
4182.948099
4182.948099
4182.948099
4182.948099
4182.948099
4182.948099
4182.948099
4182.948099
4182.948099
4182.948099
4182.948099
4182.948099
4182.948099
4182.948099
4182.948099
4182.948099
4182.948099
4182.948099
4182.948099
4182.948099
4182.948099
4182.948099
4182.948099
4182.948099
4182.948099
4182.948099
4182.948099
4182.948099
4182.948099
4182.948099
4182.948099
4182.948099
4182.948099
4182.948099
4182.948099
4182.948099
4182.948099
4182.948099
4182.948099
4182.948099
4182.948099
4182.948099
4182.948099
4182.948099
4182.948099
4182.948099
4182.948099
4182.948099
4182.948099
4182.948099
4182.948099
4182.948099
4182.948099
4182.948099
4182.948099
4182.948099
4182.948099
4182.948099
4182.948099
4182.948099
4182.948099
4182.948099
4182.948099
4182.948099
4182.948099
4182.948099
4182.948099
4182.948099
4182.948099
4182.948099
4182.948099
4182.948099
4182.948099
4182.948099
4182.948099
4182.948099
4182.948099
4182.948099
4182.948099
4182.948099
4182.948099
4182.948099
4182.948099
4182.948099
4182.948099
4182.948099
4182.948099
4182.948099
4182.948099
4182.948099
4182.948099
4182.948099
4182.948099
4182.948099
4182.948099
4182.948099
4182.948099
4182.948099
4182.948099
4182.948099
4182.948099
4182.948099
4182.948099
4182.948099
4182.948099
4182.948099
4182.948099
4182.948099
4182.948099
4182.948099
4182.948099
4182.948099
4182.948099
4182.948099
4182.948099
4182.948099
4182.948099
4182.948099
4182.948099
4182.948099
4182.948099
4182.948099
4182.948099
4182.948099
4182.948099
4182.948099
4182.948099
4182.948099
4182.948099
4182.948099
4182.948099
4182.948099
4182.948099
4182.948099
4182.948099
4182.948099
4182.948099
4182.948099
4182.948099
4182.948099
4182.948099
4182.948099
4182.948099
4182.948099
4182.948099
4182.948099
4182.948099
4182.948099
4182.948099
4182.948099
4182.948099
4182.948099
4182.948099
4182.948099
4182.948099
4182.948099
4182.948099
4182.948099
4182.948099
4182.948099
4182.948099
4182.948099
4182.948099
4182.948099
4182.948099
4182.948099
4182.948099
4182.948099
4182.948099
4182.948099
4182.948099
4182.948099
4182.948099
4182.948099
4182.948099
4182.948099
4182.948099
4182.948099
4182.948099
4182.948099
4182.948099
4182.948099
4182.948099
4182.948099
4182.948099
4182.948099
4182.948099
4182.948099
4182.948099
4182.948099
4182.948099
4182.948099
4182.948099
4182.948099
4182.948099
4182.948099
4182.948099
4182.948099
4182.948099
4182.948099
4182.948099
4182.948099
4182.948099
4182.948099
4182.948099
4182.948099
4182.948099
4182.948099
4182.948099
4182.948099
4182.948099
4182.948099
4182.948099
4182.948099
4182.948099
4182.948099
4182.948099
4182.948099
4182.948099
4182.948099
4182.948099
4182.948099
4182.948099
4182.948099
4182.948099
4182.948099
4182.948099
4182.948099
4182.948099
4182.948099
4182.948099
4182.948099
4182.948099
4182.948099
4182.948099
4182.948099
4182.948099
4182.948099
4182.948099
4182.948099
4182.948099
4182.948099
4182.948099
4182.948099
4182.948099
4182.948099
4182.948099
4182.948099
4182.948099
4182.948099
4182.948099
4182.948099
4182.948099
4182.948099
4182.948099
4182.948099
4182.948099
4182.948099
4182.948099
4182.948099
4182.948099
4182.948099
4182.948099
4182.948099
4182.948099
4182.948099
4182.948099
4182.948099
4182.948099
4182.948099
4182.948099
4182.948099
4182.948099
4182.948099
4182.948099
4182.948099
4182.948099
4182.948099
4182.948099
4182.948099
4182.948099
4182.948099
4182.948099
4182.948099
4182.948099
4182.948099
4182.948099
4182.948099
4182.948099
4182.948099
4182.948099
4182.948099
4182.948099
4182.948099
4182.948099
4182.948099
4182.948099
4182.948099
4182.948099
4182.948099
4182.948099
4182.948099
4182.948099
4182.948099
4182.948099
4182.948099
4182.948099
4182.948099
4182.948099
4182.948099
4182.948099
4182.948099
4182.948099
4182.948099
4182.948099
4182.948099
4182.948099
4182.948099
4182.948099
4182.948099
4182.948099
4182.948099
4182.948099
4182.948099
4182.948099
4182.948099
4182.948099
4182.948099
4182.948099
4182.948099
4182.948099
4182.948099
4182.948099
4182.948099
4182.948099
4182.948099
4182.948099
4182.948099
4182.948099
4182.948099
4182.948099
4182.948099
4182.948099
4182.948099
4182.948099
4182.948099
4182.948099
4182.948099
4182.948099
4182.948099
4182.948099
4182.948099
4182.948099
4182.948099
4182.948099
4182.948099
4182.948099
4182.948099
4182.948099
4182.948099
4182.948099
4182.948099
4182.948099
4182.948099
4182.948099
4182.948099
4182.948099
4182.948099
4182.948099
4182.948099
4182.948099
4182.948099
4182.948099
4182.948099
4182.948099
4182.948099
4182.948099
4182.948099
4182.948099
4182.948099
4182.948099
4182.948099
4182.948099
4182.948099
4182.948099
4182.948099
4182.948099
4182.948099
4182.948099
4182.948099
4182.948099
4182.948099
4182.948099
4182.948099
4182.948099
4182.948099
4182.948099
4182.948099
4182.948099
4182.948099
4182.948099
4182.948099
4182.948099
4182.948099
4182.948099
4182.948099
4182.948099
4182.948099
4182.948099
4182.948099
4182.948099
4182.948099
4182.948099
4182.948099
4182.948099
4182.948099
4182.948099
4182.948099
4182.948099
4182.948099
4182.948099
4182.948099
4182.948099
4182.948099
4182.948099
4182.948099
4182.948099
4182.948099
4182.948099
4182.948099
4182.948099
4182.948099
4182.948099
4182.948099
4182.948099
4182.948099
4182.948099
4182.948099
4182.948099
4182.948099
4182.948099
4182.948099
4182.948099
4182.948099
4182.948099
4182.948099
4182.948099
4182.948099
4182.948099
4182.948099
4182.948099
4182.948099
4182.948099
4182.948099
4182.948099
4182.948099
4182.948099
4182.948099
4182.948099
4182.948099
4182.948099
4182.948099
4182.948099
4182.948099
4182.948099
4182.948099
4182.948099
4182.948099
4182.948099
4182.948099
4182.948099
4182.948099
4182.948099
4182.948099
4182.948099
4182.948099
4182.948099
4182.948099
4182.948099
4182.948099
4182.948099
4182.948099
4182.948099
4182.948099
4182.948099
4182.948099
4182.948099
4182.948099
4182.948099
4182.948099
4182.948099
4182.948099
4182.948099
4182.948099
4182.948099
4182.948099
4182.948099
4182.948099
4182.948099
4182.948099
4182.948099
4182.948099
4182.948099
4182.948099
4182.948099
4182.948099
4182.948099
4182.948099
4182.948099
4182.948099
4182.948099
4182.948099
4182.948099
4182.948099
4182.948099
4182.948099
4182.948099
4182.948099
4182.948099
4182.948099
4182.948099
4182.948099
4182.948099
4182.948099
4182.948099
4182.948099
4182.948099
4182.948099
4182.948099
4182.948099
4182.948099
4182.948099
4182.948099
4182.948099
4182.948099
4182.948099
4182.948099
4182.948099
4182.948099
4182.948099
4182.948099
4182.948099
4182.948099
4182.948099
4182.948099
4182.948099
4182.948099
4182.948099
4182.948099
4182.948099
4182.948099
4182.948099
4182.948099
4182.948099
4182.948099
4182.948099
4182.948099
4182.948099
4182.948099
4182.948099
4182.948099
4182.948099
4182.948099
4182.948099
4182.948099
4182.948099
4182.948099
4182.948099
4182.948099
4182.948099
4182.948099
4182.948099
4182.948099
4182.948099
4182.948099
4182.948099
4182.948099
4182.948099
4182.948099
4182.948099
4182.948099
4182.948099
4182.948099
4182.948099
4182.948099
4182.948099
4182.948099
4182.948099
4182.948099
4182.948099
4182.948099
4182.948099
4182.948099
4182.948099
4182.948099
4182.948099
4182.948099
4182.948099
4182.948099
4182.948099
4182.948099
4182.948099
4182.948099
4182.948099
4182.948099
4182.948099
4182.948099
4182.948099
4182.948099
4182.948099
4182.948099
4182.948099
4182.948099
4182.948099
4182.948099
4182.948099
4182.948099
4182.948099
4182.948099
4182.948099
4182.948099
4182.948099
4182.948099
4182.948099
4182.948099
4182.948099
4182.948099
4182.948099
4182.948099
4182.948099
4182.948099
4182.948099
4182.948099
4182.948099
4182.948099
4182.948099
4182.948099
4182.948099
4182.948099
4182.948099
4182.948099
4182.948099
4182.948099
4182.948099
4182.948099
4182.948099
4182.948099
4182.948099
4182.948099
4182.948099
4182.948099
4182.948099
4182.948099
4182.948099
4182.948099
4182.948099
4182.948099
4182.948099
4182.948099
4182.948099
4182.948099
4182.948099
4182.948099
4182.948099
4182.948099
4182.948099
4182.948099
4182.948099
4182.948099
4182.948099
4182.948099
4182.948099
4182.948099
4182.948099
4182.948099
4182.948099
4182.948099
4182.948099
4182.948099
4182.948099
4182.948099
4182.948099
4182.948099
4182.948099
4182.948099
4182.948099
4182.948099
4182.948099
4182.948099
4182.948099
4182.948099
4182.948099
4182.948099
4182.948099
4182.948099
4182.948099
4182.948099
4182.948099
4182.948099
4182.948099
4182.948099
4182.948099
4182.948099
4182.948099
4182.948099
4182.948099
4182.948099
4182.948099
4182.948099
4182.948099
4182.948099
4182.948099
4182.948099
4182.948099
4182.948099
4182.948099
4182.948099
4182.948099
4182.948099
4182.948099
4182.948099
4182.948099
4182.948099
4182.948099
4182.948099
4182.948099
4182.948099
4182.948099
4182.948099
4182.948099
4182.948099
4182.948099
4182.948099
4182.948099
4182.948099
4182.948099
4182.948107
4182.948099
4182.948099
4182.948099
4182.9481
4182.948101
4182.948103
4182.9481
4182.948101
4182.948102
4182.948105
4182.948102
4182.948101
4182.948107
4182.948106
4182.948101
4182.9481
4182.948105
4182.948102
4182.948099
4182.948099
4182.948099
4182.948074
4182.948098
4182.948098
4182.948098
4182.948098
4182.948098
4182.948098
4182.948098
4182.948098
4182.948099
4182.948098
4182.948097
4182.948099
4182.948099
4182.948099
4182.948099
4182.948099
4182.948099
4182.948099
4182.948099
4182.948099
4182.948099
4182.948099
4182.948099
4182.948099
4182.948099
4182.948099
4182.948099
4182.948099
4182.948099
4182.948099
4182.948099
4182.948099
4182.948099
4182.948099
4182.948099
4182.948099
4182.948099
4182.948098
4182.948099
4182.948099
4182.948138
4182.948108
4182.948101
4182.948099
4182.948099
4182.948101
4182.948102
4182.948101
4182.948102
4182.948101
4182.948102
4182.948102
4182.948102
4182.948102
4182.948099
4182.948099
4182.948099
4182.948099
4182.948099
4182.948099
4182.948099
4182.948099
4182.948099
4182.948099
4182.948097
4182.948094
4182.948099
4182.948099
4182.948099
4182.948099
4182.948074
4182.948099
4182.948099
4182.948099
4182.948099
4182.948099
4182.948099
4182.948099
4182.948099
4182.948099
4182.948099
4182.948099
4182.948099
4182.948099
4182.948099
4182.948099
4182.948099
4182.948099
4182.948099
4182.948099
4182.948099
4182.948099
4182.948099
4182.948099
4182.948099
4182.948099
4182.948099
4182.948099
4182.948099
4182.948099
4182.948099
4182.948099
4182.948099
4182.948099
4182.9481
4182.948099
4182.9481
4182.9481
4182.9481
4182.9481
4182.948101
4182.948098
4182.948098
4182.948098
4182.948098
4182.948098
4182.948098
4182.948098
4182.948098
4182.948098
4182.948098
4182.948098
4182.948098
4182.948099
4182.948098
4182.948105
4182.948099
4182.948099
4182.948099
4182.948099
4182.948099
4182.948099
4182.948099
4182.948099
4182.948099
4182.948099
4182.9481
4182.9481
4182.948099
4182.948101
4182.948102
4182.948098
4182.948098
4182.948098
4182.948098
4182.948098
4182.948098
4182.948098
4182.948098
4182.948098
4182.948099
4182.948099
4182.948099
4182.948099
4182.948099
4182.948099
4182.948099
4182.948104
4182.948099
4182.948099
4182.948099
4182.948099
4182.948099
4182.948099
4182.948099
4182.9481
4182.948099
4182.948101
4182.9481
4182.9481
4182.9481
4182.948101
4182.948098
4182.948098
4182.948099
4182.948099
4182.948099
4182.948099
4182.948099
4182.948099
4182.9481
4182.948099
4182.9481
4182.9481
4182.948128
4182.9481
4182.948167
4182.948099
4182.948199
4182.948117
4182.948102
4182.948102
4182.948101
4182.948101
4182.948102
4182.948104
4182.948105
4182.9481
4182.9481
4182.948101
4182.9481
4182.948101
4182.948101
4182.948101
4182.948102
4182.948102
4182.948103
4182.948103
4182.948102
4182.948102
4182.948099
4182.948099
4182.948099
4182.948099
4182.948099
4182.948078
4182.9481
4182.948099
4182.948093
4182.948098
4182.948028
4182.948099
4182.948099
4182.948098
4182.948095
4182.948099
4182.948098
4182.948095
4182.948099
4182.948091
4182.948099
4182.948099
4182.948099
4182.948099
4182.948099
4182.948099
4182.948099
4182.948099
4182.948099
4182.948099
4182.948099
4182.948099
4182.948099
4182.948099
4182.948099
4182.948099
4182.948099
4182.948099
4182.948099
4182.9481
4182.948098
4182.948098
4182.948098
4182.948098
4182.948098
4182.948099
4182.948099
4182.948099
4182.948099
4182.948099
4182.948099
4182.9481
4182.9481
4182.9481
4182.9481
4182.948101
4182.948098
4182.948098
4182.948098
4182.948098
4182.948099
4182.948114
4182.948099
4182.948099
4182.948099
4182.948099
4182.948098
4182.948098
4182.948099
4182.948099
4182.9481
4182.948099
4182.948099
4182.948127
4182.948104
4182.948101
4182.9481
4182.948099
4182.948126
4182.948101
4182.948099
4182.948099
4182.9481
4182.948101
4182.948102
4182.948102
4182.948101
4182.948101
4182.9481
4182.948104
4182.948101
4182.948102
4182.948102
4182.9481
4182.948104
4182.948106
4182.948104
4182.948102
4182.948102
4182.948101
4182.9481
4182.9481
4182.948102
4182.948102
4182.948104
4182.948104
4182.948102
4182.948102
4182.948102
4182.948103
4182.948105
4182.948102
4182.948099
4182.948099
4182.948098
4182.948076
4182.948099
4182.948099
4182.948097
4182.9481
4182.948087
4182.948099
4182.948099
4182.9481
4182.948099
4182.948095
4182.948099
4182.948099
4182.9481
4182.9481
4182.948099
4182.9481
4182.948099
4182.948099
4182.948099
4182.948099
4182.948099
4182.948099
4182.948099
4182.948099
4182.948099
4182.948099
4182.948099
4182.948099
4182.948099
4182.948099
4182.948099
4182.948099
4182.9481
4182.9481
4182.948099
4182.948102
4182.948099
4182.948105
4182.948099
4182.9481
4182.948099
4182.948099
4182.948099
4182.948125
4182.948101
4182.948102
4182.948104
4182.948101
4182.948101
4182.9481
4182.9481
4182.9481
4182.948272
4182.948108
4182.948103
4182.948102
4182.948102
4182.9481
4182.948201
4182.94814
4182.948103
4182.948106
4182.948107
4182.948102
4182.948104
4182.948101
4182.948105
4182.948108
4182.948107
4182.948108
4182.9481
4182.948101
4182.9481
4182.948105
4182.9481
4182.9481
4182.948157
4182.948105
4182.948104
4182.948103
4182.948102
4182.948102
4182.9481
4182.948311
4182.948103
4182.948101
4182.948102
4182.948101
4182.948103
4182.9481
4182.948101
4182.948106
4182.948103
4182.948104
4182.948103
4182.9481
4182.948102
4182.948104
4182.948099
4182.948104
4182.948104
4182.948102
4182.948103
4182.948103
4182.948102
4182.948103
4182.948102
4182.948102
4182.948105
4182.948104
4182.948105
4182.948103
4182.948105
4182.948104
4182.948102
4182.948101
4182.948101
4182.948101
4182.948105
4182.948102
4182.948105
4182.948104
4182.948105
4182.948104
4182.948104
4182.948102
)
;

boundaryField
{
    walls
    {
        type            zeroGradient;
    }
    wallFilmFace_top
    {
        type            zeroGradient;
    }
    region0_to_wallFilmRegion_wallFilmFace
    {
        type            zeroGradient;
    }
    mirrorFace_top
    {
        type            zeroGradient;
    }
    region0_to_wallFilmRegion_mirrorFace
    {
        type            zeroGradient;
    }
    procBoundary2to0
    {
        type            processor;
        value           uniform 4182.948099;
    }
    procBoundary2to1
    {
        type            processor;
        value           uniform 4182.948099;
    }
    procBoundary2to3
    {
        type            processor;
        value           nonuniform List<scalar> 
64
(
4182.948099
4182.948099
4182.948099
4182.948099
4182.948108
4182.948105
4182.948106
4182.948104
4182.948101
4182.948099
4182.948099
4182.948099
4182.948099
4182.948099
4182.948099
4182.948099
4182.948099
4182.948099
4182.948099
4182.948099
4182.948099
4182.948099
4182.948099
4182.948099
4182.948099
4182.948099
4182.948099
4182.948099
4182.948099
4182.948099
4182.948101
4182.948104
4182.948101
4182.948104
4182.948105
4182.948099
4182.948099
4182.948099
4182.948099
4182.948101
4182.9481
4182.948104
4182.948103
4182.948101
4182.948101
4182.948101
4182.948099
4182.948103
4182.948099
4182.948099
4182.948099
4182.948099
4182.948099
4182.9481
4182.948105
4182.9481
4182.948101
4182.948105
4182.948101
4182.948101
4182.948102
4182.948101
4182.948101
4182.948101
)
;
    }
}


// ************************************************************************* //
