/*--------------------------------*- C++ -*----------------------------------*\
  =========                 |
  \\      /  F ield         | OpenFOAM: The Open Source CFD Toolbox
   \\    /   O peration     | Website:  https://openfoam.org
    \\  /    A nd           | Version:  8
     \\/     M anipulation  |
\*---------------------------------------------------------------------------*/
FoamFile
{
    version     2.0;
    format      ascii;
    class       volScalarField;
    location    "0.1/wallFilmRegion";
    object      T;
}
// * * * * * * * * * * * * * * * * * * * * * * * * * * * * * * * * * * * * * //

dimensions      [0 0 0 1 0 0 0];

internalField   nonuniform List<scalar> 
1342
(
300
300
300
300
300
300
300
300
300
300
300
300
300
300
300
300
300
300
300
300
300
300
300
300
300
300
300
300
300
300
300
300
300
300
300
300
300
300
300
300
300
300
300
300
300
300
300
300
300
300
300
300
300
300
300
300
300
300
300
300
300
300
300
300
300
300
300
300
300
300
300
300
300
300
300
300
300
300
300
300
300
300
300
300
300
300
300
300
300
300
300
300
300
300
300
300
300
300
300
300
300
300
300
300
300
300
300
300
300
300
300
300
300
300
300
300
300
300
300
300
300
300
300
300
300
300
300
300
300
300
300
300
300
300
300
300
300
300
300
300
300
300
300
300
300
300
300
300
300
300
300
300
300
300
300
300
300
300
300
300
300
300
300
300
300
300
300
300
300
300
300
300
300
300
300
300
300
300
300
300
300
300
300
300
300
300
300
300
300
300
300
300
300
300
300
300
300
300
300
300
300
300
300
300
300
300
300
300
300
300
300
300
300
300
300
300
300
300
300
300
300
300
300
300
300
300
300
300
300
300
300
300
300
300
300
300
300
300
300
300
300
300
300
300
300
300
300
300
300
300
300
300
300
300
300
300
300
300
300
300
300
300
300
300
300
300
300
300
300
300
300
300
300
300
300
300
300
300
300
300
300
300
300
300
300
300
300
300
300
300
300
300
300
300
300
300
300
300
300
300
300
300
300
300
300
300
300
300
300
300
300
300
300
300
300
300
300
300
300
300
300
300
300
300
300
300
300
300
300
300
300
300
300
300
300
300
300
300
300
300
300
300
300
300
300
300
300
300
300
300
300
300
300
300
300
300
300
300
300
300
300
300
300
300
300
300
300
300
300
300
300
300
300
300
300
300
300
300
300
300
300
300
300
300
300
300
300
300
300
300
300
300
300
300
300
300
300
300
300
300
300
300
300
300
300
300
300
300
300
300
300
300
300
300
300
300
300
300
300
300
300
300
300
300
300
300
300
300
300
300
300
300
300
300
300
300
300
300
300
300
300
300
300
300
300
300
300
300
300
300
300
300
300
300
300
300
300
300
300
300
300
300
300
300
300
300
300
300
300
300
300
300
300
300
300
300
300
300
300
300
300
300
300
300
300
300
300
300
300
300
300
300
300
300
300
300
300
300
300
300
300
300
300
300
300
300
300
300
300
300
300
300
300
300
300
300
300
300
300
300
300
300
300
300
300
300
300
300
300
300
300
300
300
300
300
300
300
300
300
300
300
300
300
300
300
300
300
300
300
300
300
300
300
300
300
300
300
300
300
300
300
300
300
300
300
300
300
300
300
300
300
300
300
300
300
300
300
300
300
300
300
300
300
300
300
300
300
300
300
300
300
300
300
300
300
300
300
300
300
300
300
300
300
300
300
300
300
300
300
300
300
300
300
300
300
300
300
300
300
300
300
300
300
300
300
300
300
300
300
300
300
300
300
300
300
300
300
300
300
300
300
300
300
300
300
300
300
300
300
300
300
300
300
300
300
300
300
300
300
300
300
300
300
300
300
300
300
300
300
300
300
300
300
300
300
300
300
300
300
300
300
300
300
300
300
300
300
300
300
300
300
300
300
300
300
300
300
300
300
300
300
300
300
300
300
300
300
300
300
300
300
300
300
300
300
300
300
300
300
300
300
300
300
300
300
300
300
300
300
300
300
300
300
300
300
300
300
300
300
300
300
300
300
300
300
300
300
300
300
300
300
300
300
300
300
300
300
300
300
300
300
300
300
300
300
300
300
300
300
300
300
300
300
300
300
300
300
300
300
300
300
300
300
300
300
300
300
300
300
300
300
300
300
300
300
300
300
300
300
300
300
300
300
300
300
300
300
300
300
300
300
300
300
300
300
300
300
300
300
300
300
300
300
300
300
300
300
300
300
300
300
300
300
300
300
300
300
300
300
300
300
300
300
300
300
300
300
300
300
300
300
300
300
300
300
300
300
300
300
300
300
300
300
300
300
300
300
299.9999892
300
300
299.9999996
299.9999984
299.9999977
299.9999952
299.999998
299.9999976
299.9999955
299.9999921
299.9999957
299.9999975
299.9999899
299.9999908
299.9999969
299.9999983
299.9999927
299.9999957
300.0000003
300.0000002
300.0000003
300.0000314
300.0000005
300.0000006
300.0000012
300.0000013
300.0000012
300.0000011
300.0000011
300.000001
300
300.0000009
300.0000025
300
300
300
300
300
300
300
300
300
300
300
300
300
300
300
300.0000003
300.0000003
300.0000003
300
300
300
300.0000003
300.0000003
300
300
300.0000003
300.0000004
300.0000001
300.0000001
299.9999511
299.9999881
299.9999967
299.9999992
299.9999993
299.9999968
299.9999964
299.9999967
299.9999961
299.9999968
299.999996
299.9999962
299.9999957
299.9999957
300
300
300
300
300
300
300
300
300
300
300.0000021
300.0000062
300
300
300
300
300.0000311
300
300
300
300
300
300
300
300
300
300
300
300
300
300
300
300
300
300
300
300
300
300
300
300
300
300
300
300
300
300
299.9999996
300
299.9999995
299.999999
299.9999992
299.9999989
299.9999984
299.9999986
299.9999983
299.9999975
300.0000006
300.0000005
300.0000006
300.0000012
300.0000011
300.0000011
300.000001
300.000001
300.0000009
300.0000007
300.0000007
300.0000006
300
300.0000005
299.9999923
300
300
300
300
300
300
300
300
300
299.9999993
299.9999988
299.999998
299.9999999
299.9999977
299.9999964
300.0000005
300.0000004
300.0000005
300.000001
300.0000009
300.0000009
300.0000008
300.0000008
300.0000006
300.0000004
300.0000003
300.0000001
300.0000002
300
300
300
299.9999939
300
300
300
300
300
300
300
299.9999983
299.9999992
299.9999977
299.9999983
299.9999981
299.999998
299.9999969
300.0000007
300.0000005
300.0000003
300.0000003
300.0000003
299.9999998
299.9999996
299.9999992
299.9999989
299.9999995
299.9999988
299.9999989
299.9999637
299.9999985
299.9999154
300
299.9998756
299.9999773
299.9999966
299.9999958
299.9999974
299.9999973
299.9999964
299.9999941
299.9999927
299.999999
299.9999984
299.9999974
299.9999979
299.9999969
299.9999967
299.9999978
299.9999965
299.9999959
299.9999954
299.9999953
299.9999956
299.9999956
300.0000001
299.9999999
299.9999999
299.9999995
299.9999994
300.0000264
299.9999989
300
300.0000067
300.0000007
300.0000888
300
300
300.0000013
300.0000045
300
300.0000012
300.0000052
300
300.0000096
300
300
300
300
300
300
300
300
300
300
300
300
300
300
300
300
300.0000003
300
299.9999993
299.9999987
300.0000005
300.0000012
300.0000011
300.0000008
300.0000006
300
300
300
300
300
299.9999999
299.999999
299.9999988
299.9999985
299.9999982
299.9999971
300.0000004
300.0000011
300.0000009
300.0000006
300.0000003
299.9999814
300
300
300
300.0000003
300.0000008
300.0000006
299.9999999
299.9999995
299.9999989
300
300
299.9999646
299.9999941
299.9999974
299.9999988
300
299.9999655
299.999997
299.9999995
299.9999997
299.9999982
299.9999978
299.999996
299.999996
299.9999972
299.9999972
299.9999989
299.9999938
299.9999967
299.9999955
299.9999964
299.999999
299.999993
299.9999914
299.9999934
299.9999963
299.9999962
299.9999973
299.999998
299.9999983
299.999996
299.9999963
299.9999932
299.9999936
299.9999961
299.9999956
299.9999966
299.9999949
299.9999925
299.9999957
299.9999997
299.9999996
300.0000009
300.0000287
300
299.9999996
300.0000019
299.9999991
300.000015
300
299.9999993
299.9999991
300
300.0000043
300
300
299.9999988
299.9999985
300
299.9999982
300
300
300
300
300
300
300
300
300
300
300
300
300
300
300
300
299.999999
299.9999986
300
299.9999955
300
299.9999928
300
299.9999987
300
300
300
299.9999668
299.9999971
299.999996
299.999994
299.9999967
299.9999974
299.9999982
299.9999982
299.9999988
299.9997842
299.9999887
299.9999951
299.9999966
299.9999963
299.9999981
299.9998722
299.9999488
299.9999946
299.9999914
299.9999894
299.9999954
299.9999938
299.9999977
299.9999928
299.9999881
299.9999904
299.999989
299.9999981
299.999997
299.9999982
299.9999921
299.999999
299.9999988
299.9999278
299.9999924
299.9999932
299.9999942
299.999996
299.9999958
299.9999982
299.9997361
299.9999946
299.999997
299.999996
299.9999976
299.9999952
299.9999987
299.9999972
299.9999913
299.9999953
299.9999934
299.999995
299.9999989
299.9999962
299.9999941
299.9999998
299.9999936
299.9999938
299.999996
299.9999949
299.9999951
299.9999965
299.9999945
299.9999964
299.9999956
299.9999927
299.9999937
299.9999919
299.9999945
299.9999928
299.9999941
299.9999959
299.9999967
299.9999967
299.9999975
299.9999917
299.9999965
299.9999917
299.9999939
299.9999924
299.9999938
299.999994
299.9999957
)
;

boundaryField
{
    walls
    {
        type            zeroGradient;
    }
    wallFilmFace_top
    {
        type            zeroGradient;
    }
    region0_to_wallFilmRegion_wallFilmFace
    {
        type            zeroGradient;
    }
    mirrorFace_top
    {
        type            zeroGradient;
    }
    region0_to_wallFilmRegion_mirrorFace
    {
        type            zeroGradient;
    }
    procBoundary2to0
    {
        type            processor;
        value           uniform 300;
    }
    procBoundary2to1
    {
        type            processor;
        value           uniform 300;
    }
    procBoundary2to3
    {
        type            processor;
        value           nonuniform List<scalar> 
64
(
300
300
300
300
299.999989
299.9999922
299.9999916
299.9999932
299.9999977
300
300
300
300
300
300
300
300
300
300
300
300
300
300
300
300
300
300
300
300
300
299.9999978
299.9999932
299.9999978
299.999993
299.9999927
300
300
300
300
299.9999978
299.999998
299.9999935
299.9999949
299.9999968
299.9999977
299.9999977
300
299.9999952
300
300
300
300
300
299.9999981
299.9999919
299.9999979
299.9999978
299.9999924
299.9999977
299.9999977
299.9999955
299.9999975
299.9999977
299.9999977
)
;
    }
}


// ************************************************************************* //
