/*--------------------------------*- C++ -*----------------------------------*\
  =========                 |
  \\      /  F ield         | OpenFOAM: The Open Source CFD Toolbox
   \\    /   O peration     | Website:  https://openfoam.org
    \\  /    A nd           | Version:  8
     \\/     M anipulation  |
\*---------------------------------------------------------------------------*/
FoamFile
{
    version     2.0;
    format      ascii;
    class       volScalarField;
    location    "0.2/wallFilmRegion";
    object      kappa;
}
// * * * * * * * * * * * * * * * * * * * * * * * * * * * * * * * * * * * * * //

dimensions      [1 1 -3 -1 0 0 0];

internalField   nonuniform List<scalar> 
1369
(
0.60881
0.60881
0.60881
0.60881
0.60881
0.60881
0.60881
0.60881
0.60881
0.60881
0.60881
0.60881
0.60881
0.60881
0.60881
0.60881
0.60881
0.60881
0.60881
0.60881
0.60881
0.60881
0.60881
0.60881
0.60881
0.60881
0.60881
0.60881
0.60881
0.60881
0.60881
0.60881
0.60881
0.60881
0.60881
0.60881
0.60881
0.60881
0.60881
0.60881
0.60881
0.60881
0.60881
0.60881
0.60881
0.60881
0.60881
0.60881
0.60881
0.60881
0.60881
0.60881
0.60881
0.60881
0.60881
0.60881
0.60881
0.60881
0.60881
0.60881
0.60881
0.60881
0.60881
0.60881
0.60881
0.60881
0.60881
0.60881
0.60881
0.60881
0.60881
0.60881
0.60881
0.60881
0.60881
0.60881
0.60881
0.60881
0.60881
0.60881
0.60881
0.60881
0.60881
0.60881
0.60881
0.60881
0.60881
0.60881
0.60881
0.60881
0.60881
0.60881
0.60881
0.60881
0.60881
0.60881
0.60881
0.60881
0.60881
0.60881
0.60881
0.60881
0.60881
0.60881
0.60881
0.60881
0.60881
0.60881
0.60881
0.60881
0.60881
0.60881
0.60881
0.60881
0.60881
0.60881
0.60881
0.60881
0.60881
0.60881
0.60881
0.60881
0.60881
0.60881
0.60881
0.60881
0.60881
0.60881
0.60881
0.60881
0.60881
0.60881
0.60881
0.60881
0.60881
0.60881
0.60881
0.60881
0.60881
0.60881
0.60881
0.60881
0.60881
0.60881
0.60881
0.60881
0.60881
0.60881
0.60881
0.60881
0.60881
0.60881
0.60881
0.60881
0.60881
0.60881
0.60881
0.60881
0.60881
0.60881
0.60881
0.60881
0.60881
0.60881
0.60881
0.60881
0.60881
0.60881
0.60881
0.60881
0.60881
0.60881
0.60881
0.60881
0.60881
0.60881
0.60881
0.60881
0.60881
0.60881
0.60881
0.60881
0.60881
0.60881
0.60881
0.60881
0.60881
0.60881
0.60881
0.60881
0.60881
0.60881
0.60881
0.60881
0.60881
0.60881
0.60881
0.60881
0.60881
0.60881
0.60881
0.60881
0.60881
0.60881
0.60881
0.60881
0.60881
0.60881
0.60881
0.60881
0.60881
0.60881
0.60881
0.60881
0.60881
0.60881
0.60881
0.60881
0.60881
0.60881
0.60881
0.60881
0.60881
0.60881
0.60881
0.60881
0.60881
0.60881
0.60881
0.60881
0.60881
0.60881
0.60881
0.60881
0.60881
0.60881
0.60881
0.60881
0.60881
0.60881
0.60881
0.60881
0.60881
0.60881
0.60881
0.60881
0.60881
0.60881
0.60881
0.60881
0.60881
0.60881
0.60881
0.60881
0.60881
0.60881
0.60881
0.60881
0.60881
0.60881
0.60881
0.60881
0.60881
0.60881
0.60881
0.60881
0.60881
0.60881
0.60881
0.60881
0.60881
0.60881
0.60881
0.60881
0.60881
0.60881
0.60881
0.60881
0.60881
0.60881
0.60881
0.60881
0.60881
0.60881
0.60881
0.60881
0.60881
0.60881
0.60881
0.60881
0.60881
0.60881
0.60881
0.60881
0.60881
0.60881
0.60881
0.60881
0.60881
0.60881
0.60881
0.60881
0.60881
0.60881
0.60881
0.60881
0.60881
0.60881
0.60881
0.60881
0.60881
0.60881
0.60881
0.60881
0.60881
0.60881
0.60881
0.60881
0.60881
0.60881
0.60881
0.60881
0.60881
0.60881
0.60881
0.60881
0.60881
0.60881
0.60881
0.60881
0.60881
0.60881
0.60881
0.60881
0.60881
0.60881
0.60881
0.60881
0.60881
0.60881
0.60881
0.60881
0.60881
0.60881
0.60881
0.60881
0.60881
0.60881
0.60881
0.60881
0.60881
0.60881
0.60881
0.60881
0.60881
0.60881
0.60881
0.60881
0.60881
0.60881
0.60881
0.60881
0.60881
0.60881
0.60881
0.60881
0.60881
0.60881
0.60881
0.60881
0.60881
0.60881
0.60881
0.60881
0.60881
0.60881
0.60881
0.60881
0.60881
0.60881
0.60881
0.60881
0.60881
0.60881
0.60881
0.60881
0.60881
0.60881
0.60881
0.60881
0.60881
0.60881
0.60881
0.60881
0.60881
0.60881
0.60881
0.60881
0.60881
0.60881
0.60881
0.60881
0.60881
0.60881
0.60881
0.60881
0.60881
0.60881
0.60881
0.60881
0.60881
0.60881
0.60881
0.60881
0.60881
0.60881
0.60881
0.60881
0.60881
0.60881
0.60881
0.60881
0.60881
0.60881
0.60881
0.60881
0.60881
0.60881
0.60881
0.60881
0.60881
0.60881
0.60881
0.60881
0.60881
0.60881
0.60881
0.60881
0.60881
0.60881
0.60881
0.60881
0.60881
0.60881
0.60881
0.60881
0.60881
0.60881
0.60881
0.60881
0.60881
0.60881
0.60881
0.60881
0.60881
0.60881
0.60881
0.60881
0.60881
0.60881
0.60881
0.60881
0.60881
0.60881
0.60881
0.60881
0.60881
0.60881
0.60881
0.60881
0.60881
0.60881
0.60881
0.60881
0.60881
0.60881
0.60881
0.60881
0.60881
0.60881
0.60881
0.60881
0.60881
0.60881
0.60881
0.60881
0.60881
0.60881
0.60881
0.60881
0.60881
0.60881
0.60881
0.60881
0.60881
0.60881
0.60881
0.60881
0.60881
0.60881
0.60881
0.60881
0.60881
0.60881
0.60881
0.60881
0.60881
0.60881
0.60881
0.60881
0.60881
0.60881
0.60881
0.60881
0.60881
0.60881
0.60881
0.60881
0.60881
0.60881
0.60881
0.60881
0.60881
0.60881
0.60881
0.60881
0.60881
0.60881
0.60881
0.60881
0.60881
0.60881
0.60881
0.60881
0.60881
0.60881
0.60881
0.60881
0.60881
0.60881
0.60881
0.60881
0.60881
0.60881
0.60881
0.60881
0.60881
0.60881
0.60881
0.60881
0.60881
0.60881
0.60881
0.60881
0.60881
0.60881
0.60881
0.60881
0.60881
0.60881
0.60881
0.60881
0.60881
0.60881
0.60881
0.60881
0.60881
0.60881
0.60881
0.60881
0.60881
0.60881
0.60881
0.60881
0.60881
0.60881
0.60881
0.60881
0.60881
0.60881
0.60881
0.60881
0.60881
0.60881
0.60881
0.60881
0.60881
0.60881
0.60881
0.60881
0.60881
0.60881
0.60881
0.60881
0.60881
0.60881
0.60881
0.60881
0.60881
0.60881
0.60881
0.60881
0.60881
0.60881
0.60881
0.60881
0.60881
0.60881
0.60881
0.60881
0.60881
0.60881
0.60881
0.60881
0.60881
0.60881
0.60881
0.60881
0.60881
0.60881
0.60881
0.60881
0.60881
0.60881
0.60881
0.60881
0.60881
0.60881
0.60881
0.60881
0.60881
0.60881
0.60881
0.60881
0.60881
0.60881
0.60881
0.60881
0.60881
0.60881
0.60881
0.60881
0.60881
0.60881
0.60881
0.60881
0.60881
0.60881
0.60881
0.60881
0.60881
0.60881
0.60881
0.60881
0.60881
0.60881
0.60881
0.60881
0.60881
0.60881
0.60881
0.60881
0.60881
0.60881
0.60881
0.60881
0.60881
0.60881
0.60881
0.60881
0.60881
0.60881
0.60881
0.60881
0.60881
0.60881
0.60881
0.60881
0.60881
0.60881
0.60881
0.60881
0.60881
0.60881
0.60881
0.60881
0.60881
0.60881
0.60881
0.60881
0.60881
0.60881
0.60881
0.60881
0.60881
0.60881
0.60881
0.60881
0.60881
0.60881
0.60881
0.60881
0.60881
0.60881
0.60881
0.60881
0.60881
0.60881
0.60881
0.60881
0.60881
0.60881
0.60881
0.60881
0.60881
0.60881
0.60881
0.60881
0.60881
0.60881
0.60881
0.60881
0.60881
0.60881
0.60881
0.60881
0.60881
0.60881
0.60881
0.60881
0.60881
0.60881
0.60881
0.60881
0.60881
0.60881
0.60881
0.60881
0.60881
0.60881
0.60881
0.60881
0.60881
0.60881
0.60881
0.60881
0.60881
0.60881
0.60881
0.60881
0.60881
0.60881
0.60881
0.60881
0.60881
0.60881
0.60881
0.60881
0.60881
0.60881
0.60881
0.60881
0.60881
0.60881
0.60881
0.60881
0.60881
0.60881
0.60881
0.60881
0.60881
0.60881
0.60881
0.60881
0.60881
0.60881
0.60881
0.60881
0.60881
0.60881
0.60881
0.60881
0.60881
0.60881
0.60881
0.60881
0.60881
0.60881
0.60881
0.60881
0.60881
0.60881
0.60881
0.60881
0.60881
0.60881
0.60881
0.60881
0.60881
0.60881
0.60881
0.60881
0.60881
0.60881
0.60881
0.60881
0.60881
0.60881
0.60881
0.60881
0.60881
0.60881
0.60881
0.60881
0.60881
0.60881
0.60881
0.60881
0.60881
0.60881
0.60881
0.60881
0.60881
0.60881
0.60881
0.60881
0.60881
0.60881
0.60881
0.60881
0.60881
0.60881
0.60881
0.60881
0.60881
0.60881
0.60881
0.60881
0.60881
0.60881
0.60881
0.60881
0.60881
0.60881
0.60881
0.60881
0.60881
0.60881
0.60881
0.60881
0.60881
0.60881
0.60881
0.60881
0.60881
0.60881
0.60881
0.60881
0.60881
0.60881
0.60881
0.60881
0.60881
0.60881
0.60881
0.60881
0.60881
0.60881
0.60881
0.60881
0.60881
0.60881
0.60881
0.60881
0.60881
0.60881
0.60881
0.60881
0.60881
0.60881
0.60881
0.60881
0.60881
0.60881
0.60881
0.60881
0.60881
0.60881
0.60881
0.60881
0.60881
0.60881
0.60881
0.60881
0.60881
0.60881
0.60881
0.60881
0.60881
0.60881
0.60881
0.60881
0.60881
0.60881
0.60881
0.60881
0.60881
0.60881
0.60881
0.60881
0.60881
0.60881
0.60881
0.60881
0.60881
0.60881
0.60881
0.60881
0.60881
0.60881
0.60881
0.60881
0.60881
0.60881
0.60881
0.60881
0.60881
0.60881
0.60881
0.60881
0.60881
0.60881
0.60881
0.60881
0.60881
0.60881
0.60881
0.60881
0.60881
0.60881
0.60881
0.60881
0.60881
0.60881
0.60881
0.60881
0.60881
0.60881
0.60881
0.60881
0.60881
0.60881
0.60881
0.60881
0.60881
0.60881
0.60881
0.60881
0.60881
0.60881
0.60881
0.60881
0.60881
0.60881
0.60881
0.60881
0.60881
0.60881
0.60881
0.60881
0.60881
0.60881
0.60881
0.60881
0.60881
0.60881
0.60881
0.60881
0.60881
0.60881
0.60881
0.60881
0.60881
0.60881
0.60881
0.60881
0.60881
0.60881
0.60881
0.60881
0.60881
0.60881
0.60881
0.60881
0.60881
0.60881
0.60881
0.60881
0.60881
0.60881
0.60881
0.60881
0.60881
0.60881
0.60881
0.60881
0.60881
0.60881
0.60881
0.60881
0.60881
0.60881
0.60881
0.60881
0.60881
0.60881
0.60881
0.60881
0.60881
0.60881
0.60881
0.60881
0.60881
0.60881
0.60881
0.60881
0.60881
0.60881
0.60881
0.60881
0.60881
0.60881
0.60881
0.60881
0.60881
0.60881
0.60881
0.60881
0.60881
0.60881
0.60881
0.60881
0.60881
0.60881
0.60881
0.60881
0.60881
0.60881
0.60881
0.60881
0.60881
0.60881
0.60881
0.60881
0.60881
0.60881
0.60881
0.60881
0.60881
0.60881
0.60881
0.60881
0.60881
0.60881
0.60881
0.60881
0.60881
0.60881
0.60881
0.60881
0.60881
0.60881
0.60881
0.60881
0.60881
0.60881
0.60881
0.60881
0.60881
0.60881
0.60881
0.60881
0.60881
0.60881
0.60881
0.60881
0.60881
0.60881
0.60881
0.60881
0.60881
0.60881
0.60881
0.60881
0.60881
0.60881
0.60881
0.60881
0.60881
0.60881
0.60881
0.60881
0.60881
0.60881
0.60881
0.60881
0.60881
0.60881
0.60881
0.60881
0.60881
0.60881
0.60881
0.60881
0.60881
0.60881
0.60881
0.60881
0.60881
0.60881
0.60881
0.60881
0.60881
0.60881
0.60881
0.60881
0.60881
0.60881
0.60881
0.60881
0.60881
0.60881
0.60881
0.60881
0.60881
0.60881
0.60881
0.60881
0.60881
0.60881
0.60881
0.60881
0.60881
0.60881
0.60881
0.60881
0.60881
0.60881
0.60881
0.60881
0.60881
0.60881
0.60881
0.60881
0.60881
0.60881
0.60881
0.60881
0.60881
0.60881
0.60881
0.60881
0.60881
0.60881
0.60881
0.60881
0.60881
0.60881
0.60881
0.60881
0.60881
0.60881
0.60881
0.60881
0.60881
0.60881
0.60881
0.60881
0.60881
0.60881
0.60881
0.60881
0.60881
0.60881
0.60881
0.60881
0.60881
0.60881
0.60881
0.60881
0.60881
0.60881
0.60881
0.60881
0.60881
0.60881
0.60881
0.60881
0.60881
0.60881
0.60881
0.60881
0.60881
0.60881
0.60881
0.60881
0.60881
0.60881
0.60881
0.60881
0.60881
0.60881
0.60881
0.60881
0.60881
0.60881
0.60881
0.60881
0.60881
0.60881
0.60881
0.60881
0.60881
0.60881
0.60881
0.60881
0.60881
0.60881
0.60881
0.60881
0.60881
0.60881
0.60881
0.60881
0.60881
0.60881
0.60881
0.60881
0.60881
0.60881
0.60881
0.60881
0.60881
0.60881
0.60881
0.60881
0.60881
0.60881
0.60881
0.60881
0.60881
0.60881
0.60881
0.60881
0.60881
0.60881
0.60881
0.60881
0.60881
0.60881
0.60881
0.60881
0.60881
0.60881
0.60881
0.60881
0.60881
0.60881
0.60881
0.60881
0.60881
0.60881
0.60881
0.60881
0.60881
0.60881
0.60881
0.60881
0.60881
0.60881
0.60881
0.60881
0.60881
0.60881
0.60881
0.60881
0.60881
0.60881
0.60881
0.60881
0.60881
0.60881
0.60881
0.60881
0.60881
0.60881
0.60881
0.60881
0.60881
0.60881
0.60881
0.60881
0.60881
0.60881
0.60881
0.60881
0.60881
0.60881
0.60881
0.60881
0.60881
0.60881
0.60881
0.60881
0.60881
0.60881
0.60881
0.60881
0.60881
0.60881
0.60881
0.60881
0.60881
0.60881
0.60881
0.60881
0.60881
0.60881
0.60881
0.60881
0.60881
0.60881
0.60881
0.60881
0.60881
0.60881
0.60881
0.60881
0.60881
0.60881
0.60881
0.60881
0.60881
0.60881
0.60881
0.60881
0.60881
0.60881
0.60881
0.60881
0.60881
0.60881
0.60881
0.60881
0.60881
0.60881
0.60881
0.60881
0.60881
0.60881
0.60881
0.60881
0.60881
0.60881
0.60881
0.60881
0.60881
0.60881
0.60881
)
;

boundaryField
{
    walls
    {
        type            zeroGradient;
    }
    wallFilmFace_top
    {
        type            zeroGradient;
    }
    region0_to_wallFilmRegion_wallFilmFace
    {
        type            zeroGradient;
    }
    mirrorFace_top
    {
        type            zeroGradient;
    }
    region0_to_wallFilmRegion_mirrorFace
    {
        type            zeroGradient;
    }
    procBoundary0to1
    {
        type            processor;
        value           nonuniform List<scalar> 
52
(
0.60881
0.60881
0.60881
0.60881
0.60881
0.60881
0.60881
0.60881
0.60881
0.60881
0.60881
0.60881
0.60881
0.60881
0.60881
0.60881
0.60881
0.60881
0.60881
0.60881
0.60881
0.60881
0.60881
0.60881
0.60881
0.60881
0.60881
0.60881
0.60881
0.60881
0.60881
0.60881
0.60881
0.60881
0.60881
0.60881
0.60881
0.60881
0.60881
0.60881
0.60881
0.60881
0.60881
0.60881
0.60881
0.60881
0.60881
0.60881
0.60881
0.60881
0.60881
0.60881
)
;
    }
    procBoundary0to2
    {
        type            processor;
        value           nonuniform List<scalar> 
26
(
0.60881
0.60881
0.60881
0.60881
0.60881
0.60881
0.60881
0.60881
0.60881
0.60881
0.60881
0.60881
0.60881
0.60881
0.60881
0.60881
0.60881
0.60881
0.60881
0.60881
0.60881
0.60881
0.60881
0.60881
0.60881
0.60881
)
;
    }
}


// ************************************************************************* //
