/*--------------------------------*- C++ -*----------------------------------*\
  =========                 |
  \\      /  F ield         | OpenFOAM: The Open Source CFD Toolbox
   \\    /   O peration     | Website:  https://openfoam.org
    \\  /    A nd           | Version:  8
     \\/     M anipulation  |
\*---------------------------------------------------------------------------*/
FoamFile
{
    version     2.0;
    format      ascii;
    class       volVectorField;
    location    "1.6/wallFilmRegion";
    object      U;
}
// * * * * * * * * * * * * * * * * * * * * * * * * * * * * * * * * * * * * * //

dimensions      [0 1 -1 0 0 0 0];

internalField   nonuniform List<vector> 
1342
(
(0.1346419521 0.0634199278 -1.652178941)
(-0.08536167658 -0.2432972817 -0.1892323869)
(-0.07503239432 -0.4784611382 -3.942291408)
(0.02976868395 -0.5673319902 -3.946094433)
(0.0789522174 -0.3177963311 -3.664919787)
(0.01703241997 0.04295288222 -3.324243845)
(-0.1451190829 0.1213746864 -3.520905413)
(-2.25517725 -0.005941714138 -4.44153785)
(-2.050813747 -0.006447984845 -4.712438107)
(-1.889016703 -0.006981244686 -4.992792148)
(-1.917410777 -0.007498043404 -5.320067282)
(-1.95515726 -0.008435410103 -5.9344053)
(-1.421126276 -0.009837831499 -6.630525637)
(-0.6616404158 -0.01111946199 -7.201850154)
(0.5635694485 -0.009037307588 -5.482551148)
(1.373820983 -0.008636509521 -4.983010712)
(1.524730179 -0.1558336704 -4.778184752)
(-0.183770864 0.03985699744 -3.670499934)
(0.505889089 0.05809474567 -4.062890898)
(0.02639133363 -0.3592660702 -3.511271255)
(0.1250168835 -0.4504299427 -4.173873316)
(0.2294801682 -0.581552042 -4.230914947)
(0.244829291 -0.3092385834 -3.729840978)
(0.2490487776 -0.1532511957 -3.606397249)
(0.6375132278 -0.3316120285 -3.947128071)
(-2.69141606 0.2273306793 -4.062253696)
(-2.50606373 0.2345348422 -4.333720407)
(-3.053286037 0.2413565072 -4.442123937)
(-3.729378323 0.2390747042 -4.517086038)
(-3.755751923 0.2621425037 -4.725109118)
(-3.030258838 0.2687463382 -4.905081913)
(-1.741561416 0.2650830228 -4.969741473)
(0.2943001524 0.2368296271 -4.656084328)
(1.775378109 0.2066896274 -4.278228423)
(2.389192198 -0.05504050771 -4.148802663)
(2.152048489 -0.4071557828 -4.31212599)
(1.235140949 -0.9890958179 -4.625418647)
(0.8197004864 -0.6295365194 -3.878781125)
(0.6091763348 -0.768492285 -3.597079907)
(1.019372909 -0.5243864927 -4.085575226)
(1.203746168 -0.5473075557 -4.308988756)
(0.9827370574 -0.1423330124 -3.718083164)
(3.508244639 -0.6493570381 -3.951074747)
(-5.273777257 0.8858386658 -3.481331055)
(-5.39344276 0.8583785798 -3.377808138)
(-4.837611368 0.8464918287 -3.342590136)
(-3.750166531 0.8476095079 -3.372860305)
(-2.202655653 0.8801964286 -3.470723539)
(0.2094941333 0.9211106263 -3.662101957)
(1.986764424 0.8642197452 -3.437198526)
(2.989226314 0.5800904973 -3.424100034)
(-1.394281021 -1.581670365 -3.007145145)
(-1.16606438 -1.735733782 -3.31350751)
(-0.9396669912 -1.921528157 -3.68875462)
(-0.4181902473 -2.129107922 -4.071805637)
(0.3353183486 -2.647905527 -5.069534237)
(1.026387158 -2.612454884 -4.969330364)
(1.631193152 -2.312057313 -4.40673658)
(1.874667199 -2.007629103 -4.238892434)
(1.729232803 -1.456947897 -3.93908531)
(1.67867631 -0.8601341117 -3.506722652)
(2.353804072 -0.06500304592 -3.910021304)
(3.842025147 -0.7471373785 -4.201090814)
(4.019591386 0.3496658566 -3.073733576)
(-1.918517006 -2.252485347 -2.460133709)
(-1.739375602 -2.523003856 -2.74825029)
(-1.530994281 -2.868134579 -3.116324693)
(-0.9118427598 -3.255792651 -3.55170901)
(0.3130059163 -4.257385159 -4.63378437)
(1.328926123 -3.837332899 -4.16988256)
(2.057439084 -3.28360767 -3.562381292)
(2.39592537 -2.797575267 -3.378435996)
(2.419504938 -2.418664776 -3.568575342)
(2.780604343 -1.31309266 -3.293386519)
(3.896308856 0.1411572169 -3.735496476)
(4.641147788 0.1738165307 -3.249514191)
(-3.175671184 -2.630688845 -1.670968661)
(-3.073302419 -3.021229667 -1.92387195)
(-2.704096395 -3.532157913 -2.235209781)
(-1.826388595 -4.165698871 -2.659542508)
(0.1408574763 -5.42757234 -3.455809428)
(1.834743901 -4.392091019 -2.820134301)
(2.750024171 -3.664801179 -2.34582331)
(3.180470964 -3.05646883 -2.299137507)
(3.838087198 -2.334281805 -2.073043307)
(3.6717668 -1.869477491 -2.685140384)
(4.201086503 -1.52670615 -2.400759168)
(5.012003445 -0.7342401981 -2.482814956)
(4.865644083 0.4916455358 -2.744026574)
(-5.39359382 2.743301015 -1.3389692)
(-4.947443247 3.124878582 -1.524615504)
(-4.263795442 3.621150094 -1.7626988)
(-2.675279899 4.193821365 -2.036180711)
(-0.01742817111 4.855618306 -2.357548963)
(2.279967317 3.294131134 -1.612397438)
(3.249779098 2.652965581 -1.289485602)
(3.867368795 2.102502782 -1.433562309)
(4.149176487 1.491274339 -2.106617376)
(0.4508059007 0.1720110721 -4.339560285)
(0.05378530447 0.006221748553 -2.224275545)
(0.3821081781 0.1899652149 -4.059163535)
(0.2912220492 0.183131879 -3.868854427)
(0.0618367616 0.0547244823 -3.973175585)
(-0.1779759526 -0.2329145441 -3.775121886)
(-0.126963709 -0.2720945113 -0.4354170304)
(-0.0337932922 -0.6208783157 -4.02365211)
(-0.07301698304 -0.4560579943 -4.220088367)
(-0.03813073755 -0.584262063 -4.312462827)
(0.05968776143 -0.4299760955 -3.783014916)
(0.0243974186 -0.5859611891 -4.205349008)
(0.06396883089 -0.4626909417 -3.949799352)
(-0.7698405922 0.1074452101 -0.0001722948029)
(0.01868107885 -0.112617385 0.0001794380079)
(-0.1184725104 -0.02061652953 3.261279539e-05)
(-0.6296430692 0.09402953722 -0.0001498805488)
(-0.3343007939 -0.01295197345 2.118952412e-05)
(-0.5401924722 0.04124218852 -6.612361759e-05)
(-0.1805100708 0.08399897314 -0.0001336920127)
(-0.465970899 0.04044994341 -6.400560078e-05)
(-0.4083951242 0.0612441694 -9.808642859e-05)
(-0.3345250175 0.06389844352 -0.0001012944186)
(-0.3484029216 0.06882560153 -0.000109814773)
(-0.2223099348 0.05935010373 -9.435474943e-05)
(-0.2204550203 0.03069906367 -4.87151308e-05)
(-0.08368826922 0.04861462264 -7.743907396e-05)
(0.007270863854 0.04089962664 -6.515285174e-05)
(-0.2695528038 0.0268632155 -4.287508642e-05)
(0.009385037768 -0.0850224539 0.0001354182722)
(0.01473211067 -0.09544573031 0.00015204683)
(-0.3150128413 -0.08344190821 0.0001330705664)
(0.03787669474 -0.08353274703 0.0001330171702)
(-0.2308384804 -0.234180163 0.000372607259)
(-0.4285906996 -0.3586541586 0.0005706070333)
(-0.2537937239 -0.2143014207 0.0003413794975)
(-0.2573729227 -0.1987870093 0.0003160789921)
(-0.4588453674 -0.2464399415 0.0003869474955)
(-0.2537105042 -0.19411216 0.0003094459249)
(-0.2384877474 -0.2046302281 0.0003257650738)
(-0.3835257336 -0.04261325501 0.0001250882552)
(-0.2559118304 -0.2458347734 0.000391586404)
(-0.3300477648 -0.268509892 0.0004347837702)
(0.1223469805 -0.1243261021 0.0001979094291)
(0.151194355 -0.1741022689 0.0002773596531)
(0.1440730002 -0.1269727722 0.0002021194639)
(-0.06813860751 -0.118060166 0.0001879902364)
(0.06012066224 -0.07257382109 0.0001156711321)
(0.0294369879 -0.1366642732 0.0002175601988)
(-0.4640378692 -0.04982814044 8.025823558e-05)
(-0.01883026482 -0.05065118083 8.071901135e-05)
(-0.1087984079 -0.02744743763 4.363239838e-05)
(-0.3842723882 0.04629710491 -7.521560368e-05)
(-0.3924680156 0.05121143101 -8.084777934e-05)
(-0.3557512816 0.0811327886 -0.0001300426401)
(-0.3722746188 0.09368342785 -0.0001496572689)
(-0.3151666402 0.1117201927 -0.0001775940282)
(-0.2499380253 0.07041839138 -0.0001121391048)
(0.06696440716 0.03369775496 -5.364599967e-05)
(0.002989795226 0.002081898413 -3.317175013e-06)
(0.03347953288 0.01650909538 -2.627667022e-05)
(-0.07098697085 -0.1002237143 0.0001595856077)
(-0.02571750589 -0.03636372739 5.803755706e-05)
(-0.07303833494 -0.09979498779 0.0001590643534)
(-0.2371027982 -0.2245409422 0.0003573553059)
(-0.1731812504 -0.2114524117 0.00033681264)
(-0.2239641894 -0.2407862408 0.0003835952472)
(-0.2265866303 -0.1743094032 0.000277683583)
(-0.2319788379 -0.21961825 0.0003496518296)
(-0.2151630871 -0.1883655658 0.0002995008024)
(-0.1736897935 -0.1346844249 0.0002143133945)
(-0.1867676376 -0.1592258354 0.0002536467204)
(-0.1488445109 -0.1329934167 0.0002111718841)
(0.3223090549 0.0914756548 -0.0001452773766)
(-0.03135263452 -0.08142656778 0.0001296365117)
(0.3793647299 0.09665141266 -0.0001531617078)
(-0.3079750317 -0.4124824495 0.0006574835821)
(0.4236685212 0.06155785532 -9.935241412e-05)
(0.4192214831 0.1545988861 -0.0002458469161)
(-0.3317400982 -0.02586678605 4.161970768e-05)
(-0.1619082634 -0.5260685343 0.0008378508185)
(-0.2684882751 -0.4214845064 0.0006719051228)
(0.1548304866 -0.1225570861 0.0001952367025)
(0.1512716028 -0.2184087697 0.0003475882759)
(0.1247712316 -0.2095407581 0.0003332685364)
(0.113759284 -0.1487981639 0.0002367290426)
(0.1311447195 -0.1562039653 0.0002491804104)
(0.148620804 -0.1529919222 0.0002438369874)
(-0.06889191536 -0.02653020936 4.221774691e-05)
(0.1348471988 -0.16538271 0.0002634719386)
(0.09828036265 -0.186809775 0.0002970677531)
(-0.2662673087 0.07925514075 -0.0001262514039)
(-0.1935534586 0.08213108423 -0.0001308728752)
(-0.08950368044 0.07161534416 -0.0001141349924)
(-0.01649829003 0.003801951869 -6.056303215e-06)
(-0.00371348231 0.007299937108 -1.1606284e-05)
(-0.0002936740609 -0.000150714894 2.397647831e-07)
(-0.00259798366 -0.002927044424 4.660866603e-06)
(-1.35058182e-05 -1.690410125e-05 2.688701735e-08)
(-0.002601607841 -0.00231246081 3.683132177e-06)
(-0.04946573371 -0.06544318875 0.0001040810568)
(-0.01706576348 -0.01790375701 2.854423108e-05)
(-0.04012434436 -0.04798447731 7.647575928e-05)
(-0.1919155213 -0.2598994439 0.0004141902112)
(-0.08234199697 -0.1095634262 0.0001745160432)
(-0.1386331445 -0.2092872351 0.0003335355929)
(-0.227000327 -0.2386604001 0.0003804457547)
(-0.1937810458 -0.3283977004 0.0005232642929)
(-0.2479515702 -0.3592366041 0.0005707648619)
(-0.1689872221 -0.1729706656 0.0002757912927)
(-0.2567683144 -0.3177896128 0.0005052569258)
(-0.2468242885 -0.290665496 0.0004629185354)
(0.2695243756 -0.1135285597 0.0001813543784)
(-0.1840950787 -0.2328727154 0.0003702605256)
(0.09501162728 -0.1948535907 0.0003101150742)
(0.4390777165 0.08344443703 -0.0001320991461)
(-0.189262023 -0.4575524839 0.0007281780736)
(0.7634398851 0.2003042056 -0.0003185201012)
(-0.4752295171 -0.3392815825 0.0005401379498)
(0.6397722762 0.127922748 -0.0002038527677)
(-0.1954120734 -0.1438971784 0.0002297060939)
(0.143515251 -0.2211565403 0.0003521064309)
(0.1410571849 -0.3020930072 0.0004812023735)
(0.1256497104 -0.3211013031 0.0005110364497)
(0.1343480617 -0.1928573579 0.0003070194177)
(0.1219135868 -0.3270693531 0.0005205984403)
(0.03426156755 -0.347089684 0.0005526849288)
(-0.1009918351 -0.3388369658 0.0005399422142)
(0.03016681578 -0.3026857604 0.000482750393)
(-0.05406846351 -0.1541553273 0.0002457667349)
(0.03543824926 0.1251930046 -0.000199605593)
(-0.0141734543 0.03341626136 -5.317453503e-05)
(0.05837264272 0.1359714599 -0.0002164559619)
(0.009476541323 0.0137884782 -2.197851145e-05)
(0.0730558107 0.1284651699 -0.0002045568949)
(0.05103910547 0.07274957184 -0.0001159554632)
(-0.002198685451 -0.001597901579 2.549509591e-06)
(0.01391668848 0.01919983812 -3.059311662e-05)
(-0.002339163715 -0.0005144602073 8.159392869e-07)
(-0.03798398612 -0.03768159091 5.994030621e-05)
(-0.01311039969 -0.007966781199 1.270597321e-05)
(-0.0352057984 -0.02878079043 4.577771105e-05)
(-0.1417333329 -0.1742127499 0.0002779265576)
(-0.0823663074 -0.07625986192 0.0001214242078)
(-0.1472975098 -0.1469528106 0.0002340868366)
(-0.2259459694 -0.3762271519 0.0005988595551)
(-0.2024692081 -0.2270202759 0.0003611168848)
(-0.2374429581 -0.3070765798 0.000488994883)
(-0.3319570134 -0.4159018629 0.000662602874)
(-0.2701436236 -0.3858270658 0.0006146569825)
(-0.3167445233 -0.4422916585 0.0007043858784)
(-0.2605104008 -0.1406121874 0.0002241172834)
(-0.3327694421 -0.4650510212 0.0007405732693)
(-0.2628834425 -0.4330734572 0.0006889308749)
(-0.07506451559 -0.02472111302 3.939097837e-05)
(-0.1525515463 -0.1745802764 0.0002781097606)
(-0.08952722132 0.0683402188 -0.0001090092593)
(0.7803039265 0.1372002998 -0.0002195016641)
(0.6168386829 -0.3099793061 0.0004934502636)
(0.6911720455 -0.131259514 0.0002084589308)
(0.2269131851 -0.3291190325 0.0005243422042)
(-0.2173277208 -0.1865594872 0.0002968006846)
(0.165567548 -0.3781936824 0.0006018651566)
(-0.001030566241 -0.4996795124 0.0007956978785)
(0.03516374679 -0.3884034113 0.0006186434801)
(0.05726580877 -0.4040471266 0.0006443441292)
(0.01984512648 -0.2963907954 0.0004720973177)
(0.09167678643 -0.4203839489 0.0006692502137)
(-0.01840501457 -0.08169654862 0.0001299483614)
(-0.05049383715 -0.01368973605 2.172828049e-05)
(-0.02840472735 0.05240292892 -8.339415035e-05)
(-0.03118368039 0.03714778652 -5.920941853e-05)
(0.07606141723 0.1935704694 -0.0003084280701)
(0.05457886055 0.1992237521 -0.000317291745)
(0.08442432886 0.2477776278 -0.0003942412227)
(0.07147624167 0.1132979166 -0.000180208445)
(0.0921787614 0.2080036462 -0.0003305689028)
(0.08377984906 0.1473253046 -0.0002345383048)
(0.01129840108 0.01684841876 -2.682240697e-05)
(0.06357721413 0.09468254396 -0.0001508990766)
(0.03959235776 0.05557355077 -8.85166351e-05)
(-0.02880283877 -0.01850897508 2.94297147e-05)
(0.00587414453 0.01484185783 -2.362964651e-05)
(-0.01787543621 -0.006848397925 1.090467071e-05)
(-0.1509901091 -0.1202810612 0.0001918650785)
(-0.06297803791 -0.0377618461 6.012908453e-05)
(-0.1477054786 -0.09136778999 0.000145310085)
(-0.2529467121 -0.2456820107 0.0003912355062)
(-0.2266913348 -0.1438119313 0.0002286360628)
(-0.2666880192 -0.1836194181 0.0002915976689)
(-0.3051988431 -0.362182682 0.0005762858593)
(-0.2876932317 -0.2231244805 0.0003553181951)
(-0.3002436252 -0.2639166616 0.0004197078362)
(-0.3015438145 -0.4006659289 0.0006379621382)
(-0.3109563795 -0.2978496564 0.000473972019)
(-0.302646264 -0.3274235004 0.0005217338039)
(0.2659988472 -0.2133568959 0.000339946066)
(0.008200263215 -0.3484762597 0.0005555422652)
(0.6486283255 -0.3170649463 0.0005057719944)
(0.5448404127 -0.2189928814 0.0003482000391)
(0.6212639104 -0.2362802602 0.0003769855223)
(0.5169999168 -0.1590958105 0.0002539357754)
(0.1341001801 -0.3902017976 0.0006215575552)
(0.03758542242 -0.246389871 0.0003926669259)
(0.1043642472 -0.351919853 0.0005605082382)
(0.06475474852 -0.3492285483 0.0005559550054)
(-0.1734882053 -0.2140042028 0.0003410107617)
(-0.1336062835 -0.2460929625 0.0003925260999)
(-0.1349763821 -0.4869234794 0.000776176589)
(-0.1600702933 -0.3655206577 0.0005825140239)
(-0.3264796899 -0.1628535483 0.0002600541638)
(0.01795245412 0.1285877426 -0.0002048378766)
(0.06073745932 0.133408037 -0.0002125795695)
(0.03552729732 0.2550826302 -0.0004062795744)
(0.08503629 0.2872766136 -0.000458049472)
(0.06374072963 0.3340527271 -0.00053166647)
(0.08138540731 0.3108713847 -0.0004947649411)
(0.09095241473 0.1761036608 -0.0002804387388)
(0.09255152771 0.2578454599 -0.0004106364182)
(0.09451283952 0.2004700908 -0.0003192722073)
(0.05415533482 0.07905737571 -0.0001258583551)
(0.0815842778 0.1428321091 -0.000227455167)
(0.06130011741 0.1000308547 -0.0001593163636)
(0.0002272462319 0.00571205626 -9.103925081e-06)
(0.03771959853 0.06457832663 -0.0001029462682)
(0.01547207892 0.02806973566 -4.477775887e-05)
(-0.1170448802 -0.04944545646 7.855947288e-05)
(-0.01958192884 0.01396337317 -2.227205424e-05)
(-0.203888085 0.1271571524 -0.0002024794931)
(-0.2787179915 -0.1250473711 0.0001995996896)
(-0.3251933941 0.1417435866 -0.0002262702883)
(-0.3209539782 0.0572755717 -9.118631329e-05)
(-0.2910242267 -0.1752510885 0.0002796192824)
(-0.2901027994 -0.03613473868 5.769623893e-05)
(-0.2708883164 -0.09384323235 0.00014946513)
(-0.2586215158 -0.2328166167 0.0003708935395)
(-0.2130983976 -0.1331624434 0.0002121073247)
(0.1036574007 -0.170924845 0.0002726316606)
(0.5822073939 -0.2194798374 0.0003492590294)
(0.4146910248 -0.1766981469 0.0002811381451)
(0.5076404453 -0.1500691397 0.0002392901935)
(0.391203119 -0.2272931425 0.0003623059601)
(0.5734115998 -0.1202580216 0.0001910200798)
(0.3370567596 -0.2145835694 0.0003417335377)
(-0.3477372598 -0.05008824096 8.040734645e-05)
(-0.320992707 0.01457768125 -2.331268359e-05)
(-0.2712319912 -0.06193656535 9.897648211e-05)
(-0.2768302364 -0.005573799907 8.541190866e-06)
(-0.2773303756 -0.05391491928 8.636611121e-05)
(-0.08022808358 0.19020902 -0.0003025131503)
(-0.2048316818 0.1102193478 -0.0001756127522)
(-0.0415249032 0.1980847398 -0.0003155115952)
(0.01655634009 0.371137947 -0.0005908607727)
(-0.08106202388 0.472034306 -0.000752029589)
(-0.02867593653 0.4204417545 -0.0006700460767)
(0.07391499123 0.3178452602 -0.0005059732271)
(0.0333987634 0.3311930002 -0.0005275647066)
(0.04611596483 0.2874628404 -0.0004577748758)
(0.08565046209 0.2140551751 -0.0003410390513)
(0.04907665767 0.2383074694 -0.0003795483558)
(0.03199327622 0.1830530712 -0.0002914103734)
(0.04927211812 0.1062357053 -0.0001693468626)
(-0.02939182843 0.1426580084 -0.0002269876167)
(-0.08122304386 0.1583557121 -0.0002520981741)
(-0.1638008636 0.167102715 -0.0002658260582)
(-0.1700949733 0.2041292489 -0.0003249801658)
(-0.3676778588 0.3948103849 -0.0006291380923)
(-0.3773355603 0.3397511037 -0.0005404327309)
(-0.4459582392 0.4724507791 -0.0007519843219)
(-0.4232162141 0.4257312467 -0.0006781809913)
(-0.3514026952 0.212253665 -0.000338583645)
(-0.390321165 0.3608033058 -0.0005748321824)
(-0.3213767238 0.2775988897 -0.0004418121835)
(-0.2345844521 0.1164767262 -0.0001859244567)
(-0.2519180203 0.2190047048 -0.0003485112266)
(-0.2008603741 0.2024842486 -0.0003225232487)
(0.415541016 -0.1595039674 0.0002547955171)
(0.4960405697 -0.1517092848 0.0002413190385)
(0.4561416044 -0.1494407773 0.000237465102)
(0.5177381644 -0.1058890456 0.0001681980648)
(0.4727551158 -0.08766569664 0.0001405022402)
(0.4848393254 -0.09573254506 0.0001516927596)
(0.2257546012 -0.2226574058 0.0003542733869)
(0.3905114631 -0.201485721 0.0003207099462)
(-0.2635183299 0.1866567214 -0.000297116584)
(-0.2873165946 -0.02473636111 3.915682149e-05)
(-0.345838587 -0.1492169514 0.0002373589118)
(-0.2847256297 -0.005255637157 8.91854955e-06)
(-0.3265779741 -0.1564492623 0.0002496504421)
(-0.3196137678 -0.1665324421 0.0002650443387)
(-0.3269122616 0.0438387859 -6.910361281e-05)
(-0.3348241905 -0.1813215608 0.0002879704897)
(-0.388502625 -0.2099060573 0.0003352277715)
(-0.4829955574 0.177208099 -0.0002818443227)
(-0.5096807101 -0.2359898464 0.0003752382859)
(-0.4613790855 -0.1274294269 0.0002034251963)
(-0.437107385 0.1033032299 -0.0001642520005)
(-0.3145456761 -0.06920739719 0.0001106999367)
(-0.1578510775 -0.05905334045 9.388327517e-05)
(-0.06388337976 0.1773115088 -0.0002825258145)
(0.1182214558 -0.08603531143 0.0001370009865)
(0.2838203411 -0.08714069545 0.000138163814)
(-0.1967479873 0.2541805071 -0.000404933901)
(0.1577136635 0.0392506326 -6.246960662e-05)
(-0.2710801336 0.4091422701 -0.0006519843509)
(-0.3676408824 0.4430034974 -0.0007057622387)
(-0.3027330401 0.4548159494 -0.0007247601261)
(-0.3182399908 0.4372654436 -0.0006978426816)
(-0.3681240754 0.4095657207 -0.0006521194396)
(-0.3516131974 0.4320102607 -0.0006884506932)
(-0.3575660424 0.4355759803 -0.0006931543959)
(-0.3101822075 0.3225475654 -0.0005145068293)
(-0.3419582782 0.4315574806 -0.0006857570678)
(-0.3200890396 0.4145300063 -0.0006598719318)
(-0.2373988303 0.2780677595 -0.0004436003821)
(-0.2558715927 0.3200554427 -0.0005090035899)
(0.4000239237 -0.00396332849 1.33961792e-05)
(0.6147784186 -0.1280246592 0.0001959610869)
(0.8332595122 -0.1076179144 0.0002967052258)
(-0.3391720944 0.3253715055 -0.0004070917177)
(-0.8854566922 -0.1893578688 -3.417109917)
(-0.9909589903 -0.5144746349 -3.333213103)
(-0.6036931255 -0.1985125149 -3.59674343)
(-0.8570656143 -0.5291327981 -3.424424397)
(-0.7292331195 -0.5448471349 -3.553437991)
(-0.3854563084 -0.2096263764 -3.893521405)
(-0.6168763889 -0.5709610335 -3.697374782)
(-0.5041772842 -0.596449579 -3.863883013)
(-0.04055142734 -0.2216364859 -4.220287912)
(-0.3590064075 -0.623358227 -4.036820184)
(-0.1572788194 -0.6459294557 -4.201632562)
(0.341703203 -0.2221539932 -4.424232122)
(0.08526303574 -0.6696440992 -4.347233509)
(0.3134559766 -0.6903543417 -4.431318627)
(0.4435588666 -0.2673446304 -5.351730675)
(0.3479034749 -0.7967866961 -5.062127402)
(0.4788314372 -0.8489427289 -5.389078912)
(0.818800862 -0.2688894571 -5.279615637)
(0.6976290687 -0.8395004438 -5.397845901)
(0.9290586691 -0.8111807724 -5.225058498)
(1.093963751 -0.2176948925 -5.103749799)
(1.123184297 -0.7928127288 -5.048859712)
(1.247748098 -0.7658912751 -4.970506876)
(0.841949103 -0.06764094626 -5.005433467)
(1.196170752 -0.6815891279 -5.088626181)
(1.054543795 -0.5527183158 -4.960342192)
(0.8541363441 -0.4281974316 -4.378246738)
(0.7654872498 -0.3247243588 -4.157223482)
(0.6433037364 -0.2691061789 -3.960730438)
(0.4176380322 -0.3948161964 -3.786225858)
(-0.03573448969 -0.442443376 -3.377220487)
(0.2912899775 -0.5270748085 -3.453488437)
(-1.10398252 -0.8246884225 -3.236210969)
(-0.8554636963 -0.8809767265 -3.477112337)
(-0.6286258603 -0.9518912162 -3.798906977)
(-0.2803844952 -1.050321215 -4.146623381)
(0.2763511003 -1.112840205 -4.404678356)
(0.515910818 -1.343111861 -5.379987053)
(1.038869361 -1.296922149 -5.123635712)
(1.396411815 -1.206946439 -4.803207761)
(-1.207765894 -1.191434119 -3.101965762)
(-1.10267566 -1.234283451 -3.211230717)
(-0.3968084855 -1.55932305 -4.026388341)
(-0.1324916602 -1.625289035 -4.192112083)
(0.2332004942 -1.67373504 -4.305170285)
(0.3431510101 -1.951875073 -5.021777052)
(1.528382062 -1.757930745 -4.579752173)
(1.305946828 -1.091696672 -4.849271556)
(1.568527761 -1.658991068 -4.648433812)
(1.612917651 -1.552121277 -4.596295959)
(1.116880424 -0.8074310675 -4.391651902)
(1.505596679 -1.377847467 -4.509786377)
(0.9561829994 -0.6504060987 -3.98740858)
(1.361428565 -1.097508732 -4.103778342)
(1.177692049 -0.9619228197 -3.845446203)
(-1.467066812 -1.517918269 -2.885230685)
(-1.275890101 -1.65624466 -3.155007712)
(-1.075402393 -1.828837583 -3.493878053)
(-1.303547538 -2.117915271 -3.088005805)
(-1.219897588 -2.236786757 -3.26556149)
(-0.7158411511 -2.023076234 -3.881615841)
(-1.092046702 -2.369043915 -3.454133123)
(0.06737843463 -2.213553182 -4.246136662)
(0.6499725199 -2.713709724 -5.160005899)
(0.3299417908 -3.321011387 -4.853984712)
(0.6965749942 -3.340484373 -4.882700768)
(1.368281571 -2.448784456 -4.675529786)
(1.11227858 -3.184574541 -4.661039615)
(1.479318961 -2.974390865 -4.355010678)
(1.810850831 -2.199501653 -4.226239508)
(1.856597837 -1.850070682 -4.317609902)
(1.783866535 -1.64109112 -4.150314099)
(2.112614922 -2.114214569 -3.983445662)
(1.620644008 -1.325336589 -3.83653304)
(2.085536448 -1.731522512 -3.804087105)
(2.007862781 -1.584928364 -3.644195224)
(2.217903834 -1.063108781 -3.447934502)
(-1.970610988 -2.141954286 -2.337873024)
(-2.237844001 -3.081736589 -2.492496058)
(-1.274161886 -3.048814682 -3.32984394)
(-2.061487389 -3.314398917 -2.67695255)
(0.2482773063 -5.109765886 -4.130075471)
(0.9819196105 -4.7261485 -3.822136068)
(1.748302459 -3.535501026 -3.841735532)
(1.575796066 -4.332542662 -3.500849586)
(2.048622666 -3.94791512 -3.193631171)
(2.274537515 -3.074253071 -3.370583255)
(2.391301435 -3.633930612 -2.936952258)
(2.43411463 -2.567318526 -3.465006931)
(3.105571295 -2.455368274 -2.837543113)
(3.556476663 -1.452023491 -2.956348211)
(-3.435979283 -2.922754121 -1.443213641)
(-3.239932494 -3.385377862 -1.669044447)
(1.235941143 -4.90504889 -2.409087565)
(3.431202692 -2.844827361 -2.099542608)
(4.077263053 -1.929973628 -2.192389323)
(-0.09031961828 0.003179954571 -5.064166987e-06)
(-0.3449963386 -0.005998953169 -3.652880461)
(0.2437240032 0.01335640827 -2.131216693e-05)
(-0.2113528238 -0.006192766836 -3.821008883)
(0.1769817296 0.02013586609 -3.219156459e-05)
(0.03852058871 -0.006380985919 -4.016415572)
(-0.1779910044 0.004568257224 -7.547513116e-06)
(0.2943878709 -0.006840727393 -4.384654342)
(-0.4962993539 -0.02206427403 3.463497124e-05)
(0.3295591526 -0.006665101454 -4.28754619)
(-0.6294576154 -0.08036344805 0.0001295095898)
(0.4031091012 -0.006835222751 -4.425871311)
(-0.6209208333 -0.148999551 0.0002366946393)
(0.5982590477 -0.006555456271 -4.318870068)
(-0.551382588 -0.1950364891 0.0003034961944)
(0.4940688404 0.03909935286 -4.247952337)
(-0.05531937136 -0.04237875226 -2.463566694)
(-0.3848508406 -0.1436778734 0.0003028187929)
(0.08401972018 0.02095216062 -1.789834717)
(-0.1133647514 -0.09413033593 0.000150156477)
(-0.7843423923 0.09618416181 -0.0001515937655)
(-0.3627563191 0.08688534146 -0.0001384834534)
(-0.2581304588 0.0853998479 -0.0001364643861)
(-0.2482211143 0.03772506425 -6.017552712e-05)
(-0.2125967883 0.01127249466 -1.791174197e-05)
(-0.3061993143 0.01687534581 -2.678525879e-05)
(-0.2819364176 -0.2088872873 0.0003335818891)
(-0.4788302476 -0.3316038743 0.0005279364507)
(-0.4201561286 -0.1490358893 0.0001923621178)
(-0.3494195568 0.1237582888 -0.0001746207223)
(0.01681341564 -0.01304989068 -1.613369984)
(0.09459989624 0.02543722839 -4.049231081e-05)
(0.08126866286 0.06356249276 -0.4978702947)
(0.1459889111 -0.1803896938 0.0002873234413)
(0.01888892864 -0.08264768133 0.0001315687076)
(0.01857658809 -0.08400820745 0.0001339323881)
(-0.4430224435 -0.004866898235 8.424231429e-06)
(-0.3555091969 0.07620961745 -0.0001211941093)
(0.03743039739 0.02924784447 -4.668872916e-05)
(-0.004799507812 -0.05552644374 8.837069153e-05)
(-0.1714727228 -0.1975494215 0.0003147112329)
(-0.2397356611 -0.2005346759 0.0003197404404)
(-0.2065219098 -0.1528036008 0.000243580514)
(0.2843376814 0.1157728368 -0.0001846307433)
(0.3540966125 0.03858290026 -6.231090204e-05)
(-0.3310335873 -0.2240863193 0.0003569644849)
(-0.2638782767 -0.3743442833 -1.496116011)
(-0.1985648703 -0.3178624015 -0.8556287673)
(-0.2515583475 -0.3481013772 0.0005537802115)
(0.1476099358 -0.178857178 0.0002849866715)
(0.1361809535 -0.1448673864 0.0002308829378)
(0.1316906419 -0.1665766421 0.000264993459)
(-0.3006945798 0.06376185997 -0.0001017701341)
(-0.1790225853 0.0665382763 -0.0001059794734)
(-0.000342309507 -0.0003395715333 5.41158501e-07)
(-0.02135233544 -0.0258608745 4.114673698e-05)
(-0.1083032406 -0.1619586984 0.0002578699894)
(-0.2313941333 -0.2675340557 0.0004264019966)
(-0.2023308426 -0.2029322315 0.0003233781377)
(-0.1201652839 -0.1314916293 0.0002099511602)
(0.1096242628 -0.3240834657 0.0005161384141)
(0.522747497 0.09131270886 -0.0001448394771)
(-0.7037682061 -0.3287645518 0.0005228124959)
(0.1373028765 -0.2379385454 0.000379593027)
(0.1467647776 -0.1896108038 0.0003016243782)
(0.1161429877 -0.2172681976 0.0003459946045)
(-0.1127037166 0.1050021055 -0.0001673214956)
(0.05037761791 0.07775050168 -0.0001239945066)
(-0.0006433684337 -0.0001974928998 3.146232377e-07)
(-0.01554754273 -0.01287855691 2.050420155e-05)
(-0.08236844588 -0.09166066953 0.0001457377743)
(-0.1898265772 -0.2713639657 0.0004316067684)
(-0.2783023281 -0.4640936959 0.0007409858882)
(-0.3170030459 -0.2550944168 0.0004068521065)
(-0.1899038732 -0.05763723065 9.153501232e-05)
(0.6342328057 0.1410224465 -0.0002246123163)
(-0.3161883781 -0.07979335194 0.0001265573372)
(0.0679763772 -0.4143289225 0.0006602532814)
(0.01174103795 -0.4883064868 0.0007779324041)
(-0.01516181434 -0.04934991632 7.851953118e-05)
(0.03280542599 0.1036135152 -0.0001649161817)
(0.08574814019 0.1712179842 -0.0002728273777)
(0.04563900763 0.06331598016 -0.0001006953142)
(-0.009273060098 -0.002929383024 4.685012848e-06)
(-0.0782336162 -0.05938442803 9.467874033e-05)
(-0.2158658949 -0.1855524704 0.0002963348727)
(-0.2782153599 -0.3069686968 0.0004895659996)
(-0.3319394405 -0.3908678226 0.0006217602323)
(-0.1612640831 -0.2773328682 0.0004415073691)
(0.6609960671 -0.2984440222 0.0004743222024)
(-0.05437068424 -0.282435872 0.0004492868016)
(0.01854579781 -0.3330559929 0.0005298731865)
(0.1435365904 -0.3805356813 0.0006065273037)
(0.001047525181 -0.217048502 0.0003457587203)
(0.06395327258 0.2783825999 -0.0004439877983)
(0.0938233167 0.2370234743 -0.0003779442046)
(0.07551687706 0.1210677953 -0.0001927550797)
(0.02251520696 0.03549118654 -5.651668948e-05)
(-0.01548592812 -0.00503590319 8.039768719e-06)
(-0.2341733437 -0.101541608 0.000161778205)
(-0.2929814887 -0.1464833999 0.0002336181099)
(-0.2862377349 -0.204854505 0.0003266210031)
(0.534575139 -0.2765424055 0.0004395924432)
(0.5758772551 -0.1770130434 0.0002820169121)
(0.09271668468 -0.2107309367 0.0003354952723)
(-0.2935481007 -0.0521558242 8.25880419e-05)
(-0.1546305921 0.02452753643 -3.904243001e-05)
(-0.002701865708 0.3556893755 -0.0005660806307)
(0.05707635943 0.3593827956 -0.0005721332005)
(0.08572444261 0.2663722687 -0.0004240646379)
(0.06288944169 0.1491235194 -0.0002377839833)
(-0.001026106612 0.08016421169 -0.0001277074326)
(-0.3831457526 0.372944666 -0.0005940877155)
(-0.3989303272 0.3020960328 -0.000480393328)
(-0.2904822527 0.1399278959 -0.0002227183611)
(0.2352404353 -0.1015152244 0.0001611467863)
(0.4548014501 -0.1420423827 0.0002261664321)
(0.4857922317 -0.1824500417 0.0002908188509)
(0.03335156245 -0.04503217422 7.173780492e-05)
(-0.2890901479 -0.01815201128 2.903749326e-05)
(-0.2830938372 -0.01854504221 2.938335451e-05)
(-0.2938283751 0.01065214403 -1.746080695e-05)
(-0.4414842267 0.1180314665 -0.0001888339134)
(-0.458834916 0.1457061778 -0.0002318090591)
(-0.3714390195 0.06253251634 -0.0001000817139)
(-0.1239536894 0.1967903473 -0.0003137058581)
(-0.2979654642 0.351146947 -0.000559287928)
(-0.3839907364 0.4480150815 -0.0007131020035)
(-0.343948073 0.3649062113 -0.0005811941917)
(-0.273653204 0.2930643322 -0.0004675477336)
(0.8155894102 -0.08697509811 0.000147998053)
(0.3985498476 -0.121994168 0.0001916282267)
(-0.3543626328 0.2806316025 -0.0004468433145)
(-0.8588131157 -0.0721144265 0.0001152417003)
(-0.7425999929 -0.06776653102 0.0001066459104)
(-0.5909989244 -0.07045818876 0.000111666592)
(-0.415745384 -0.07400747041 0.0001178632197)
(-0.2086015369 -0.07227590122 0.0001151916608)
(0.2759932588 -0.05963070247 9.490573939e-05)
(0.5782686619 -0.03420285399 5.519817556e-05)
(0.5630615354 -0.03120230531 4.988876441e-05)
(-0.03788407056 0.1519494128 -0.0002417889448)
(-0.05453171588 0.04836794452 -7.697642e-05)
(0.7022409326 -0.1583885741 0.000417561149)
(-0.2080471442 0.104914009 -3.804081441)
(-0.5471394347 0.3793707378 -0.0006146995337)
(-1.048772076 -0.1868875842 -3.365002851)
(-0.7143749423 -0.1936242355 -3.482137251)
(-0.498846879 -0.2037892298 -3.733097934)
(-0.2382522391 -0.2151660984 -4.060478072)
(0.1721960783 -0.2234846028 -4.349355521)
(0.3498020289 -0.2490611099 -4.99511168)
(0.6221006104 -0.274653827 -5.411140263)
(0.990020702 -0.2532453833 -5.139739576)
(1.009499878 -0.1231050602 -5.24503705)
(0.7000785628 0.01414864099 -4.700948539)
(0.5734553776 0.05741326609 -4.348951172)
(0.9199610211 -0.4948688953 -4.666656461)
(0.2741486445 0.0492148127 -3.787404302)
(0.1178089306 -0.03219799289 -3.738849284)
(-0.1313590626 -0.4503976559 -3.464688844)
(0.2883527569 -0.652158146 -3.561354358)
(1.075332445 -0.4763214427 -4.101628195)
(1.345786313 -0.4756850167 -4.24543935)
(-0.9888042783 -0.8504614875 -3.339971528)
(-0.7383743127 -0.9137109382 -3.627291591)
(-0.8476340127 -1.35255651 -3.499621919)
(-0.4859252759 -1.002984267 -3.976216466)
(-0.6030251679 -1.495917254 -3.849685095)
(-0.02315154528 -1.093469631 -4.304417366)
(0.3453201865 -1.271275562 -5.092729987)
(0.7752529181 -1.348141329 -5.334104856)
(0.8473808085 -1.995544607 -5.182384614)
(1.253288402 -1.241587637 -4.918710517)
(1.369281765 -1.822357408 -4.718407594)
(1.370566136 -1.088346172 -4.897732529)
(0.9923352942 0.1177407484 -3.551264466)
(1.233917841 -0.08496848099 -3.776542336)
(2.069026533 -0.6110043113 -4.145032813)
(3.536550037 -0.0259143005 -3.618025977)
(1.803755239 -1.822147463 -4.268947459)
(1.983681218 -1.446183268 -3.545680128)
(1.512952828 -1.245037306 -3.734258277)
(1.902604794 -0.6737173202 -3.76824374)
(2.349992647 -0.7700703633 -3.563852425)
(1.931253339 0.02204702307 -3.647430468)
(-6.315252105 1.332268412 -2.562861038)
(-6.45850554 1.548015452 -2.256665531)
(-5.942333101 1.303641317 -2.489096607)
(-5.142072445 1.307663333 -2.46429727)
(-5.198774428 1.491912173 -2.168621454)
(-3.941066833 1.305983751 -2.485177567)
(-2.321894799 1.335941464 -2.539482863)
(-2.348805122 1.506825077 -2.204097112)
(0.2061444079 1.384165078 -2.631211038)
(2.095217127 1.335658861 -2.542618861)
(2.123447095 1.513211386 -2.209245672)
(3.274787004 1.039413019 -2.660070886)
(2.915750851 -1.987158139 -3.19779055)
(2.474338589 -1.97296083 -3.503661458)
(2.902059836 -0.955663292 -3.305365247)
(3.256667558 0.1899339208 -3.550543754)
(3.410755006 0.3823658094 -3.40362684)
(4.436388545 0.1334365865 -3.782186348)
(-6.11189648 1.637748945 -1.792712277)
(-6.169190449 1.729920861 -1.409718706)
(-4.095231186 1.66875627 -1.343564239)
(-2.42685265 1.65168149 -1.343660825)
(0.2018945986 1.636205151 -1.772792727)
(2.198791481 1.655360156 -1.339386245)
(4.235619401 0.8202518576 -2.527352404)
(4.296033577 0.8847148124 -2.315404595)
(-4.466491818 -2.58177932 -0.9136441292)
(-4.281178196 -2.995027271 -1.053863703)
(-3.661228647 -3.495716989 -1.229213819)
(-2.019135932 -4.338421264 -2.130731216)
(-2.47447183 -4.1483214 -1.4534936)
(0.1101839516 -5.551498989 -2.734836984)
(0.04971045639 -5.09987955 -1.790306975)
(2.173427315 -3.959893478 -1.403333551)
(3.233557496 -3.340394543 -1.171435681)
(3.813767915 -2.798117084 -1.359865678)
(-5.450296987 -2.175793137 -0.3253581268)
(-5.127838672 -2.499859812 -0.3828016925)
(-4.335592178 -2.894977569 -0.4277140533)
(-2.922832859 -3.415058723 -0.5172567483)
(0.03445521977 -4.158525377 -0.624470584)
(2.465953567 -3.078942235 -0.466737703)
(3.572896789 -2.576339863 -0.3911575737)
(4.259320808 -2.188399458 -0.7528044739)
(4.482811994 -1.835014188 -1.583541929)
(-6.669138862 -1.134408149 0.05621382132)
(-6.195972042 -1.289636518 0.05848795946)
(-5.239869452 -1.484791238 0.07347949616)
(-3.557240761 -1.745108316 0.08185183605)
(0.02953595364 -2.131246875 0.1082756673)
(2.94721442 -1.443780047 0.07352035151)
(4.091503342 -1.164656157 0.06065573759)
(4.833982354 -1.010856616 -0.419758113)
(5.115848185 -0.9523514266 -1.405221339)
(-7.125837008 1.342418392 -0.3369804703)
(-6.480145412 1.518349618 -0.3800392058)
(-5.36516328 1.738276889 -0.4435251854)
(-3.500243608 2.04441607 -0.5130345948)
(0.02759885432 2.467771248 -0.6172338842)
(2.977149828 1.646385416 -0.4090766625)
(4.057953008 1.341409716 -0.3365812115)
(4.71906112 1.066718665 -0.7308109791)
(4.982590493 0.7676026256 -1.586160471)
(-0.5404942717 0.003885573189 -6.069138571e-06)
(-0.7460889949 -0.006328043387 -3.729163719)
(-0.7372726072 0.05788603655 -9.235659767e-05)
(-0.8216916392 -0.006054295554 -3.531468495)
(0.1764797452 -0.00213628068 3.337702101e-06)
(-0.2960574837 -0.006043000047 -3.695887981)
(-0.4193151138 0.05345240045 -8.498099498e-05)
(-0.0748799984 0.05193415206 -8.252637716e-05)
(-0.563858587 -0.005926793873 -3.537468135)
(-0.4935994958 -0.006034872211 -3.631137255)
(0.2406785956 0.02035682955 -3.267822675e-05)
(-0.09702073278 -0.006301026484 -3.927251278)
(0.2003729186 0.0410372888 -6.542019077e-05)
(0.1645800587 0.08375848127 -0.0001330385419)
(-0.4010309655 -0.006194115967 -3.763254545)
(-0.2900571717 -0.006392047376 -3.923503106)
(0.09894080139 0.01343844536 -2.138274219e-05)
(0.1806934693 -0.006707967442 -4.264859783)
(0.0380009407 0.09842409263 -0.0001567179959)
(-0.08049120415 0.07784645391 -0.0001237551697)
(-0.141433096 -0.006576457995 -4.088346684)
(0.05174130001 -0.006729064841 -4.242583731)
(-0.3627436349 -0.004663609601 7.102900327e-06)
(0.3644701001 -0.006581934646 -4.244458541)
(-0.2632342522 0.08859261738 -0.0001414051543)
(-0.3621124549 0.1197084359 -0.0001910693867)
(0.2323551654 -0.006823137606 -4.359450475)
(0.3603091007 -0.006870719175 -4.431856754)
(-0.5840956486 -0.04889996637 7.856917298e-05)
(0.3385607412 -0.006894847041 -4.441147733)
(-0.4856491605 0.1665158846 -0.0002657936348)
(-0.4930826493 0.1614957188 -0.0002567950331)
(0.3503234914 -0.007709085964 -4.952575975)
(0.4150121947 -0.00827043786 -5.321877667)
(-0.639807665 -0.1149460337 0.0001833970741)
(0.4979401797 -0.006599976702 -4.310334573)
(-0.4995162605 0.1642617456 -0.0002610939213)
(-0.4814840514 0.1247936321 -0.0001988223187)
(0.5565600259 -0.008352711693 -5.422900279)
(0.7184539809 -0.008122260286 -5.33083619)
(-0.5877081531 -0.1809085056 0.0002857143673)
(0.653895621 0.001025596674 -4.420341454)
(-0.4924757316 -0.02508649301 4.025704416e-05)
(-0.5244403721 -0.1559921442 0.0002473618346)
(0.866371963 -0.007885719239 -5.228230314)
(0.9556128245 0.004957302651 -5.236429903)
(-0.5078402868 -0.1810565361 0.0002219437433)
(0.1658513867 0.0288107201 -3.036982877)
(-0.530080069 -0.1847161973 0.0002905843336)
(-0.5063898105 -0.1518403999 0.0002118195266)
(0.8683245033 0.07790749256 -5.399049159)
(0.6971168265 0.1269103896 -5.078465902)
(-0.2219380494 0.7919105584 -0.001183088873)
(-0.278334759 -0.07472489263 0.0001481479445)
(0.5683915163 0.152544333 -4.74754242)
(-0.1270792818 -0.03335124959 5.883252703e-05)
(-0.2926405082 -0.04160918481 6.644058789e-05)
(-0.3653454699 -0.1694197491 0.0002725187834)
(-0.3212472439 0.1561263266 -0.0002480770483)
(-0.2868459729 0.2279907224 -0.0003630697178)
(-0.08488068717 -0.1768537257 0.000281849225)
(0.2025323491 0.157630629 -3.859789684)
(-0.2528463463 -0.29988885 0.0004771483581)
(-0.2640490856 -0.4218248454 -3.674544732)
(-0.2014727448 -0.4179680161 -3.735599281)
(0.3227305969 -0.2863972607 0.0004547104711)
(-0.4549858523 -0.1505638434 0.0002403919105)
(-0.01594028045 -0.06910594889 -3.260030672)
(0.3000299748 -0.2299727103 0.0003672277924)
(-0.1165347395 -0.3420914602 -3.737703459)
(-0.08994104476 -0.3428994023 -3.829422921)
(0.07101209894 -0.2747473819 0.0004372124663)
(-0.0716715507 -0.1681824818 0.0002680553696)
(0.09740854423 -0.2725028179 -3.506288112)
(0.1096501131 -0.1658207161 -3.445031464)
(0.05970750743 -0.1924780059 0.0003065745732)
(0.08272379047 -0.3411409831 -3.728651756)
(0.1049034447 -0.3166776536 -3.665559474)
(0.1075438919 -0.2429302473 -3.611212453)
(0.03459398328 -0.05588240241 -3.344560823)
(-0.07825529188 0.1457932093 -0.0002319024933)
(0.08625058158 -0.1509555208 -3.573628596)
(-0.3034839268 0.2897833809 -0.0004612764943)
(-0.5204805414 0.3757181735 -0.0005286006633)
(-0.1901842317 0.1609585124 -3.699377172)
(-0.4290462787 0.363621047 -0.0005783855442)
(-0.08789840369 0.1380479581 -3.417981926)
(-0.2205096228 0.2546605712 -0.000405918414)
(-0.3394073505 0.3089967553 -0.0004921262764)
(0.09580168034 -0.1308597563 -3.608527103)
(0.08521815467 -0.08993371872 -3.754378252)
(0.1370562049 -0.118751832 -3.867127024)
(-0.905977089 -0.07530791263 0.0001206890067)
(-1.467060858 -0.0005408695299 2.247008007e-06)
(-2.361990904 -0.005656223431 -4.309964667)
(-2.666673039 -0.005040039095 -4.021422579)
(-0.8035015972 -0.0689655103 0.0001094018916)
(-1.369798898 -0.001208378734 -2.823749742e-06)
(-1.260923328 -0.002452764946 5.672806975e-06)
(-2.150631934 -0.006170207385 -4.57624386)
(-2.551522199 -0.005294240447 -4.157075136)
(-2.435480886 -0.005581040551 -4.294872531)
(-0.6719412643 -0.06827368871 0.0001104840007)
(-1.146100255 -0.004043883832 5.264913204e-06)
(-1.028757372 -0.00579159364 1.191484181e-05)
(-1.959483125 -0.006719056989 -4.851008244)
(-2.323207995 -0.005903067732 -4.435743598)
(-2.239342728 -0.006152781864 -4.577905901)
(-0.5077129648 -0.07274495087 0.0001168418684)
(-0.9126645602 -0.007606651272 1.136478714e-05)
(-0.7996424363 -0.009363369988 1.648876265e-05)
(-1.871446165 -0.007216378622 -5.141306835)
(-2.262922378 -0.006323910701 -4.708177924)
(-2.431020922 -0.006435990209 -4.825372488)
(-0.3157447864 -0.07392836199 0.0001169935071)
(-0.6888323775 -0.0106827472 1.731643613e-05)
(-0.5799508697 -0.01112907559 1.717774297e-05)
(-1.972981501 -0.00783766927 -5.573101505)
(-2.647840445 -0.006545586465 -4.964744781)
(-2.797260376 -0.006779993368 -5.164788885)
(-0.03418885111 -0.06206839053 9.896625838e-05)
(-0.4738971608 -0.01065949742 1.56752619e-05)
(-0.3521530419 -0.00767511731 1.246766125e-05)
(-1.782272037 -0.009197361715 -6.356056739)
(-2.804339595 -0.007246596393 -5.441810297)
(-2.613833521 -0.007839113796 -5.74711751)
(0.5416425712 -0.005665877494 8.608786585e-06)
(-0.03848927647 -0.006940149409 1.105011605e-05)
(0.1269708849 -0.03531600075 5.603043986e-05)
(-1.117607453 -0.01039813524 -6.890134538)
(-2.211195785 -0.008327975067 -5.935973166)
(-1.780853026 -0.008801639941 -6.103918107)
(0.5978748834 -0.04532343222 7.160023739e-05)
(0.2432585248 -0.03897978025 6.242416706e-05)
(0.401747013 -0.04105655967 6.51720356e-05)
(0.1975476344 -0.009880922022 -6.128305242)
(-1.168586854 -0.009332750103 -6.235788378)
(-0.2812680422 -0.008610219046 -5.50590557)
(0.380381187 0.01768253031 -2.787085404e-05)
(0.5586803415 -0.04026896521 6.30909296e-05)
(0.7270210773 -0.03907059784 6.264068199e-05)
(1.060741544 -0.008831256882 -5.213095302)
(0.4034921597 -0.00828373202 -5.073680686)
(1.121424763 -0.008280529806 -4.838080778)
(-0.1737541499 0.1178419815 -0.0001874275701)
(0.8591151246 -0.03328909965 5.669122963e-05)
(0.9859427906 -0.0336145377 5.067214693e-05)
(1.535773903 -0.02762447068 -4.813679862)
(1.592515708 -0.008198796069 -4.640727726)
(1.866281261 -0.03162699743 -4.500503688)
(0.6342825841 -0.006739274404 3.102923221e-05)
(1.159719256 -0.04625252818 7.454804791e-05)
(0.747276679 -0.04418953054 0.0001457566748)
(0.2400515941 -0.06155173873 -4.189974361)
(1.901725379 -0.1892026445 -4.49179633)
(1.700178801 -0.3167143234 -4.611918501)
(-0.222418512 0.1069540999 -3.774247159)
(-0.3294416066 0.2890918209 -0.0004713699653)
(0.3955650388 0.009496805785 8.890681767e-05)
(0.9205226324 -0.3669736611 -4.509880231)
(1.355402384 -0.3805164056 -4.695879621)
(0.273513427 -0.1856497842 -4.061024633)
(0.4353394014 -0.2298331838 -4.270789151)
(0.4030230411 0.04624196234 -3.871887211)
(0.567738365 -0.3687039729 -3.830365128)
(-0.1037137869 -0.2967353304 -3.605552818)
(0.2816507246 -0.541336749 -3.693922399)
(0.7206434862 -0.7670463405 -3.77909994)
(0.07830620838 -0.3592399067 -3.780115978)
(0.3968091392 -0.4591578076 -3.550692291)
(0.7980226873 -0.5822276338 -3.531352491)
(0.4986939042 -0.4472409858 -3.746654113)
(0.1722905373 -0.5764873629 -4.29663686)
(0.5928478042 -0.4853389754 -4.151955314)
(0.6643735202 -0.5811689006 -4.30427256)
(0.2515184114 -0.4549654961 -3.97609784)
(0.7203305419 -0.5629326035 -4.291379561)
(0.712604822 -0.4177881357 -4.047429831)
(0.254196567 -0.2846250174 -3.651338767)
(0.2812784803 -0.1879133761 -3.587954885)
(0.6671550884 -0.2138383361 -3.742527787)
(0.6337482973 -0.1839983354 -3.666196393)
(0.6890305556 0.05593247926 -3.587356797)
(0.221542329 -0.12319161 -3.556986388)
(0.5975899229 -0.0585014059 -3.592103155)
(0.4149163931 -0.2645397017 -3.805546233)
(1.826026517 -0.6528106459 -4.129814173)
(1.0831697 -0.2620880519 -3.915842554)
(0.9331295176 -0.2384241858 -3.825915237)
(-2.814789613 0.2168032129 -3.924162119)
(-2.570560165 0.2303470202 -4.202302263)
(-2.665396534 0.243629614 -4.416049894)
(-3.740637015 0.6372671564 -4.048862559)
(-3.454069056 0.2413531393 -4.463476585)
(-4.282395325 0.6250130289 -3.980091792)
(-4.625687846 0.6206669137 -3.937020951)
(-3.835902183 0.254872233 -4.60782184)
(-4.766575377 0.6176179208 -3.919838125)
(-4.716689359 0.6269548077 -3.91744607)
(-3.480602625 0.2689199385 -4.835002847)
(-4.485968511 0.6127541149 -3.927500829)
(-4.089848096 0.6146199187 -3.940121959)
(-2.469745279 0.2676380991 -4.964473917)
(-3.549965539 0.615343258 -3.960377703)
(-2.882985107 0.6168515929 -3.992119346)
(-0.8466922763 0.2486781805 -4.739221687)
(-2.080614052 0.6256761955 -4.027792139)
(-1.140472332 0.6286148125 -4.062545345)
(1.1689742 0.2187341625 -4.443003914)
(0.2320247958 0.6466933813 -4.156874788)
(1.220571547 0.622901454 -3.981266408)
(2.202342017 0.1667100759 -4.159095635)
(1.908035235 0.6035864338 -3.853728358)
(2.446238106 0.5746985988 -3.76038275)
(2.346056996 -0.2453302274 -4.227932898)
(2.791148595 0.3159642454 -3.771608878)
(2.915765412 0.06045580703 -3.860329964)
(1.901887244 -0.579186571 -4.274427859)
(2.990935292 -0.2421551815 -3.908897746)
(2.863372605 -0.4547324104 -4.053549809)
(2.296121558 -0.7894538886 -4.148927899)
(2.549506183 -0.5581542334 -4.146805247)
(-0.9685644057 -1.289990263 -3.349836139)
(-0.7423088549 -1.422907231 -3.670131927)
(0.5512862966 -2.037352209 -5.266537024)
(1.137611336 -1.906647361 -4.944395104)
(1.037923102 -0.7272636644 -4.132005873)
(1.43221788 -1.261838192 -4.301789968)
(1.266390684 -1.008007036 -3.909213264)
(1.045496729 -0.9626609481 -3.769234363)
(1.020488209 -0.9819994665 -3.605020023)
(1.456430338 -1.188302178 -3.608629732)
(1.120453235 -0.8677497538 -3.52930085)
(0.6943532522 -0.6916024684 -3.500631867)
(0.8127541862 -0.5255574609 -3.706669119)
(1.188909758 -0.726366987 -3.543754937)
(1.297075111 -0.6377017924 -3.63069849)
(1.486803675 -0.579397043 -3.955531818)
(1.126808823 -0.589320688 -4.257396911)
(1.499775975 -0.6038418183 -4.175124413)
(2.070005647 -0.6542491695 -4.090669664)
(1.17849153 -0.4231280292 -4.144301108)
(1.742322615 -0.403275069 -4.17495085)
(1.591867514 -0.5184370908 -4.287150599)
(2.17910486 -0.5794631593 -4.201265061)
(1.082452321 -0.0811078643 -3.640506936)
(1.494119585 -0.05344707422 -3.662847801)
(1.444843128 0.08209233017 -3.5611112)
(1.495299363 0.2003639164 -3.553235478)
(2.287124211 -0.4995002443 -4.167425133)
(3.152040069 -0.5390561214 -4.230306794)
(3.813078798 -0.8272650689 -4.045541843)
(2.850164497 -1.011872684 -4.244522202)
(3.186807719 -0.8033776437 -4.112816586)
(2.948753867 -0.8909329824 -4.332362594)
(3.488653534 -0.9149225748 -4.208748281)
(-5.643488481 1.204141872 -3.131476837)
(-4.891903968 0.9055545868 -3.573430476)
(-5.42941893 0.8647753102 -3.419511339)
(-5.840609677 1.162374434 -3.05341777)
(-5.846398986 1.149986006 -2.992707987)
(-5.693976035 1.127926721 -2.959455381)
(-5.405375733 1.117112199 -2.939557733)
(-5.189686759 0.8513899052 -3.352710382)
(-4.995528273 1.117393624 -2.932588959)
(-4.472979885 1.128417772 -2.938608226)
(-4.353655548 0.8472807893 -3.348040345)
(-3.033724935 0.8640406257 -3.41175515)
(-3.841867549 1.128286919 -2.965409382)
(-3.105676896 1.155594481 -2.997477295)
(-2.258862848 1.171197784 -3.05027118)
(-1.27234665 1.194817796 -3.117430516)
(-1.234769098 0.893799988 -3.55048407)
(1.287635654 1.198916496 -3.111266691)
(1.25965974 0.887983817 -3.531339405)
(0.2042755856 1.233954124 -3.206944277)
(2.036920597 1.175625968 -3.042018762)
(2.579378795 0.8405242329 -3.366785322)
(2.662420851 1.142325193 -2.992011209)
(3.357737092 0.3026563891 -3.463098099)
(3.155103768 0.9090603191 -3.067872584)
(3.582190524 0.5467521364 -3.159023857)
(3.557786059 -0.352718727 -3.785044132)
(3.830509128 0.1998791099 -3.338063942)
(3.91415693 -0.1490499551 -3.53013363)
(3.931539329 -0.5255633042 -3.74314981)
(-1.593378122 -1.833839033 -2.673008887)
(-1.52513792 -1.916374561 -2.792360206)
(-1.410157144 -2.012824011 -2.935598376)
(-0.8674159177 -2.502780854 -3.649515465)
(-0.5537813552 -2.635841199 -3.851530614)
(-0.04113119371 -2.756200768 -4.03671329)
(1.75677103 -2.790530774 -4.085705342)
(1.951562458 -2.65041108 -3.89644739)
(2.05301932 -2.433580481 -3.897758355)
(2.090735651 -2.282762748 -3.963424603)
(-1.825082801 -2.38155434 -2.599594623)
(-1.670100502 -2.683478118 -2.927394266)
(-0.3751115636 -3.480255397 -3.783838282)
(0.8256003058 -4.10586324 -4.471047064)
(2.162921257 -1.946264924 -3.840629354)
(2.594855121 -2.130415607 -3.456278768)
(2.50906472 -1.722979046 -3.405193921)
(1.982657034 -1.203114176 -3.446281035)
(1.516795776 -1.02800909 -3.544684281)
(1.670067834 -0.7753069615 -3.556922756)
(2.137635974 -0.8902852425 -3.432170178)
(3.31029393 -0.7722046837 -3.586207713)
(2.668468685 -0.686380363 -3.876968715)
(2.858057076 -0.5679881351 -4.038433911)
(3.607132596 -0.5505697276 -3.807317338)
(2.980456369 -0.2676415116 -4.198667753)
(3.857677271 -0.08476936971 -4.096246421)
(2.256040738 -0.2527038419 -4.136058579)
(2.03621302 0.05806064839 -3.538392151)
(2.633430568 0.2083856227 -3.450391483)
(2.436686591 0.1206331571 -3.543148556)
(4.566868302 -0.03615437191 -3.665039014)
(3.088294303 -0.03138611845 -3.908749972)
(4.034429055 -0.3987476012 -4.081386594)
(-6.610456061 1.699418268 -1.847847567)
(-6.291886879 1.532954036 -2.211951284)
(-6.405651797 1.669272395 -1.811137049)
(-6.021019905 1.505637209 -2.194024671)
(-5.656570314 1.502423444 -2.172741723)
(-5.268735114 1.606718673 -1.764669011)
(-4.708014721 1.606687796 -1.74942965)
(-3.985635184 1.491837627 -2.174197383)
(-4.04485233 1.610437412 -1.739891136)
(-2.389604104 1.616928777 -1.749244408)
(-1.329836953 1.516635532 -2.232805429)
(-1.355399632 1.622407901 -1.763023988)
(0.199949754 1.549355766 -2.270437695)
(1.337819076 1.528708456 -2.235404398)
(2.163618478 1.616340765 -1.749008711)
(2.849688107 1.595318634 -1.75529928)
(3.335171918 1.232144741 -2.369071644)
(3.423841296 1.366191574 -1.970322613)
(4.284376845 -0.3326850064 -3.629210472)
(4.16722238 0.09746627327 -3.296191248)
(4.41143526 0.2523971879 -3.106230199)
(4.084921681 0.6309991401 -2.823386975)
(4.159113595 -0.5951549346 -3.901626686)
(4.416381639 -0.3397226614 -3.803013049)
(4.443301266 -0.09761304416 -3.453396779)
(-6.303996321 1.391218111 -2.618855659)
(-6.497340407 1.589723384 -2.307910515)
(-6.188764414 1.325277879 -2.51086377)
(-5.591529461 1.301127224 -2.472112711)
(-4.592646772 1.311498386 -2.467653253)
(-4.643385122 1.489255445 -2.168074338)
(-3.19114446 1.326098443 -2.503122725)
(-3.222170463 1.493299842 -2.1907489)
(-1.311433874 1.353617579 -2.581659963)
(1.32363993 1.353393759 -2.578371929)
(2.753624651 1.302455814 -2.522242029)
(2.791857719 1.481938898 -2.200182423)
(3.651944928 0.7384719836 -2.847360292)
(3.777437696 0.978593736 -2.564670285)
(-2.478158464 -2.397057988 -1.929087943)
(-2.441329291 -2.539151009 -2.046731725)
(-2.374807997 -2.701250721 -2.176622984)
(-2.310624548 -2.876873205 -2.320162206)
(-1.757946015 -3.563649147 -2.884603849)
(-1.340365198 -3.859375592 -3.108407408)
(-0.7661961384 -4.206900353 -3.396533277)
(2.632481634 -3.378576744 -2.757024677)
(2.771940128 -3.052191657 -2.811310284)
(2.810618689 -2.813670732 -2.917905694)
(2.840346784 -2.452223155 -3.120399592)
(-3.191269042 -2.462129337 -1.560781578)
(-3.472108307 -2.548219071 -1.248356238)
(-3.134795589 -2.814539703 -1.795058838)
(-3.469163084 -2.729500697 -1.337739763)
(-2.953537558 -3.264195293 -2.070423626)
(-3.372650457 -3.140861156 -1.543647028)
(-2.327950811 -3.822012602 -2.432026899)
(-2.970381661 -3.658712643 -1.806591729)
(-2.56522203 -3.967796859 -1.960194918)
(-1.144774965 -4.612946808 -2.939441569)
(-1.270109059 -4.799663958 -2.355978275)
(1.159127083 -4.843295095 -3.096915208)
(2.362868924 -3.993722132 -2.561957253)
(1.940297163 -4.449690981 -2.171342675)
(2.489692919 -4.053157573 -1.975443077)
(3.024291653 -3.392978018 -2.192028072)
(2.899391327 -3.72397637 -1.813676372)
(3.195067513 -3.441933936 -1.713925738)
(3.242919149 -2.792642605 -2.444636964)
(3.376251697 -3.110867456 -1.874366709)
(3.036745352 -2.308070695 -2.98042205)
(3.472930647 -2.485129455 -2.40718967)
(3.189848574 -1.936653703 -2.963136842)
(3.483099155 -2.210388157 -2.626462361)
(3.002069081 -1.690534134 -3.163067355)
(2.538737244 -1.455690339 -3.316328225)
(3.750350345 -2.050915122 -2.465138489)
(3.253018613 -1.598823824 -2.976151597)
(3.903200253 -1.706541834 -2.577829792)
(2.712508601 -1.090546118 -3.279900649)
(3.268508164 -1.291277504 -3.176380698)
(3.452554565 -1.189526316 -3.019774997)
(4.003194882 -1.395096852 -2.773185601)
(4.348250064 -1.108816773 -2.848477741)
(3.917648454 -0.9263175575 -3.22443398)
(4.323088833 -0.5684740998 -3.46023338)
(4.714881303 -0.7575888781 -2.975607575)
(5.017492195 0.2228850637 -3.215714166)
(4.618246317 0.1415833777 -3.782918547)
(4.594000526 0.8990405814 -2.357833292)
(4.708204135 0.2624107567 -3.370156553)
(4.172597494 0.615122532 -3.196740411)
(4.590005386 0.6795295128 -3.065714732)
(4.555086665 0.7353815514 -2.688855623)
(-5.218181018 2.63900413 -1.676627589)
(-6.697363787 1.802893821 -1.45851547)
(-5.037149249 2.800291565 -1.784659957)
(-6.473117309 1.762770703 -1.429206076)
(-4.841877637 2.982951891 -1.895060123)
(-4.626201043 3.186600423 -2.026731229)
(-4.371147339 3.430820555 -2.174017241)
(-3.628321144 3.919458377 -1.906945739)
(-5.320449636 1.68123794 -1.379083965)
(-4.01805289 3.722729292 -2.362763721)
(-3.428506497 4.062631744 -2.572572604)
(-2.496187659 4.325786901 -2.752856625)
(-3.319418122 1.655118399 -1.344334043)
(-1.506584189 4.611414568 -2.940342303)
(1.537756599 3.822621237 -1.854243003)
(-0.03165268652 4.923330923 -3.139179248)
(1.423586196 3.924067968 -2.502946082)
(2.82038195 2.932032156 -1.424675625)
(0.2052853416 1.653420143 -1.339422114)
(2.125491549 0.3527402263 -0.2261621588)
(1.382463541 1.653820969 -1.340113019)
(2.641596684 3.051555659 -1.938601174)
(3.053853849 2.769130698 -1.761600474)
(3.393594068 2.532615564 -1.642557717)
(3.477905619 1.453703609 -1.599090215)
(3.641391238 2.198760569 -1.80350627)
(3.794658177 1.923452446 -2.01306332)
(4.551970467 0.9352187959 -2.318821152)
(4.841432178 0.7013717835 -2.682120139)
(4.522987147 0.4368770106 -2.914252991)
(4.213661477 1.215897927 -2.433089553)
(4.121058448 0.6163648847 -3.329485196)
(4.797855577 0.3790586006 -3.187969082)
(-6.702639263 1.744595262 -1.895534262)
(-6.818256887 1.86633216 -1.49534578)
(-5.734207409 1.634367423 -1.762607011)
(-5.788466588 1.712707362 -1.380829476)
(-4.758599887 1.678598838 -1.353633706)
(-3.273995143 1.606212745 -1.746987976)
(-1.376314794 1.652217174 -1.341793747)
(1.361081964 1.622140359 -1.760425524)
(2.897746723 1.645415255 -1.355674041)
(3.880786204 1.082222048 -2.248759073)
(3.991702227 1.232364649 -1.886863794)
(-4.45305946 -2.397739277 -0.8442532901)
(-4.914808894 -2.263977179 -0.5789219164)
(-4.415541164 -2.777732162 -0.9887862063)
(-4.924805052 -2.437545786 -0.6269084891)
(-4.852732755 -2.623482744 -0.6617706418)
(-4.036944999 -3.229756559 -1.143486872)
(-4.681941088 -2.818388618 -0.7132985123)
(-4.395463997 -3.032758961 -0.7699015868)
(-3.150450401 -3.795764358 -1.334153498)
(-3.979070891 -3.273516997 -0.8293900074)
(-3.421333579 -3.549696206 -0.8989210583)
(-1.551126701 -4.567296396 -1.607303596)
(-2.683223793 -3.872849916 -0.9821136677)
(-1.675674547 -4.255361297 -1.088326883)
(1.415804587 -4.395956863 -1.548679393)
(0.03997672279 -4.725519126 -1.20455161)
(1.520105769 -4.01672354 -1.019220809)
(2.766221243 -3.622002275 -1.274783081)
(2.301273569 -3.594926888 -0.9204424824)
(2.903347668 -3.282869133 -0.8318610409)
(3.589035749 -3.090302209 -1.121236927)
(3.386882886 -3.028873352 -0.7690110634)
(3.768171139 -2.808149168 -0.7475054828)
(3.938834334 -2.542406246 -1.62225229)
(4.021927803 -2.555367041 -1.042049527)
(4.161552604 -2.318388573 -1.406368195)
(4.218092521 -2.128132413 -1.709849304)
(-5.456486483 -2.022894775 -0.3011417339)
(-6.057254759 -1.634491327 -0.08490973718)
(-5.343334443 -2.334397838 -0.343741014)
(-6.026278329 -1.753680211 -0.09486873581)
(-5.88009882 -1.876400153 -0.09757586669)
(-4.795753098 -2.684448161 -0.4094689591)
(-5.621423635 -2.006779447 -0.1079386244)
(-5.247646253 -2.152127581 -0.09968332646)
(-3.726918665 -3.134935928 -0.466545438)
(-4.744712168 -2.316272332 -0.1094505983)
(-4.083159983 -2.505566667 -0.1296199642)
(-1.825541266 -3.750027708 -0.5679038956)
(-3.20712013 -2.728738848 -0.1407978411)
(-2.007734101 -2.995132658 -0.1472549835)
(1.652604051 -3.470658099 -0.5196283981)
(0.03155092591 -3.324491815 -0.1621726087)
(1.822407941 -2.710803302 -0.1354288948)
(3.077351738 -2.797202362 -0.4230499438)
(2.674916226 -2.377803453 -0.123847065)
(3.297772666 -2.143913423 -0.1075823074)
(3.976393499 -2.389439394 -0.4009050108)
(3.80069007 -1.965378458 -0.09556517751)
(4.218895495 -1.819643539 -0.131021037)
(4.426173418 -2.004921754 -1.150450487)
(4.525465671 -1.683553237 -0.5261865253)
(4.716223402 -1.562944761 -0.9748782411)
(4.480263972 -1.709723446 -1.901419673)
(4.786607493 -1.46179502 -1.437076727)
(4.771660154 -1.377670017 -1.855341682)
(4.618998673 -1.190274754 -2.39208404)
(-6.723995971 -1.065866526 0.04892550227)
(-7.983906489 0.4731508582 -0.07412572046)
(-6.48945964 -1.208103312 0.05837702454)
(-7.771856169 0.4868877533 -0.07262834412)
(-7.47937873 0.4981995846 -0.08023944224)
(-5.786001796 -1.380475112 0.07436906796)
(-7.093231746 0.5095449716 -0.07765602971)
(-6.591956687 0.5190910556 -0.07589014231)
(-4.518719479 -1.604622582 0.0794170927)
(-5.943586662 0.5259340113 -0.07975232667)
(-5.101350526 0.5311618674 -0.08020151459)
(-2.233825275 -1.9129073 0.09884051764)
(-3.999376927 0.5329204985 -0.08766477454)
(-2.513556268 0.5344614336 -0.07855161683)
(2.045835348 -1.675470844 0.09128231636)
(0.02725700871 0.5333895268 -0.08229831529)
(2.422886363 0.5355185186 -0.0811478674)
(3.584783446 -1.284150246 0.06396669759)
(3.378528503 0.5378837985 -0.0739303607)
(4.015738967 0.5380631396 -0.07874345984)
(4.515111799 -1.072166684 0.01120426574)
(4.499283404 0.5389716119 -0.07775137445)
(4.890122833 0.5320989831 -0.1287649079)
(5.039547856 -0.9632437145 -0.9082455646)
(5.175901969 0.4652952698 -0.5759585622)
(5.356383548 0.3898511191 -1.081087217)
(5.09929029 -0.939051078 -1.868402179)
(5.448438664 0.3073765201 -1.62248605)
(5.436362978 0.2471596244 -2.038492985)
(5.227839692 0.3167308735 -2.732937371)
(4.9730388 0.6668852142 -2.205856762)
(-7.334862711 1.264651426 -0.3150967109)
(-6.832559197 1.775754698 -0.6227428534)
(-5.583664943 2.57509101 -1.259062514)
(-6.84691203 1.425727547 -0.3604024173)
(-6.635695451 1.891332699 -0.6653712063)
(-6.38059484 2.017582993 -0.7070782523)
(-5.183781132 2.92868775 -1.418271372)
(-5.998083906 1.622151592 -0.403302219)
(-6.048210895 2.152590501 -0.7635030818)
(-5.606329688 2.309236106 -0.810819294)
(-4.661234305 3.356209028 -1.629848319)
(-4.543586007 1.880467206 -0.4671601936)
(-5.008413172 2.480461065 -0.8835360396)
(-4.207348067 2.681825615 -0.9474071696)
(-2.16457453 2.239390956 -0.5600301253)
(-3.197121571 2.909211055 -1.025337346)
(-1.956604556 3.170525714 -1.120727897)
(-1.616827879 4.510160836 -2.191937077)
(2.091985131 1.912714223 -0.4758447129)
(0.02418877833 3.462581166 -1.220072134)
(1.887628787 2.695588246 -0.9415343472)
(3.586912822 1.469287404 -0.3695865481)
(2.724264219 2.30710378 -0.8156564775)
(3.313956172 2.048517635 -0.7164897939)
(4.44061587 1.234092737 -0.3530591402)
(3.774347009 1.856231136 -0.6457699745)
(4.149177778 1.694140228 -0.6316839789)
(3.603349434 2.417931005 -1.214866473)
(4.913160815 0.8926268674 -1.195812992)
(4.418019641 1.462363959 -0.9524741099)
(4.575686338 1.273446425 -1.300796269)
(4.593633456 1.175632272 -1.852322234)
(4.037811119 1.842516425 -1.717284753)
)
;

boundaryField
{
    walls
    {
        type            noSlip;
    }
    wallFilmFace_top
    {
        type            slip;
    }
    region0_to_wallFilmRegion_wallFilmFace
    {
        type            slip;
    }
    mirrorFace_top
    {
        type            slip;
    }
    region0_to_wallFilmRegion_mirrorFace
    {
        type            slip;
    }
    procBoundary3to2
    {
        type            processor;
        value           nonuniform List<vector> 
64
(
(-2.469284066 -0.005404277665 -4.180290069)
(-2.934647747 0.2175874182 -3.787457874)
(-2.858651753 0.6205065496 -3.945152105)
(-3.125578979 0.6460633024 -4.109583629)
(-4.251612094 0.9404437976 -3.697630177)
(-1.508411972 -1.465157829 -2.788519365)
(-1.994768144 -2.045389378 -2.238630388)
(-3.186031158 -2.310865653 -1.465975295)
(-5.755006599 2.417589605 -1.183734542)
(-0.172038121 -0.06266676698 9.974391531e-05)
(0.1367738102 -0.1793243468 0.0002859636354)
(0.005523394808 -0.005167689359 8.229924358e-06)
(0.005523394808 -0.005167689359 8.229924358e-06)
(0.1360626977 -0.2267434453 0.0003614065551)
(0.1418764871 -0.2153341192 0.000342742881)
(0.1430384921 -0.2090527864 0.0003331914249)
(0.1431989167 -0.2074930653 0.0003302583288)
(0.1423967631 -0.2343395179 0.000373496274)
(0.1492657589 -0.2803456541 0.0004467174651)
(0.1101955208 -0.3166396613 0.0005036175534)
(-0.01091020908 -0.4227626023 0.0006735647244)
(0.04619563386 -0.328283567 0.0005224978151)
(-0.2163196017 -0.22358195 0.0003565514982)
(-0.2163196017 -0.22358195 0.0003565514982)
(-0.5050017524 -0.05698668771 8.957036909e-05)
(-0.3278509053 0.2037014312 -0.0003242928753)
(-0.3278509053 0.2037014312 -0.0003242928753)
(-0.2664602771 0.004156674325 -6.629725482e-06)
(-0.3773501933 -0.1395429685 0.0002219024251)
(-0.3773501933 -0.1395429685 0.0002219024251)
(-1.130718744 -0.1873512553 -3.324889074)
(-1.099668254 -0.5038044536 -3.263158628)
(-1.099668254 -0.5038044536 -3.263158628)
(-1.188091763 -0.8008197557 -3.156558029)
(-1.279281381 -1.15845147 -3.01620372)
(-0.9661676883 0.004541899787 -7.95145968e-06)
(-1.205842704 -0.006610247721 -3.762776849)
(-0.3947505959 -0.008144411103 1.3461232e-05)
(-1.01676671 -0.09330280765 0.0001485095167)
(-1.108243 -0.006162547734 -3.512214299)
(-6.09639825 1.406699393 -2.733342668)
(-3.450634711 -2.384890703 -1.171067782)
(-4.392263909 -2.226986522 -0.7852495838)
(-5.375906997 -1.873749069 -0.2843528602)
(-6.6443564 -0.9996909421 0.04673137696)
(-7.485469282 1.188846029 -0.3018307494)
(-0.3947505959 -0.008144411103 1.3461232e-05)
(-1.108243 -0.006162547734 -3.512214299)
(-1.527464794 -0.00271172847 4.653743998e-06)
(-2.778344886 -0.004755359911 -3.887796614)
(-2.987875357 0.5918248982 -3.804692795)
(-2.806674917 0.6331442382 -4.073796323)
(-3.125578979 0.6460633024 -4.109583629)
(-5.199485048 1.227559226 -3.25689783)
(-1.630556111 -1.768683695 -2.57534904)
(-6.370635085 1.645395263 -2.392393836)
(-6.65334174 1.802014995 -1.971499166)
(-2.492983742 -2.274646259 -1.827157761)
(-6.764172424 1.942733111 -1.588207901)
(-5.385256884 2.481638941 -1.587604074)
(-4.840938539 -2.099464041 -0.536712745)
(-5.977592607 -1.517150691 -0.07716117198)
(-8.12331787 0.4595648644 -0.07349849893)
(-6.982327625 1.663479637 -0.5936679028)
)
;
    }
}


// ************************************************************************* //
