/*--------------------------------*- C++ -*----------------------------------*\
  =========                 |
  \\      /  F ield         | OpenFOAM: The Open Source CFD Toolbox
   \\    /   O peration     | Website:  https://openfoam.org
    \\  /    A nd           | Version:  8
     \\/     M anipulation  |
\*---------------------------------------------------------------------------*/
FoamFile
{
    version     2.0;
    format      ascii;
    class       volScalarField;
    location    "1.4/wallFilmRegion";
    object      T;
}
// * * * * * * * * * * * * * * * * * * * * * * * * * * * * * * * * * * * * * //

dimensions      [0 0 0 1 0 0 0];

internalField   nonuniform List<scalar> 
1369
(
300.0000017
300.0000029
300.000003
300.0000039
300.0000046
300.0000061
300.0000087
300.0000016
300.0000026
300.000003
300.0000038
300.0000046
300.000006
300.0000085
300.0000129
300.000018
300.0000192
300.0000161
300.0000015
300.0000025
300.000003
300.0000039
300.0000046
300.000006
300.0000085
300.0000126
300.0000171
300.0000175
300.0000143
300.0000108
300.0000079
300.0000014
300.0000024
300.0000032
300.0000042
300.000005
300.0000064
300.000009
300.0000129
300.0000164
300.0000158
300.0000124
300.0000091
300.0000063
300.0000039
300.000002
300.0000006
299.9999998
300.0000013
300.0000025
300.0000036
300.0000049
300.0000058
300.0000074
300.0000101
300.0000138
300.0000163
300.0000145
300.0000109
300.0000076
300.0000048
300.0000025
300.0000007
299.9999995
299.9999987
299.9999982
299.9999984
300.0000012
300.0000025
300.0000045
300.0000066
300.0000078
300.0000098
300.0000128
300.0000161
300.0000169
300.0000138
300.0000098
300.0000064
300.0000036
300.0000015
300
299.999999
299.9999982
299.9999975
299.9999969
300.0000013
300.0000008
300.0000006
299.9999962
300.0000011
300.0000024
300.0000066
300.0000114
300.0000134
300.0000162
300.0000196
300.0000212
300.0000184
300.0000135
300.0000093
300.0000057
300.0000029
300.000001
299.9999996
299.9999988
299.999998
299.9999973
299.9999967
300.0000029
300.0000027
300.0000014
299.9999954
299.9999943
299.9999964
300.000001
300.0000022
300.0000105
300.0000218
300.0000257
300.000028
300.0000274
300.0000231
300.0000174
300.0000127
300.0000093
300.0000058
300.000003
300.0000011
299.9999997
299.9999989
299.9999981
299.9999976
299.999997
300.0000028
300
299.9999989
299.9999953
299.9999946
299.9999963
299.9999977
300.0000009
300.0000021
300.0000071
300.0000123
300.0000152
300.0000183
300.0000209
300.0000213
300.0000189
300.0000154
300.0000118
300.0000072
300.0000037
300.0000013
300
299.9999992
299.9999984
299.999998
299.9999977
299.9999984
299.9999982
299.9999983
299.9999959
299.9999953
299.9999969
299.9999969
300.0000009
300.000002
300.000006
300.0000086
300.0000109
300.0000139
300.0000177
300.0000212
300.0000224
300.0000209
300.0000175
300.0000131
300.0000074
300.0000031
300.0000006
299.9999992
299.9999985
299.9999983
299.9999981
299.999998
299.9999985
299.9999986
299.9999974
299.999996
299.9999973
299.9999969
299.9999951
300.0000009
300.0000018
300.0000054
300.0000066
300.0000085
300.0000113
300.0000155
300.0000207
300.000023
300.000018
300.0000083
300.0000105
300.0000046
300.0000025
300.0000006
299.9999985
299.999998
299.9999982
299.9999987
299.9999991
299.9999991
299.9999992
299.9999984
299.999997
299.999998
299.9999974
299.9999939
300.0000009
300.0000018
300.0000048
300.0000054
300.0000066
300.0000083
300.0000099
300.0000096
300.0000056
300.0000032
300.0000021
300.0000013
300.0000004
299.9999995
299.9999985
299.9999979
299.9999978
299.9999983
299.9999993
300.0000001
299.9999993
299.9999991
299.9999994
299.9999996
299.9999996
299.9999986
299.999997
300.000001
300.0000016
300.0000026
300.0000042
300.0000037
300.0000029
300.0000022
300.0000019
300.0000017
300.0000016
300.0000014
300.0000007
299.9999999
299.9999991
299.9999985
299.9999982
299.9999983
299.9999991
300
300.000001
300.0000031
300.0000006
300.0000007
300.0000006
300.0000008
299.9999996
299.9999981
299.9999966
300.0000014
300.000002
300.0000024
300.0000033
300.0000026
300.000002
300.0000016
300.0000015
300.0000016
300.0000017
300.0000015
300.0000007
299.9999998
299.9999993
299.999999
299.9999989
299.9999992
299.9999999
300.0000006
300.0000016
300.0000273
300.0000127
300.000008
300.0000002
300.0000003
299.9999981
299.999997
299.9999949
299.9999942
300.0000015
300.0000021
300.0000024
300.0000026
300.0000021
300.0000016
300.0000014
300.0000015
300.0000018
300.0000019
300.0000015
300.0000008
300.0000001
299.9999998
299.9999996
299.9999997
300.0000001
300.0000006
300.000001
300.0000019
300.000028
300.0000087
300.0000037
299.9999989
299.9999969
299.9999977
299.9999959
299.9999944
299.9999942
300.0000016
300.0000029
300.0000022
300.000002
300.0000016
300.0000014
300.0000014
300.0000018
300.0000021
300.0000021
300.0000017
300.000001
300.0000005
300.0000002
300.0000002
300.0000005
300.0000007
300.0000008
300.000001
300.0000019
300.0000336
300
299.9999976
299.9999967
299.9999967
299.9999972
299.9999951
299.9999939
299.9999944
300.0000017
300.0000021
300.0000019
300.0000016
300.0000013
300.0000013
300.0000015
300.0000021
300.0000024
300.0000024
300.0000019
300.0000012
300.0000007
300.0000005
300.0000006
300.0000007
300.0000007
300.0000008
300.0000011
300.0000021
300.0000293
299.9999985
299.9999966
299.9999958
299.9999957
299.9999958
299.9999946
299.9999942
299.9999943
299.9999948
299.9999946
299.9999939
299.9999939
299.9999939
300.0000017
300.0000018
300.0000016
300.0000013
300.0000012
300.0000013
300.0000018
300.0000025
300.0000028
300.0000027
300.0000021
300.0000014
300.0000009
300.0000008
300.0000007
300.0000006
300.0000005
300.0000007
300.0000011
300.0000022
300.0000138
299.9999981
299.9999969
299.999996
299.999995
299.999995
299.9999943
299.9999942
299.9999942
299.9999945
299.9999945
299.999994
299.999994
299.9999939
300.0000017
300.0000015
300.0000013
300.0000012
300.0000012
300.0000014
300.0000022
300.000003
300.0000034
300.0000034
300.0000029
300.0000021
300.0000015
300.0000012
300.0000008
300.0000005
300.0000004
300.0000006
300.000001
300.0000019
300.0000075
300.000002
299.9999987
299.9999981
299.9999963
299.9999951
299.9999941
299.9999941
299.9999941
299.9999943
299.9999942
299.9999939
299.9999939
299.9999937
300.0000016
300.0000012
300.0000011
300.000001
300.0000012
300.000002
300.0000031
300.0000039
300.000005
300.000007
300.0000107
300.0000053
300.0000027
300.0000015
300.0000007
300.0000005
300.0000003
300.0000004
300.0000012
300.000002
300.000006
300.0000028
300.0000015
299.9999988
299.9999974
299.9999969
299.9999947
299.999994
299.999994
299.9999941
299.9999939
299.9999938
299.9999937
300.0000015
300.0000011
300.000001
300.000001
300.0000012
300.0000019
300.0000026
300.0000029
300.0000023
300.0000013
300.0000009
300.0000007
300.0000005
300.0000004
300.0000004
300.0000003
300.0000003
300.0000003
300.0000011
300.0000019
300.0000017
299.9999996
300
299.9999996
299.9999986
299.9999979
299.9999964
299.9999954
299.9999943
299.999994
299.9999938
299.9999945
300.0000016
300.0000011
300.000001
300.000001
300.0000012
300.0000018
300.0000023
300.0000025
300.0000021
300.0000014
300.0000009
300.0000006
300.0000004
300.0000004
300.0000003
300.0000003
300.0000002
300.0000003
300.000001
300.0000019
300.0000596
299.9999982
299.9999987
299.999999
300.0000005
299.9999994
299.9999981
299.9999964
299.999995
299.9999956
299.9999963
299.9999974
300.0000018
300.0000011
300.000001
300.0000011
300.0000012
300.0000015
300.0000019
300.000002
300.0000015
300.0000006
300
299.9999998
300.0000001
300.0000002
300.0000003
300.0000003
300.0000002
300.0000003
300.000001
300.0000018
300.0002014
299.9999979
299.9999983
299.9999987
299.9999994
300.0000001
299.9999999
299.9999973
299.9999961
299.9999966
299.9999971
299.9999977
300.0000017
300.0000012
300.0000011
300.000001
300.0000011
300.0000011
300.000001
300.0000006
299.9999999
299.9999994
299.9999994
299.9999997
300
300.0000001
300.0000003
300.0000003
300.0000003
300.0000004
300.0000009
300.0000021
300.0001887
299.9999977
299.9999978
299.9999981
299.9999985
299.9999987
299.9999982
299.9999973
299.9999963
299.9999963
299.999997
300.0000016
300.0000013
300.0000011
300.000001
300.0000009
300.0000008
300.0000005
300.0000002
299.9999998
299.9999995
299.9999996
299.9999999
300
300.0000001
300.0000001
300.0000002
300.0000002
300.0000004
299.9999999
299.999999
299.9999974
299.9999969
299.999997
299.9999972
299.9999974
299.9999974
299.9999966
299.9999958
299.9999972
299.9999968
299.9999967
300.0000016
300.0000015
300.0000012
300.000001
300.0000008
300.0000006
300.0000004
300.0000001
299.9999999
299.9999997
299.9999997
300
300
300.0000001
300.0000001
300.0000001
300.0000001
300.0000002
299.9999991
299.9999978
299.9999967
299.9999964
299.9999958
299.9999961
299.999996
299.9999965
299.9999952
299.9999936
299.9999963
299.999996
299.9999961
300.0000015
300.0000018
300.0000014
300.0000011
300.0000008
300.0000006
300.0000003
300
299.9999998
299.9999997
299.9999999
300
300.0000001
300.0000001
300.0000001
300.0000001
300.0000001
300.0000001
299.999999
299.9999987
299.9999969
299.9999966
299.9999959
299.9999956
299.9999948
299.9999935
299.9999935
299.9999921
299.9999951
299.9999958
299.9999966
300.0000015
300.0000018
300.0000017
300.0000013
300.000001
300.0000006
300.0000004
300.0000001
300
300
300.0000001
300.0000001
300.0000001
300.0000001
300.0000001
300
300
300
299.9999992
299.9999998
299.9999975
299.9999969
299.9999959
299.9999958
299.9999949
299.999994
299.9999935
299.9999925
299.9999941
299.9999979
300.000002
300.0000014
300.0000015
300.0000014
300.0000012
300.000001
300.0000007
300.0000005
300.0000003
300.0000002
300.0000001
300.0000001
300.0000001
300.0000001
300.0000001
300.0000001
300
299.9999998
300
300
300
300
299.9999992
299.9999963
299.9999956
299.9999947
299.9999945
299.9999953
299.9999966
299.9999976
300.0000028
300.0000007
300.0000014
300.0000012
300.0000008
300.0000006
300.0000005
300.0000005
300.0000006
300.0000006
300.0000004
300.0000002
300.0000001
300.0000001
300.0000001
300.0000001
300.0000001
300
299.9999994
299.9999999
300
300
300.0000003
300.0000001
299.9999969
299.9999966
299.9999966
299.9999973
299.9999958
299.9999957
299.9999937
299.9999946
299.9999957
300.0000014
300.000001
300.0000006
300.0000004
300.0000004
300.0000004
300.0000006
300.0000009
300.0000007
300.0000004
300.0000002
300.0000002
300.0000001
300.0000001
300.0000001
299.9999999
299.9999989
299.9999998
299.9999998
300
300.0000009
300.0000424
300.0000097
299.9999972
299.999997
299.9999979
299.9999969
299.9999964
299.9999974
299.9999959
299.9999943
300.0000014
300.0000012
300.0000007
300.0000005
300.0000004
300.0000005
300.0000007
300.0000013
300.0000012
300.0000007
300.0000004
300.0000002
300.0000002
300.0000001
300.0000001
299.9999999
299.9999993
299.9999997
299.9999999
300.0000003
300.0000101
300.0001098
300.000022
299.9999979
299.9999974
299.9999975
299.9999957
299.999995
299.999996
299.999996
299.9999957
300.0000015
300.0000016
300.000001
300.0000007
300.0000006
300.0000007
300.000001
300.0000018
300.0000019
300.0000011
300.0000006
300.0000003
300.0000002
300.0000002
300.0000001
299.9999999
300.0000002
299.9999998
300.0000002
300.0000023
300.0001061
300.0001216
300.0000188
299.9999999
299.9999978
299.9999976
299.9999967
299.9999963
299.9999962
299.999996
299.999998
300.0000015
300.0000024
300.0000015
300.000001
300.000001
300.000001
300.0000014
300.0000023
300.0000026
300.0000018
300.0000009
300.0000004
300.0000001
299.9999998
299.9999993
299.9999992
300
300
300.0000007
300.000028
300.0004668
300.0005444
300.0000247
300.0000035
299.9999984
299.9999978
299.9999982
299.9999989
299.9999974
299.9999951
299.9999953
300.0000015
300.0000028
300.0000024
300.0000016
300.0000013
300.0000011
300.000001
300.0000006
300
299.9999994
299.9999991
299.9999991
299.9999994
299.9999992
299.9999987
299.9999986
300
300.0000003
300.0000017
300.0000455
300.0002006
300.0003297
300.0000306
300.000007
300.0000011
299.9999984
299.9999992
299.9999994
299.999999
299.9999963
299.9999947
300.0000015
300.0000031
300.0000052
300.0000023
300.0000015
300.000001
300.0000004
299.9999998
299.999999
299.9999983
299.9999978
299.9999977
299.9999981
299.9999988
299.9999985
299.9999985
300.0000004
300.0000011
300.0000034
300.000039
300.0001025
300.0001773
300.0000332
300.0000103
300.0000014
300.0000001
299.9999999
299.9999997
299.9999995
299.9999967
299.9999946
300.0000015
300.000003
300.0000026
300.0000024
300.0000023
300.0000018
300.0000004
299.9999996
299.9999988
299.999998
299.9999974
299.9999971
299.9999973
299.9999982
299.9999984
299.9999988
300.0000011
300.0000021
300.0000057
300.0000307
300.000061
300.0001059
300.0000344
300.0000116
300.000003
300.0000012
300.0000002
299.9999998
299.9999997
299.9999961
299.999994
300.0000017
300.0000024
300.0000023
300.0000023
300.0000023
300.0000021
300.0000015
299.9999999
299.999999
299.9999982
299.9999974
299.999997
299.9999969
299.9999976
299.9999982
299.9999992
300.0000016
300.0000033
300.000008
300.0000235
300.0000398
300.0000714
300.0000339
300.0000104
300.0000046
300.0000016
300
299.9999997
299.9999999
299.9999995
299.9999961
300.0000017
300.0000024
300.0000024
300.0000024
300.0000024
300.0000022
300.0000015
300.0000018
300
299.9999987
299.9999976
299.999997
299.9999967
299.9999973
299.999998
299.9999993
300.0000019
300.0000044
300.0000091
300.0000181
300.0000282
300.0000493
300.0000309
300.0000079
300.0000044
300.0000007
299.9999998
299.9999991
299.9999998
299.9999975
299.9999933
300.0000016
300.000002
300.0000026
300.0000025
300.0000025
300.0000024
300.0000018
300.000001
300.0000014
300.0000002
299.999998
299.9999971
299.9999966
299.9999971
299.9999978
299.9999992
300.0000017
300.0000048
300.0000089
300.0000141
300.00002
300.000028
300.000023
300.0000053
300.0000043
300.0000012
300.0000001
299.9999989
299.9999993
299.9999947
299.999993
300.0000016
300.0000018
300.0000025
300.0000024
300.0000025
300.0000025
300.0000025
300.0000012
300.0000008
300.0000012
299.9999985
299.9999972
299.9999966
299.999997
299.9999977
299.999999
300.0000011
300.0000043
300.0000075
300.0000102
300.0000123
300.000012
300.0000073
300.0000024
300.0000048
300.0000018
300.0000006
299.9999994
299.9999978
299.999995
299.9999939
300.0000015
300.0000017
300.0000022
300.0000023
300.0000024
300.0000025
300.0000026
300.0000023
300.0000012
300.000001
300.0000003
299.9999973
299.9999967
299.9999971
299.9999977
299.9999988
300.0000006
300.0000032
300.0000053
300.0000062
300.0000055
300.0000032
300.0000015
300.0000008
300.0000057
300.0000026
300.0000012
299.9999997
299.9999975
299.9999965
299.9999961
300.0000015
300.0000017
300.0000022
300.0000023
300.0000024
300.0000025
300.0000025
300.0000025
300.000002
300.0000016
300.0000015
299.9999976
299.999997
299.9999973
299.9999979
299.9999989
300.0000003
300.0000021
300.0000034
300.0000038
300.0000034
300.0000021
300.0000013
300.0000012
300.0000066
300.0000035
300.0000015
299.9999999
299.999998
299.9999978
299.9999977
300.0000016
300.000002
300.0000022
300.0000023
300.0000024
300.0000025
300.0000026
300.0000026
300.0000023
300.0000017
300.0000016
299.9999983
299.9999974
299.9999977
299.9999983
299.9999991
300.0000002
300.0000015
300.0000023
300.0000027
300.0000028
300.0000024
300.0000023
300.0000029
300.0000069
300.0000041
300.0000016
300
299.9999977
299.999997
299.9999976
300.0000017
300.0000021
300.0000022
300.0000023
300.0000024
300.0000025
300.0000027
300.0000028
300.0000025
300.0000017
300.0000017
299.9999994
299.9999983
299.9999984
299.9999988
299.9999995
300.0000003
300.0000011
300.0000016
300.0000017
300.0000016
300.0000013
300.000001
300.0000012
300.0000024
300.0000015
300.0000009
300.0000001
299.9999986
299.9999974
299.9999979
300.0000018
300.0000021
300.0000023
300.0000023
300.0000024
300.0000026
300.0000026
300.0000026
300.0000027
300.0000019
300.0000019
300.0000009
299.9999997
299.9999994
299.9999995
299.9999999
300.0000005
300.0000009
300.000001
300.0000009
300.0000008
300.0000006
300.0000005
300.0000005
300.0000009
300.0000009
300.0000008
300.0000002
300.0000015
300.0000001
299.9999986
300.0000019
300.0000022
300.0000023
300.0000023
300.0000024
300.0000023
300.0000021
300.000002
300.000002
300.0000019
300.0000023
300.0000017
300.0000011
300.0000007
300.0000004
300.0000005
300.0000007
300.0000009
300.0000008
300.0000007
300.0000005
300.0000004
300.0000004
300.0000004
300.000001
300.000001
300.0000008
300.0000011
300.0000016
300.0000007
299.9999996
300.0000022
300.0000023
300.0000023
300.0000023
300.0000023
300.0000021
300.0000019
300.0000017
300.0000017
300.0000017
300.0000018
300.0000018
300.0000017
300.0000017
300.0000016
300.0000016
300.0000015
300.0000015
300.0000014
300.0000014
300.0000013
300.0000012
300.0000011
300.000001
300.0000011
300.0000011
300.000001
300.0000012
300.0000011
300.0000011
300.0000011
)
;

boundaryField
{
    walls
    {
        type            zeroGradient;
    }
    wallFilmFace_top
    {
        type            zeroGradient;
    }
    region0_to_wallFilmRegion_wallFilmFace
    {
        type            zeroGradient;
    }
    mirrorFace_top
    {
        type            zeroGradient;
    }
    region0_to_wallFilmRegion_mirrorFace
    {
        type            zeroGradient;
    }
    procBoundary1to0
    {
        type            processor;
        value           nonuniform List<scalar> 
52
(
300.0000018
300.0000033
300.000003
300.0000037
300.0000046
300.0000061
300.0000089
300.0000133
300.0000133
300.0000191
300.0000209
300.0000178
300.0000123
300.0000123
300.0000094
300.0000055
300.0000055
300.0000035
300.0000022
300.0000016
300
300
300.0000008
300.0000006
300.0000006
300.0000004
300.0000002
299.9999984
299.9999945
299.9999945
299.9999958
299.9999976
299.9999976
299.999998
299.9999962
299.9999962
299.9999947
299.9999946
299.999996
299.999996
299.999995
299.999995
299.9999942
299.9999943
299.9999949
299.9999949
299.9999941
299.9999938
299.9999938
299.9999937
299.9999939
299.9999938
)
;
    }
    procBoundary1to2
    {
        type            processor;
        value           nonuniform List<scalar> 
33
(
299.9999936
299.9999939
299.9999939
299.9999948
299.9999948
299.9999978
299.9999979
299.9999972
299.9999972
299.9999978
300.0000033
300.0000129
300.0000149
300.0000081
299.9999956
299.9999943
299.9999957
299.9999988
300.0000005
299.9999978
299.9999949
299.999993
299.9999925
299.999992
299.9999925
299.9999937
299.9999966
299.9999993
300.0016051
300.0000356
300.0000138
300.0000087
300.0000013
)
;
    }
}


// ************************************************************************* //
