/*--------------------------------*- C++ -*----------------------------------*\
  =========                 |
  \\      /  F ield         | OpenFOAM: The Open Source CFD Toolbox
   \\    /   O peration     | Website:  https://openfoam.org
    \\  /    A nd           | Version:  8
     \\/     M anipulation  |
\*---------------------------------------------------------------------------*/
FoamFile
{
    version     2.0;
    format      ascii;
    class       surfaceScalarField;
    location    "0.3/wallFilmRegion";
    object      phi;
}
// * * * * * * * * * * * * * * * * * * * * * * * * * * * * * * * * * * * * * //

dimensions      [1 0 -1 0 0 0 0];

internalField   nonuniform List<scalar> 
2656
(
-0.0002726253582
-0.003497011715
-0.000351851149
-0.0002385471041
-0.0005653129384
-0.0003359977909
-0.0009282452802
-0.0003728324348
-0.000985979252
-0.0003813931609
-0.0008010439697
-0.0003473165369
-0.0003047370674
-0.0005168897885
-0.002945605094
-0.000740284469
-0.0002208303707
-0.0009706735335
-0.000288327213
-0.0009998483955
-0.0002783341511
-0.0008052431584
-0.0002392825677
-0.0006184189221
-0.0001993852806
-0.0005056211054
-0.0001786893032
-0.0004485623069
-0.0001785762519
-0.0004408847645
-0.0002034974727
-0.000492184462
-0.0002923125619
-0.0005301333162
-0.0006408225234
-0.001907184053
-0.0008119442106
-0.0001110234512
-0.000829490229
-0.0001371518852
-0.0006881031408
-0.0001184465803
-0.0005207269904
-9.504814824e-05
-0.0004130845408
-8.059098338e-05
-0.0003566555314
-7.896741971e-05
-0.0003370831814
-8.751259719e-05
-0.0003733167006
-0.0001090336875
-0.0004918683029
-0.0002173302351
-0.0006617012718
-0.0005342699903
-0.0007302425438
-0.0009823450898
-0.001243079245
-0.0003593011517
-0.0007021090484
-0.000406751236
-8.105625411e-06
-0.0003739968146
-6.188997145e-06
-0.0002944802075
-1.538970173e-06
-0.0002301954462
-3.000617256e-07
-0.0001988029285
-1.82004381e-06
-0.000188562684
-9.61023522e-06
-0.0001964716598
-3.171889681e-05
-0.0003035352817
-3.169654876e-05
-0.0005392956567
-0.0002090008939
-0.0007870293728
-0.0006418469042
-0.0008332150032
-0.001037219166
-0.000625347602
-0.001221836888
-0.0003242062515
-0.001236500939
-1.52472415e-07
-0.001038450965
4.928876119e-06
-1.137870583e-06
-1.076993786e-06
-2.542646435e-05
-5.832840213e-06
-1.346359007e-05
7.461798762e-08
-3.109999835e-06
8.15033967e-08
-5.930977839e-09
4.130011231e-08
6.040431157e-07
-1.039215891e-10
3.537334037e-06
-7.83853356e-09
1.500057084e-05
-5.303281022e-07
2.286902484e-05
-5.996195268e-06
-0.0001324776223
-4.437660153e-05
-0.0007169949457
-0.0003279718124
-0.001037443087
-0.0007221348672
-0.001004063394
-0.001046561001
-0.0008148944193
-0.001303303753
-0.0005218168372
-0.001752210887
-7.059102529e-07
-0.001892491447
6.907966107e-11
-3.94814908e-06
5.013900445e-11
-7.161843036e-06
5.008776663e-14
-1.633431561e-06
-7.749633003e-09
-1.49542087e-05
0.0001310617888
-5.16634947e-06
8.817950741e-06
-1.013031779e-06
3.139517862e-06
-2.07873066e-10
6.859696452e-07
5.432168406e-17
-2.746866159e-12
-1.229696137e-10
-4.534648523e-07
-9.760677563e-07
-1.921705616e-05
-0.0001331604366
-9.168086708e-05
-0.0008107663307
-0.0002726490192
-0.001354154401
-0.0004757287819
-0.001406022415
-0.0006878578982
-0.001267826085
-0.0009822038131
-0.00119850105
-0.001619977778
-0.0008828041141
-0.002784250001
-2.409640119e-05
-0.002951255776
1.601853955e-05
-4.698187863e-05
2.077702852e-05
-9.528893869e-05
3.797555269e-06
-9.484148774e-05
1.855632256e-08
-3.957129662e-05
1.422813624e-16
-4.68900907e-07
7.939451644e-28
-1.813711891e-15
2.179100729e-40
-3.284488658e-28
4.491379203e-54
-3.344952419e-05
0.0003622159584
-1.057217836e-05
2.540230109e-05
-1.916110034e-06
8.632541582e-06
-6.696480082e-07
1.813257308e-06
-1.912928896e-06
-1.370587123e-05
-0.0001203455714
-0.0001612271468
-0.0007717061976
-0.000272039748
-0.001506488267
-0.0003315968641
-0.00183323968
-0.0003476752589
-0.001830464125
-0.0003845331734
-0.001651672438
-0.0005182409
-0.001641813386
-0.001006378141
-0.00169468933
-0.002208558528
-0.001155700716
-0.00358791067
-3.111102001e-06
-0.00313921231
0.000138809562
-5.759863851e-05
0.0002956922497
-0.0001062098809
0.0003233604235
-0.0001384569848
0.0001007167874
-0.0001454690251
1.15788917e-06
-5.168091628e-05
4.85225833e-15
-5.73993803e-07
1.777612332e-27
-1.423147923e-15
2.598687507e-40
4.694787335e-41
2.29155709e-53
1.095705714e-53
9.173219013e-67
-5.384234481e-05
0.0006193171649
-1.803145795e-05
4.855493579e-05
-1.978238711e-05
1.832138928e-05
-0.0001396917011
2.276089751e-05
-0.0008023110937
-0.0001212380284
-0.00185444272
-0.0003663938302
-0.002157261234
-0.0001782426644
-0.002050992272
-1.962428655e-06
-0.001757599446
-3.382772589e-05
-0.001571400013
-0.0001342427368
-0.001675058223
-0.0004882123379
-0.001942129584
-0.001392826467
-0.001870411888
-0.002628411928
-0.001067194659
-0.003202411442
-5.346027558e-07
-0.002329780243
0.000107765155
-4.803513578e-09
0.0002337292961
-3.742473801e-10
0.0003456770181
3.400542915e-11
0.0003849837795
5.406437173e-10
0.0001326342583
4.046684394e-10
1.472869143e-06
2.041387496e-12
4.515490252e-15
2.953662554e-22
1.155187706e-27
1.667102959e-28
1.438786544e-40
5.446701174e-41
1.127048467e-53
6.223850893e-54
6.535396117e-67
-8.238047121e-05
0.0008108473538
-3.005080815e-05
8.524669148e-05
-4.314183873e-05
3.309699725e-05
-0.0001872196291
2.433376679e-05
-0.0002453945328
-0.0005958150564
-0.0001355347944
-0.000565191544
-3.158231151e-06
-0.0002147680444
-6.735107994e-05
-1.251065721e-07
-0.0006055563142
-5.133489482e-05
-0.001244732298
-0.0002883182304
-0.001814009717
-0.000974197549
-0.002012887753
-0.001845865008
-0.001576953541
-0.002246964499
-0.0007637937597
-0.002104054741
-5.4266799e-09
-0.001428998386
2.931730354e-14
-2.832500929e-08
1.321714087e-17
-1.048216393e-10
1.986644779e-18
-1.413829186e-14
2.614878289e-19
1.611612378e-18
5.703138042e-21
1.096945902e-20
3.268612635e-24
3.135387584e-25
6.88420014e-32
1.180093963e-32
3.526769495e-41
5.20103424e-42
1.225821833e-53
4.199111528e-54
1.657965724e-66
7.89115095e-67
1.172464066e-79
-0.0001433742004
0.0008549072357
-9.096215342e-05
0.0001535198463
-0.0002331232383
6.047842391e-05
-0.0004868724731
-0.0004068564054
-0.0003980117813
-0.0007735838481
-0.0001628679822
-0.0004659610014
-1.636402591e-05
-0.0002744231546
-0.0001906730102
-0.0001036675634
-0.001332466588
-0.000497722692
-0.002331642858
-0.0008189673412
-0.00236961146
-0.001064049161
-0.001817902855
-0.001243927805
-0.001134386428
-0.001271816299
-0.0005120232921
-0.001142784499
-6.617881686e-06
-0.0008104814303
4.577717142e-08
-3.79447955e-05
2.847052172e-10
-1.535865162e-05
7.054767914e-14
-1.979949598e-06
1.192598234e-17
-1.238058234e-07
4.512605261e-21
-2.442076575e-09
1.17280565e-24
-1.993770975e-12
9.056506156e-32
-7.580981079e-19
6.667114523e-45
-4.712204216e-37
3.073728869e-58
6.780021583e-59
9.118701394e-72
3.76042374e-72
1.714425043e-85
1.201017284e-85
1.779310108e-99
-0.0002849382541
0.0006659641036
-0.0003221064035
0.0002412791395
-0.0007058300969
-0.0001236897824
-0.0007251452191
-0.00090727217
-0.0005752048607
-0.0007941264828
-0.0004395943688
-0.0005398247998
-0.0007143613058
-0.0004451739421
-0.001627790887
-0.0004197518119
-0.002210511363
-0.0005597858902
-0.002216208666
-0.0006024251254
-0.001810565247
-0.0006140394206
-0.001264763636
-0.0006196737565
-0.0007737005997
-0.0006109266134
-0.0003602599438
-0.0005597199047
-1.569399873e-05
-0.0003933648847
0.0001053294556
-0.0001759142583
5.84112448e-05
-0.0001773390778
1.026856339e-05
-0.0001322236065
7.851303037e-07
-8.866584094e-05
1.780917628e-08
-4.535999582e-05
1.708953897e-11
-9.929743138e-06
3.09794836e-17
-3.353314687e-07
2.36152578e-22
-7.752853701e-10
6.120223564e-31
-8.776313026e-18
2.665104374e-44
8.524742153e-45
7.381484338e-58
4.427352737e-58
9.639863929e-72
-0.0004040067263
0.0001444119965
-0.0007556471818
-3.611771856e-05
-0.001156351109
-0.0006583223107
-0.001446350406
-0.0009533372515
-0.001637180604
-0.0007879653942
-0.001945748967
-0.0005072363743
-0.002360599966
-0.0003572211611
-0.002280863308
-0.0003032558585
-0.001905769135
-0.0002793126609
-0.001521926069
-0.0002572219918
-0.001175108578
-0.0002408498793
-0.0008574642717
-0.0002313828936
-0.0005565201049
-0.000220820586
-0.0002550852748
-0.0001957277937
2.83726121e-05
-0.0001294087161
0.0004211716219
-0.0001725449804
0.0007984725359
-0.0002571634041
0.0009977504726
-0.0003014984674
0.0009080735384
-0.0003172219309
0.0004951786637
-0.0002984062902
9.548464266e-05
-0.0002300218948
3.312249256e-06
-0.0001327182408
7.816496206e-09
-4.845361481e-05
9.331481695e-17
-7.309713636e-07
5.16436453e-28
-9.311904275e-15
1.639206221e-41
8.463221737e-42
2.146395108e-55
-0.0002500923054
-4.03346471e-05
-0.001029122197
-0.0003750049012
-0.001921958225
-0.0005118251429
-0.003119720734
-0.0003777784912
-0.00369713107
-0.0002352216658
-0.003426474242
-0.0001305608441
-0.002794752491
-4.846462717e-05
-0.002158315302
-1.157161041e-06
-0.001604706857
-6.924383814e-06
-0.001206685224
5.843118633e-05
-0.0009142472679
8.069993717e-05
-0.0006667147125
9.160658303e-05
-0.0004269070477
9.674086562e-05
-0.0001796493473
9.323667584e-05
3.878767616e-05
6.683660372e-05
0.0005445863438
-7.579052697e-09
0.001200656678
-4.057132154e-06
0.001845398789
-8.40447703e-06
0.002395324166
2.69661834e-09
0.002798186924
3.947301789e-09
0.002839204389
4.706845776e-09
0.002127843962
3.864613639e-09
0.0005411366833
1.072195202e-09
7.474436512e-06
4.9754002e-12
9.65793621e-14
3.021636789e-21
3.499987863e-27
1.495335993e-27
7.076296358e-41
4.328377699e-41
7.414625317e-55
-0.0004396872334
-0.0003094882185
-0.0005793332207
-0.0003931584201
-0.0004476658653
-0.0003742431126
-0.0003079817657
-0.0002992562413
-0.0001716059784
-0.0002173178329
-5.621990838e-05
-0.0001299169328
-3.828745611e-06
-5.19823526e-05
-7.214322067e-05
1.20100122e-09
-0.0006785302309
2.123082916e-05
-0.000979825008
0.0002761795306
-0.0008100410864
0.0004075320603
-0.0006183139065
0.000406457291
-0.0004363512603
0.0004064049635
-0.0002288267673
0.0004026704414
-2.003398296e-08
0.0003198559855
-3.781898488e-08
-1.67471308e-07
-3.170985013e-07
-9.106268504e-05
-3.535947022e-11
-0.0001026900149
4.495099418e-17
6.907260602e-16
1.075256638e-17
2.046130752e-16
1.460705917e-18
3.912555714e-17
8.649454889e-20
2.193875968e-18
1.356585087e-21
4.489206549e-21
1.06592727e-24
2.829069071e-25
2.847139739e-33
1.009224194e-33
4.963801682e-41
2.049232313e-41
1.717095881e-54
1.019992801e-54
2.052621513e-68
2.15919434e-68
1.498268746e-82
-0.0006579026547
-0.0005938112192
-0.0005456192856
-0.0002709722363
-0.0003912677014
-0.0002495708453
-0.0002527442874
-0.0002097937861
-0.0001309737019
-0.0001615475843
-4.231424501e-05
-0.0001052695208
-8.600322068e-08
-5.899904313e-05
-8.106953138e-07
-1.326662828e-06
-0.0001676968764
-8.292514177e-05
-0.0007996114828
9.512881189e-05
-0.0008822232021
0.0005829184498
-0.0007045611717
0.0007367496791
-0.0005148084672
0.00074716277
-0.000288476213
0.0007378003286
-1.108765446e-05
0.0005734021196
-3.34784716e-05
-8.134043419e-05
-5.996064227e-05
-0.0004797779496
1.996601839e-10
-0.0003154670049
5.971771216e-21
3.142934751e-21
1.061268138e-27
3.722562688e-28
7.270380418e-29
2.518099856e-29
1.604216215e-30
5.317411828e-31
1.288364274e-33
3.562694323e-34
4.340510305e-38
9.70502713e-39
3.98697188e-46
1.041838107e-46
6.791744272e-55
2.379421584e-55
3.349027164e-68
1.605242588e-68
5.430784687e-82
3.990626032e-82
1.375139572e-81
-0.0006549019625
-0.0006398082499
-0.0005078514472
-0.0001468909866
-0.000379045578
-0.0001487820156
-0.0002577913009
-0.0001333992545
-0.000144856427
-0.0001114896086
-6.50486064e-05
-9.134483035e-05
-2.467651717e-05
-0.0001117270113
-1.427389713e-05
-0.0001584201413
-5.51360971e-06
-0.0004006459207
-0.000262712194
-6.094549184e-06
-0.0007882852035
0.0003232667569
-0.0007443947112
0.0009847952109
-0.0005670522321
0.001115987007
-0.0003507116198
0.001095883767
-0.0001317193258
0.0008417665774
-0.0001836256816
-0.0003969419691
-0.0001236845619
-0.000624141387
1.939853882e-10
-0.0004275271714
1.947060576e-19
1.066878876e-20
2.267831531e-30
1.27601293e-31
4.765969035e-41
1.270034202e-42
3.585320079e-43
2.261324313e-44
1.049113886e-46
7.309155723e-48
1.494065365e-51
1.907981773e-52
2.424325077e-59
4.566547101e-60
7.590098513e-69
2.239883138e-69
3.948975033e-82
1.905909711e-82
6.083065904e-96
6.204055411e-96
6.35342477e-54
-0.0005925189144
-0.0004716249835
-0.0004789407892
-4.621369939e-05
-0.0003783960036
-5.6819314e-05
-0.0002765864965
-5.76628213e-05
-0.0001889207962
-6.290705699e-05
-0.0001537825353
-9.762701749e-05
-0.0001742390032
-0.0002462237357
-0.0001223599275
-0.0004895257059
-2.139540089e-06
-0.000330996983
-1.74838247e-05
-6.762832511e-05
-0.0004420059912
2.190989139e-05
-0.0007304486847
0.0008104042808
-0.0006085875511
0.001484750979
-0.0004249695254
0.00150800205
-0.0002849182576
0.001166535833
-0.0002414046075
-0.0005804845491
-0.0001458923476
-0.0007073171824
8.348936585e-11
-0.0005590444551
4.834212628e-19
-9.244895663e-20
1.133327962e-29
-7.083464708e-30
7.902955067e-41
-1.073884e-40
2.904587304e-52
-2.477393257e-52
1.838504609e-60
-4.984573889e-64
2.655257448e-65
1.229521351e-66
7.630948943e-73
8.393149659e-74
7.5251339e-83
1.576348502e-83
5.19927761e-96
1.740641901e-96
8.544230143e-109
4.790941357e-109
4.248691676e-68
6.544496523e-68
-1.138573691e-40
6.922767775e-54
-3.687356957e-32
-1.214630528e-36
-1.111225849e-23
-1.340685063e-31
-9.380457219e-21
-3.154654624e-29
1.433231244e-19
-0.0006112564174
0.0006570539326
-0.000514389988
4.695595039e-05
-0.0004311353636
5.049920427e-05
-0.0003506675614
3.502647675e-05
-0.000305576876
-2.263824147e-06
-0.0003157073333
-0.0001245911174
-0.0002908377602
-0.0003626096766
-0.0001381253447
-0.0004151427648
6.839932543e-06
-0.0001761115977
0.0001115382533
-7.002860484e-07
2.993173195e-05
-4.732213762e-05
-0.0006458787216
0.0002710887707
-0.0006839775108
0.001706941274
-0.0004865811219
0.002070851932
-0.0003354413517
0.001535587085
-0.0002784113529
-0.0006726181443
-0.0001843969286
-0.0007978986284
9.603138291e-11
-0.0006444769086
1.156088882e-18
-8.772869614e-19
5.078286003e-29
-8.288152742e-29
6.155381515e-40
-1.607783202e-39
3.614982152e-51
-7.216288033e-51
1.126999199e-62
-2.215922733e-62
1.984427892e-74
-1.566351589e-74
3.113530933e-86
4.119192222e-88
5.354654079e-97
7.28752589e-98
4.017744468e-110
1.24000948e-110
3.078709187e-101
2.464556748e-101
-1.060934716e-45
2.28170594e-60
-1.27511539e-36
-1.963693271e-31
-1.660779147e-31
-1.474176226e-23
-7.251518096e-29
-3.999486598e-19
-1.429493737e-27
-2.858538341e-17
-1.162917243e-16
-0.0006101110364
0.0007022379247
-0.0005063677717
0.0001414466164
-0.0004401114029
0.0001423702607
-0.0004093995467
0.000113088832
-0.000419398767
4.502830474e-05
-0.0004094940712
-0.0001270823683
-0.0002736232123
-0.000335249854
-0.0001012660242
-0.0003190463206
-1.105237955e-06
-0.000140660956
-2.178124262e-05
-3.218726769e-06
-0.000352542214
-0.0003477119577
-0.0009355034988
-0.0005274177413
-0.000881563102
0.001035617479
-0.0005834119628
0.002880814444
-0.000376102127
0.002076547195
-0.0003366512094
-0.0007236382951
-0.000224417171
-0.0008218338905
1.041450862e-10
-0.0006655448113
3.649641763e-18
-8.06250501e-18
2.333608925e-28
-7.938559602e-28
4.055026731e-39
-2.02572726e-38
3.164345281e-50
-1.481701095e-49
1.243239637e-61
-2.551882866e-60
2.731645027e-73
-6.617604354e-65
6.825026779e-82
-1.002397718e-69
8.176635559e-93
4.30816733e-94
6.758064246e-105
1.225646095e-105
1.660850276e-91
-1.348740771e-82
-1.567478774e-31
-5.686978611e-42
-2.19552646e-23
-4.440854265e-18
-1.059260193e-20
-3.06513452e-11
-2.656783525e-19
-1.096131953e-09
-1.754044017e-18
-1.582537883e-09
-0.0006734677251
0.0005629444519
-0.0005574093679
0.0002638244522
-0.0004878022261
0.0002492796809
-0.0004648621896
0.000199787079
-0.0004588494282
0.000105305519
-0.0003957027851
-8.443273925e-05
-0.0002327212482
-0.0002757176196
-8.823400424e-05
-0.0002536250723
-3.352390649e-05
-0.0001400536294
-0.0002197368021
-7.346786001e-05
-0.0006596488871
-0.0007389738053
-0.0009401609176
-0.0007760058426
-0.001256133402
-0.0001770170842
-0.0008432152062
0.002707017614
-0.00041514979
0.002816940964
-0.0004009665478
-0.000696553376
-0.0002644529878
-0.0007662231527
4.196783386e-11
-0.0006317634399
1.565457838e-17
-7.829942304e-17
1.460388396e-27
-1.051671148e-26
3.965295328e-38
-3.807156353e-37
4.701565978e-49
-3.06281151e-43
9.765668289e-60
-6.648941511e-48
4.906779044e-64
-8.521298813e-52
1.455974987e-68
-1.859069596e-56
1.006773329e-75
-2.067603652e-63
-1.13331526e-82
2.525277737e-89
-5.419005055e-25
6.688035872e-39
-1.701792633e-11
3.49580299e-25
-1.048620039e-05
2.129755919e-12
-0.0002205441196
1.326915649e-06
-0.0004955397007
2.277966973e-05
-0.0006612879873
0.0002441510044
-0.0006132654432
0.0003819162389
-0.000538193585
0.0003853970262
-0.0005095099221
0.0003105685143
-0.0004913197412
0.0001915148164
-0.0004121090211
-2.391306135e-06
-0.0002324934843
-0.0002090428124
-0.0001109110135
-0.0001901191504
-0.0001475187085
-0.0001249832895
-0.0004885193421
-0.0001944108663
-0.0006772517253
-0.0007925318688
-0.0006503975989
-0.000742013637
-0.001170733993
-0.0003363676595
-0.001306946982
0.0003621727881
-0.0004523469922
0.002002441739
-0.0004658776236
-0.0005642886255
-0.0003073785404
-0.0006402323366
-2.022613005e-10
-0.0005406713837
9.107913706e-17
-7.522886164e-16
1.311360468e-26
-1.865193487e-25
5.225472853e-37
-8.094538176e-29
6.443611663e-43
-1.53167175e-31
1.713377532e-47
-1.296729177e-35
3.730115211e-51
-6.151273493e-39
1.329403954e-55
-1.389608184e-43
2.040981146e-61
-5.207941722e-49
3.758492438e-74
2.411325085e-75
2.156660981e-52
6.835465177e-53
-1.397560486e-25
8.482338296e-39
-3.495876351e-14
1.539353606e-25
-3.090578075e-08
5.961494342e-15
4.228339894e-09
-0.0003953322227
2.46715171e-05
-0.0006589128904
0.000358609315
-0.0006499336341
0.0005476632186
-0.0006421358542
0.0004932118662
-0.0006172595053
0.0003463457069
-0.0004668739107
0.0001184023465
-0.0002369234595
-0.0001176323837
-0.0001364541128
-0.0001119993889
-0.0002188836409
-7.536880757e-05
-0.0005847813484
-0.000167401453
-0.0007198942879
-0.0007642882955
-0.0005785789866
-0.0006449036302
-0.0007352813554
-0.0002916726768
-0.001098670842
-0.0001988775859
-0.0005338552486
-6.707133401e-05
-0.0005297712127
-0.0003685491782
-0.0003504217916
-0.0004322257672
-1.006020205e-09
-0.0003741999069
7.81483339e-16
-2.770470579e-14
2.015140402e-25
-7.00384485e-17
1.024074749e-28
-3.783707246e-18
2.779759155e-31
-3.129129733e-20
2.908699324e-35
-1.19368459e-23
2.237189558e-38
-2.347380452e-26
7.484842694e-43
-5.121168782e-31
8.703861919e-48
-1.75612914e-35
1.811386791e-60
1.090764293e-61
2.108421154e-66
6.706603e-67
4.225461949e-54
6.056543995e-53
-7.934902994e-28
1.65622615e-39
-5.891409305e-21
5.534469594e-28
2.641050649e-21
-0.000110802084
5.3603704e-06
-0.0006437699688
0.0001993763616
-0.0009436591891
0.0006374665494
-0.001022824181
0.0007495931841
-0.0009007022264
0.0005777267712
-0.0005139254194
0.000260158652
-0.0002188058212
2.494943796e-05
-0.0001240464702
-2.104113811e-05
-0.0001776677323
-1.616876038e-05
-0.0006077184959
-5.761915825e-05
-0.0008877039192
-0.0007086685629
-0.0006737563705
-0.0005075498404
-0.0006324986451
-0.0001223478463
-0.0006758282329
-6.205552881e-05
-0.0006287691819
-6.165782939e-05
-0.0005743667705
-8.315284971e-05
-0.0003781932445
-0.0001025904659
-4.85653849e-09
-9.213491025e-05
2.220545329e-14
2.370413159e-09
2.514249683e-17
-4.061287498e-10
1.542239033e-18
-8.517046486e-10
2.475738563e-20
-4.944975367e-10
1.701350934e-23
-3.963627444e-12
3.287069735e-26
-2.229240536e-14
6.272091979e-31
-2.85250309e-19
3.388850114e-35
-4.693887532e-23
3.429206285e-43
-2.439910565e-30
4.805632863e-52
-1.562669863e-38
2.663756268e-66
2.847202503e-66
-9.218247192e-42
7.27879509e-54
-3.188574173e-34
2.208857557e-42
-0.001342273094
0.001063179419
-0.001524192867
0.0004025150502
-0.001674214944
0.0006503991086
-0.001567452522
0.0007658164523
-0.001176854349
0.0006154737873
-0.0007163452791
0.000346127265
-0.0004185252641
0.0001720703042
-0.0002115848024
8.230711494e-05
-9.356276481e-05
1.221669215e-05
-0.0004108954152
-8.127253914e-05
-0.001428021942
-9.020153225e-05
-0.001681334575
-2.508775039e-05
-0.001571945831
0.0002539251735
-0.001415190386
0.0003566555101
-0.001294383656
0.0004300915105
-0.001123517201
0.0005055548727
-0.0007234457549
0.0005681649651
-3.194013573e-06
0.0004857176162
0.0002500023398
0.0001282244271
0.0004278041173
0.0001592346833
0.0004635607035
0.0001563609193
0.0001656552927
8.925868405e-05
2.894001212e-06
9.417263306e-06
5.953717519e-14
4.246657649e-08
2.772950049e-20
-6.030787961e-10
9.777745766e-23
-3.508968351e-11
6.012966317e-30
-2.110248492e-17
4.397500145e-38
-1.094343853e-24
1.213381841e-52
2.682125212e-52
-4.703536834e-56
3.086427669e-67
-8.095636861e-89
-0.001696194534
0.001027483513
-0.001701590683
0.0005018685834
-0.001670608937
0.0006134419597
-0.001528232102
0.0006695964581
-0.001351077004
0.0006150747545
-0.001267687359
0.000506597238
-0.001210031672
0.0004109940054
-0.0009707089016
0.0002650187324
-0.0006217105112
7.462449947e-05
-0.0005154628315
-1.040495886e-07
-0.0007328034747
2.58889441e-05
-0.001252805861
0.0001199574274
-0.001572885621
0.0003216868791
-0.001608651958
0.0005502010359
-0.001478813431
0.0007169750947
-0.001168511124
0.0008594473265
-0.0006541479741
0.0009731681276
-2.527146237e-06
0.000791089738
0.000193103327
0.0001201251376
0.0003148411328
0.0001358775851
0.0003259800236
0.0001111848924
0.0002592133218
7.464751309e-05
0.000235241266
6.065220418e-05
0.0002713745899
6.598842598e-05
0.0001650375561
3.915696145e-05
1.120608424e-05
2.920729424e-06
5.634477143e-11
1.44965972e-11
1.279571671e-23
3.793914313e-24
4.600003262e-37
1.374647327e-37
-1.825506774e-87
1.367784203e-51
-8.134055507e-83
-0.001421075767
0.0004336430342
-0.001563826872
0.0005295459388
-0.001596091753
0.0006822512329
-0.001613006967
0.0007694114977
-0.001640906084
0.0008041804633
-0.001601497512
0.0007884250739
-0.001313449843
0.0006829910164
-0.0008077074821
0.0004600514229
-0.0004576467779
0.0002393307468
-0.0003595124475
0.0001400394329
-0.0003628612899
0.0001272644547
-0.0004549842083
0.0001459863161
-0.0006282889108
0.0002064898787
-0.0008290237065
0.0003361328965
-0.00103788265
0.0005588923476
-0.001063606202
0.001137011839
-0.0005240691773
0.002015522623
-1.689826655e-06
0.001201484727
0.000111922268
4.322804932e-05
0.0001842685127
5.603485581e-05
0.0002303032154
5.626792639e-05
0.0002712136958
5.606035591e-05
0.0002702621099
4.959658222e-05
0.0001096431291
2.580129905e-05
4.30622296e-06
1.167698729e-06
7.078646968e-12
1.947679632e-12
7.203100143e-24
5.090156972e-24
8.365516357e-37
6.491411544e-37
-3.320116965e-66
7.4498013e-51
-5.199011923e-82
1.51040639e-66
-2.974376983e-69
-0.0007630427627
4.162449821e-05
-0.001441413418
0.000398832483
-0.001795685774
0.0007951446949
-0.002058143086
0.001042081688
-0.002250873961
0.001192737115
-0.002210678988
0.001233809744
-0.001775678115
0.001085429154
-0.001123079575
0.0007545447501
-0.000670657818
0.0004486664267
-0.0004792489822
0.0002957136948
-0.0003673172115
0.0002549241307
-0.0002677491578
0.0002297286757
-0.0001896608994
0.0001936906028
-0.0001466966285
0.0001634548503
3.299147565e-05
0.0001989218618
4.860081011e-05
0.0007849193178
-0.0004122049371
0.002966110821
-1.527419733e-05
0.00170021595
1.299736829e-05
2.443233948e-06
3.53722138e-05
6.749022738e-06
3.758682924e-05
7.114076326e-06
1.882920971e-05
4.19192216e-06
2.788531122e-06
7.680316929e-07
2.831249136e-08
7.970973683e-09
1.638455683e-14
5.245040261e-15
9.610973416e-25
5.979992623e-25
8.298320183e-37
5.425638473e-37
4.323172747e-50
3.093872856e-50
-4.534310066e-75
3.429827279e-64
-1.181091709e-68
-1.213647637e-61
-4.229723714e-56
-0.0001348089229
4.242236639e-08
-0.001066346172
7.943142767e-05
-0.002139951333
0.0006500702152
-0.003095037227
0.001246353809
-0.003899592797
0.001660916785
-0.003986217473
0.001779330252
-0.002801704811
0.001471316026
-0.001418460837
0.00105719376
-0.0007802168035
0.0006581764578
-0.0005531064699
0.0004607498615
-0.0004069735592
0.0003972560315
-0.0002631950346
0.0003455162139
-0.000128343612
0.0002641909112
-3.099159867e-05
0.0001580927746
8.554327914e-05
0.0001317855547
0.0001947667928
0.0005822590079
-0.00037937341
0.002701147387
-7.135967115e-07
0.00202549928
6.486319489e-10
5.43775115e-11
3.601911569e-09
9.598562956e-10
1.301994949e-09
4.216289681e-10
4.79171041e-11
1.613981556e-11
2.33932043e-14
1.136568015e-14
8.09445781e-20
4.623832087e-20
3.172729248e-27
2.207625806e-27
1.320406784e-37
7.715280239e-38
5.26838068e-50
3.013436341e-50
1.133686081e-63
1.435243069e-63
-7.061636127e-60
1.647432526e-73
-1.25323278e-55
-8.126289114e-47
-2.687807542e-43
-2.417379186e-07
2.903739604e-19
-0.0001626285426
1.444338737e-07
-0.001114608266
9.622126962e-05
-0.002121878194
0.0004893752682
-0.002800961932
0.0007576682771
-0.002487692077
3.860632305e-05
-0.001879825191
6.376524608e-05
-0.001275185372
0.0005738557507
-0.0008372963609
0.0006954544018
-0.0006157099054
0.0006274925671
-0.0004562212489
0.0005628811091
-0.0003017334349
0.0004897662272
-0.000156666704
0.000381910155
-5.715704375e-05
0.0002433719044
2.975721611e-05
0.0001750551038
1.803338125e-05
0.0005676843282
-0.0003836917551
0.002020250679
1.750909397e-09
0.002051091501
2.974245948e-16
1.223879845e-16
1.141899273e-19
1.52204023e-19
1.188119265e-20
1.22694584e-20
1.244307743e-22
1.053901395e-22
2.905849176e-26
2.481206102e-26
4.771990642e-32
4.353485521e-32
6.656538006e-40
4.054371102e-40
1.074345777e-50
6.392493192e-51
1.821925508e-63
1.462300686e-63
-2.662790824e-53
5.935981202e-67
-8.40754232e-46
-4.465102405e-39
-6.929485666e-43
-4.285176216e-33
-6.616241509e-31
-8.823288639e-20
-2.094539907e-15
-2.987153386e-08
-3.459456527e-18
-3.156730416e-05
1.783505225e-08
-0.0002320985534
1.663390859e-05
-0.0002585275067
4.733067732e-05
-0.0003754822641
-4.292684693e-05
-0.0007308227301
-4.271414002e-05
-0.0009431351951
0.000192695108
-0.0008447134963
0.0006331713909
-0.0006835787041
0.0007815502968
-0.0005211109811
0.0007630306445
-0.0003595608626
0.0006743132533
-0.000212017303
0.0005354982549
-0.0001183781202
0.0003692448458
-9.264527889e-05
0.0002737324201
-0.0001867667677
0.0005430729534
-0.0003650188831
0.001380196182
1.437307544e-09
0.001785969349
5.155198898e-17
1.672607004e-17
6.25471169e-27
6.684230376e-27
8.73656499e-32
9.547095316e-32
3.365764859e-34
3.108432181e-34
3.307492442e-38
2.452683119e-38
2.865226511e-44
1.856434659e-44
8.12219996e-53
5.235309958e-53
5.756095861e-64
3.906538757e-64
8.792274485e-72
1.106076133e-71
-3.308606422e-39
-2.478265065e-30
-7.554592171e-34
-6.848185732e-26
-1.59016009e-31
-1.970557427e-21
-5.327349003e-20
-2.267547663e-18
-6.46673962e-11
-3.9841737e-19
2.207954666e-10
-2.248849435e-11
4.80236994e-10
-6.284086458e-07
5.556513158e-07
-3.179196644e-05
1.280253907e-05
-9.342628431e-05
1.435060489e-05
-0.0002531229049
1.163621752e-05
-0.0005860671925
0.0001081939119
-0.0007729305323
0.0004649596846
-0.0007457196628
0.0008356015133
-0.0006113542318
0.0009745378714
-0.0004382612107
0.0009253944871
-0.0002762819416
0.0007300635695
-0.0001733072159
0.0005068208135
-0.0001574068884
0.000354130103
-0.0002170194897
0.0004787583079
-0.000305312413
0.0008879399435
7.936765387e-10
0.001314137448
1.035100258e-17
2.279717562e-18
1.075087657e-27
8.348923213e-28
2.3333553e-38
2.11072848e-38
5.284411809e-46
4.096479943e-46
1.956534399e-50
1.426752104e-50
7.902817393e-57
5.206925224e-57
6.83807877e-66
4.683885551e-66
2.087829985e-77
1.760566705e-77
-3.777635942e-31
1.502977466e-44
-2.183020624e-25
-6.525295152e-18
-9.802584061e-22
-1.736857342e-13
-5.730390081e-21
-5.720936395e-11
2.102723138e-11
-0.0001461156676
0.0005457450393
-0.000132856465
4.065265296e-05
-0.0001243389044
4.250986837e-05
-0.0001176593524
4.434841475e-05
-0.0001038228873
4.707758534e-05
-9.446240412e-05
4.679537446e-05
-0.0001515293438
4.923275968e-05
-0.0003313497796
9.009670926e-05
-0.0005762043504
0.0002740286205
-0.0007316437598
0.0006855168457
-0.0007196119346
0.001084525773
-0.0005564396389
0.001239636366
-0.0003580506145
0.001027302686
-0.000217187411
0.000689474019
-0.0001697213981
0.0004300961329
-0.0001731989284
0.0004335472561
-0.0002099373691
0.000538038422
2.29696147e-10
0.0007810164789
2.881057402e-18
3.960564468e-19
2.573060725e-28
1.496367961e-28
3.259679839e-39
2.681907272e-39
1.591205002e-50
1.136501755e-50
4.303015306e-62
2.924304467e-62
1.458240895e-69
9.268586458e-70
4.048258432e-79
2.845856133e-79
-4.818286752e-31
2.453087118e-44
-3.403808436e-18
1.11098561e-31
-1.093862622e-07
-2.977970468e-18
-2.863985314e-05
1.471413438e-07
-5.85439174e-05
3.109101584e-05
4.031011192e-05
-0.0003426394518
0.001282967005
-0.0002934545502
0.0001190231635
-0.0002611218965
0.0001183942433
-0.0002299852805
0.0001172666746
-0.0001936352409
0.0001153304931
-0.0001550813631
0.0001085656507
-0.0001354955003
9.745728323e-05
-0.0001717316105
9.576439956e-05
-0.0002957742532
0.0001467414844
-0.0004925298714
0.0003498177268
-0.0006491062205
0.0007766399164
-0.0006188911719
0.001402023582
-0.0004414695935
0.00141505863
-0.0002551429757
0.0009575224972
-0.0001769032483
0.0005263703828
-0.0001240093008
0.0004502409064
-0.000114101511
0.0003517068001
-4.521524461e-11
0.0003844520857
1.232577137e-18
9.938142423e-20
7.855474966e-29
3.187823086e-29
5.823874244e-40
4.09647412e-40
1.76201269e-51
1.098149353e-51
2.54183427e-63
1.511957382e-63
1.763383512e-75
1.013549259e-75
6.203595874e-88
4.236235853e-88
-3.358162553e-31
7.343708267e-45
-6.825329436e-18
1.173018798e-31
-2.074286237e-07
4.692292486e-18
-5.839724849e-05
1.127066284e-07
-0.0001822343593
4.173010697e-05
0.0001185967428
-0.000546904025
0.001696896472
-0.0004429831312
0.0002262471059
-0.0003771125788
0.0002115017287
-0.0003227613649
0.0002010017836
-0.0002669662449
0.0001921020583
-0.0002051200449
0.0001772871327
-0.0001444558695
0.0001520571797
-0.0001045562823
0.0001200988298
-0.000108064641
9.989316267e-05
-0.0001597365168
0.0001312241946
-0.0002893468263
0.0001447857289
-0.0004302920933
0.0009682987516
-0.0004204909896
0.001389560872
-0.0002921082305
0.001032393948
-0.0002013802729
0.0002797198088
-0.0001043901407
0.0005486074042
-5.701704011e-05
0.0003063296143
-9.737558188e-11
0.0001935802597
7.001302189e-19
2.992701141e-20
2.785456161e-29
6.999778432e-30
1.271666458e-40
6.468475844e-41
2.449164167e-52
1.137912834e-52
2.28329276e-64
1.009591699e-64
1.022792195e-76
4.420028229e-77
1.820322901e-89
9.981700307e-90
2.022814696e-60
1.055394179e-58
-6.642145232e-25
1.030512677e-38
-7.812615606e-12
9.106393121e-25
-8.093472003e-06
4.666562105e-12
-0.0001595174066
4.874235114e-06
9.910879519e-05
-0.0007497725407
0.001565331037
-0.000580575223
0.0003602987575
-0.000466051646
0.0003220473158
-0.0003827178991
0.0002898254566
-0.0003089774137
0.0002660836162
-0.0002324050852
0.000239660089
-0.0001532472271
0.0002012945926
-8.433730023e-05
0.0001493941909
-4.195086515e-05
9.490859597e-05
-1.524462045e-05
5.818322043e-05
-3.521314895e-05
4.10335876e-07
-0.0001626788516
0.0001553184303
-0.000244354048
0.0005414701238
-0.0003671190202
0.0002493275698
-0.0002514820685
-0.001924188052
-0.0001199363828
0.0007062653679
-4.04955788e-05
0.0003766711778
-9.084268609e-11
0.0001431506003
4.522742307e-19
2.056529039e-21
1.024920355e-29
1.117023604e-30
2.847759574e-41
7.227621751e-42
3.442156625e-53
8.463402531e-54
2.074770136e-65
4.345448068e-66
6.135123468e-78
1.04999108e-78
7.118232228e-91
1.349146611e-91
7.025724141e-71
1.691875278e-70
-1.572612701e-37
1.431443699e-51
-4.064747972e-24
1.103087034e-37
-2.804261483e-11
3.219142766e-24
-8.177612468e-06
1.784321078e-11
5.37441015e-06
-0.0008959155568
0.0009415969101
-0.0007175513355
0.0004888898339
-0.0005491844693
0.0004609253986
-0.0004257250056
0.0003968750008
-0.0003298168817
0.000344142889
-0.0002416549881
0.0002973277216
-0.0001546509929
0.0002433729754
-7.743287362e-05
0.0001759320576
-2.539667657e-05
0.0001026794614
-1.349081913e-08
4.231603814e-05
-4.822325057e-08
4.437091223e-16
-5.874645345e-06
2.312465885e-07
-4.26561345e-05
2.635042542e-05
-0.000635032674
-0.0001445857562
-0.0003394157694
-0.005367743669
-0.0001647019604
0.0007447109338
-5.290585653e-05
0.00054292285
-6.569528205e-11
0.0001872095129
3.063120088e-19
-8.07242846e-21
3.491932218e-30
-1.442122389e-32
6.38321996e-42
-2.90766792e-44
5.285326087e-54
-9.57435335e-57
2.213275771e-66
-1.391923969e-68
4.647669081e-79
-3.772470531e-81
3.987097735e-92
-1.414856236e-87
6.924655469e-84
-3.37587322e-100
-9.803968051e-51
-1.364917813e-79
-3.893855425e-37
3.58143655e-51
-3.557816998e-24
1.867284454e-37
-2.111408533e-12
2.175282546e-24
1.4042588e-12
-0.0007233644259
0.0001592393795
-0.000791509875
0.0004289713247
-0.0006390995769
0.0005907997644
-0.0004735685711
0.0005370721354
-0.0003464289322
0.0004447093801
-0.000243637196
0.0003620819678
-0.0001515057398
0.0002841904666
-7.285117798e-05
0.0002000558967
-2.075004528e-05
0.0001130078691
-2.092489319e-10
4.019696364e-05
3.701723687e-18
-2.762197079e-10
-4.648946255e-10
-1.456961401e-09
-4.346333754e-05
2.193992618e-06
-0.001427901803
-0.0002163205737
-0.0002338112322
-0.003463139579
-0.0001923638794
0.0004398527962
-8.667571209e-05
0.0006091843818
8.513062913e-11
0.0002750718552
1.868826403e-19
2.522999789e-12
8.766266377e-31
-2.185135073e-28
8.900009127e-43
-2.948278152e-33
4.283393964e-55
-1.28033372e-46
1.122538637e-67
-6.832458514e-60
1.635538884e-80
-1.830954102e-73
3.364398288e-87
-2.155643039e-73
2.406991428e-100
-1.503689987e-86
-3.219311196e-64
-4.456234948e-92
-1.643437176e-50
-1.201964481e-78
-2.178354354e-37
3.588366386e-51
-3.488967037e-25
7.421516543e-38
1.713812432e-25
-0.0001178162414
5.70920884e-07
-0.0005803147638
8.727177969e-05
-0.0006902507348
0.0005124865981
-0.0005368017206
0.000676473338
-0.0003738890298
0.0005855314624
-0.0002485170272
0.0004522236487
-0.0001486034736
0.0003343130325
-7.022164122e-05
0.0002261473841
-4.447953656e-05
0.0001260077328
-0.0006173381913
9.740644169e-05
-0.004391261894
7.80116189e-05
-0.01016488306
0.000651020789
-0.01528908698
0.002965314874
-0.01670723476
0.007569547292
0.003700437565
0.01940381407
0.004740501954
0.002191123003
0.002081325097
0.0007467738241
0.0002931132257
0.0002803774189
2.009986342e-07
1.929926602e-07
1.575043571e-19
2.479728902e-20
9.853852771e-33
-4.107650076e-42
4.294027999e-46
-1.444772039e-55
1.313077562e-59
-6.705341189e-69
2.821676244e-73
-8.819686583e-74
2.158216948e-73
-1.019786366e-59
7.70402132e-87
-7.609581836e-73
-3.106925742e-78
-3.097348682e-86
-3.356699515e-64
-4.05713356e-92
-6.289363465e-51
-1.303900353e-79
-2.153374356e-38
9.4621897e-52
5.263684232e-39
-2.602334835e-07
2.029520363e-17
-0.0001168751785
2.315167046e-07
-0.0005470081502
0.0001198055679
-0.0005913438661
0.0006456024294
-0.0004216203977
0.000749315057
-0.0002653104319
0.0005884754912
-0.0001503414668
0.0004095513183
-6.7784358e-05
0.0002613180366
-1.962402964e-05
0.0001385740534
-1.903895655e-06
5.115422177e-05
-4.204388343e-05
4.127260585e-10
-0.001178716486
1.558782216e-05
-0.004658477301
0.0006353497777
-0.007210539784
0.005315792725
0.0005760440819
0.01919460469
0.0002544349148
0.0001273440267
4.890959511e-05
1.795219629e-05
2.615428746e-06
-5.638478914e-06
1.290672716e-15
2.263834849e-15
1.088683305e-28
-5.939660055e-36
5.871185932e-42
-5.321713396e-48
2.364555495e-55
-9.11254723e-61
6.724551514e-69
-7.021682778e-70
8.629350382e-74
-1.970903071e-60
6.806131899e-60
-2.167336275e-46
3.8495181e-73
-1.615931337e-59
1.441276157e-87
-1.0424743e-72
-2.085455127e-78
-1.660575307e-86
-8.393741e-65
-3.474565677e-85
-5.28754392e-52
1.610188138e-66
8.869305753e-53
-1.351033849e-16
5.435800408e-30
-1.003455879e-06
1.536030803e-16
-0.0001613495972
1.156501487e-06
-0.0005416096635
0.0002364373566
-0.0004836771205
0.0008128576527
-0.0003028599693
0.0007751794094
-0.0001621151405
0.0005328374594
-6.971215959e-05
0.0003185022925
-1.804427033e-05
0.0001594273203
-9.683366896e-11
5.157781793e-05
-1.526511871e-12
3.055402579e-20
-8.200909584e-06
7.161811215e-13
-0.0006299356011
9.339650051e-06
-0.003084985544
0.001651252265
-2.316091371e-06
0.01410722257
4.811536371e-09
3.541873069e-09
-3.959815292e-06
-1.61020154e-06
1.645782653e-11
-0.0002649422294
2.271812212e-23
-1.183362749e-20
1.335098641e-35
-3.95220434e-32
4.618500149e-48
-6.403373393e-44
1.054763523e-60
-6.901076915e-55
4.620282964e-70
-2.26284918e-57
1.518759303e-60
-2.490123325e-47
1.111004872e-46
-2.222587645e-33
8.735253268e-60
-1.524674138e-46
2.861828902e-73
-1.414116295e-59
-2.166787391e-85
-3.718736984e-73
-4.618988715e-72
-1.691898203e-72
-2.74506882e-59
-2.742556453e-60
3.294253308e-60
-6.662854331e-27
1.84905471e-40
-4.69311255e-13
1.8932044e-26
-7.790436961e-06
6.729266894e-13
-0.0002523058458
1.126188326e-05
-0.0005114128412
0.0005099563203
-0.0003666948324
0.0009411382209
-0.0001923948421
0.0007274073274
-7.887893799e-05
0.0004218294382
-1.985871552e-05
0.0001976902477
-8.089141388e-11
5.995391118e-05
1.089236982e-19
1.374739268e-20
-3.766087627e-12
3.176438773e-25
-2.727403938e-05
1.17452456e-11
-0.0008287723663
9.541693161e-05
-9.486184481e-09
0.007738566906
-5.476456176e-07
-2.489709272e-09
-7.866813044e-05
-7.514546324e-05
5.367800329e-10
-0.0005222541047
3.410244297e-20
-5.883793176e-19
5.365891339e-32
-6.566342114e-30
3.613600518e-44
-3.460389284e-40
5.883759624e-55
-9.750643347e-43
9.961266663e-58
-3.564765446e-45
1.627918567e-47
-1.86087836e-34
8.645057492e-34
-1.030655337e-20
9.164616982e-47
-5.58687542e-34
5.410154436e-60
-6.914796025e-47
6.638253052e-74
-2.492741647e-60
-7.559736075e-60
-2.301837116e-60
-3.700143018e-47
-2.461294498e-47
1.605698116e-48
-2.361576108e-37
5.988432957e-51
-2.352462847e-23
7.295330894e-37
-7.759635311e-10
4.327801074e-23
-4.219263886e-05
1.350682522e-09
-0.000372052007
7.607066271e-05
-0.000439056695
0.0008420459573
-0.0002532879796
0.0009677589393
-0.0001036831526
0.0006083142512
-2.617553949e-05
0.0002781289067
-7.095540889e-11
8.034295551e-05
5.815042178e-20
7.26950321e-21
-8.219684604e-22
1.696097494e-31
-8.259849618e-09
1.366305671e-22
-0.0001625213565
6.256514502e-08
-1.805525761e-06
0.001561995394
-2.436020958e-05
-3.029131474e-07
-0.0001498402076
-0.0002019922332
4.583179413e-10
-0.0003893868704
1.429316766e-18
-3.629633974e-18
8.515328908e-30
-1.866813166e-27
1.753216192e-40
-5.690226304e-29
7.445791178e-43
-7.042479733e-31
1.103996031e-45
-2.715050317e-33
-1.142923788e-32
-8.167579632e-22
2.970318434e-21
-1.227954159e-08
4.188324398e-34
-1.101037499e-27
3.093180065e-47
-2.546118285e-40
1.108180987e-60
-1.645754622e-53
-3.544829945e-48
-3.459231076e-60
-1.850694323e-34
-2.019303041e-43
-5.770351071e-32
-2.1446053e-48
3.820339969e-62
-4.899448755e-34
8.861760613e-48
-3.170708823e-20
6.861450672e-34
-1.201934399e-07
5.98094735e-20
-0.0001080081654
2.427460396e-07
-0.0004236638519
0.0002536210654
-0.0003429528225
0.001036944798
-0.0001601580713
0.0008774380249
-4.61343235e-05
0.0004452511567
-6.022298722e-11
0.0001370170324
3.352284634e-20
-6.994715336e-20
-2.117542429e-29
-6.756183529e-19
-1.556478076e-16
-4.011411249e-18
-2.597222375e-06
5.249120639e-16
-1.137006828e-06
2.254193513e-05
-4.748906954e-05
-5.949949681e-07
-0.000126038348
-0.0001228432845
-4.495989182e-11
-0.0001755376627
5.944722258e-18
-1.348145932e-15
2.056123177e-27
-3.588178079e-17
2.043598582e-29
-2.740513511e-18
3.662613749e-31
-1.614959104e-19
4.33680284e-34
-9.026165011e-22
-1.859903078e-09
-4.482751486e-11
3.11614315e-15
-8.740752534e-05
8.681034796e-28
-3.364467274e-22
1.25858218e-40
-4.151656233e-34
1.085145238e-53
-1.046621162e-46
1.04251573e-60
-2.846378763e-56
-1.638022175e-30
-1.754554933e-42
-3.637935882e-30
-7.536150549e-58
5.753453967e-72
-2.914939471e-43
2.567964485e-57
-4.925365714e-29
5.165256638e-43
-3.02197443e-15
5.971667866e-29
-2.437679775e-06
6.837244034e-15
-0.000161974413
5.555937736e-06
-0.0003718264718
0.0004401272822
-0.0002410046656
0.0009698954785
-9.474692361e-05
0.0006556221591
-3.131343802e-11
0.0002298955059
1.462113961e-20
-5.546685955e-10
-3.263563878e-19
-3.807443973e-10
-2.467544392e-18
6.80661293e-11
-1.281345505e-13
4.810973342e-10
-1.496894244e-07
2.670327866e-07
-2.882201506e-05
1.455438074e-05
-6.708970486e-05
1.98658427e-05
-1.432184341e-09
3.225478747e-06
6.988765411e-16
3.020447836e-09
1.591901542e-17
7.79167849e-10
5.326757953e-19
1.552505792e-10
2.343593372e-20
-2.903240193e-10
-6.893703757e-12
-1.005328601e-10
-1.348953775e-05
-9.504110569e-07
1.63782252e-10
-0.0008491463869
3.409314735e-22
-1.116891064e-19
2.420353843e-34
-1.313812484e-30
8.940420748e-47
-2.851686576e-40
1.545689774e-56
-1.61211261e-43
-1.475300948e-29
-3.324464624e-48
-8.681895289e-33
-1.544811643e-69
7.323763863e-84
-7.097506121e-55
4.02795697e-69
-1.375290988e-40
9.681603001e-55
-1.426940909e-26
1.275891445e-40
-6.551953864e-13
1.252034684e-26
-6.751622332e-06
1.62005477e-12
-0.000132651306
1.727577905e-05
-0.0002233546391
0.0003315750618
-0.0002354206454
0.0004792027065
-0.0005723949325
0.0001941912614
-0.000893594386
0.0002820357052
-0.0008285835657
0.0003939382506
-0.0007511737339
0.0003909823164
-0.000704611974
0.0004154558064
-0.000667079124
0.000484443731
-0.000584884372
0.0005963839619
-0.0003765474474
0.0007152916411
9.533922473e-06
0.0006802366519
0.0001586443556
0.0002383009338
0.0002583728345
0.0002634623493
0.0003316989344
0.0002770614546
0.0002899909854
0.000256135019
5.056358903e-05
3.914945572e-05
-9.191728594e-05
-2.363470028e-05
2.484103973e-09
-0.001646707528
5.191056696e-19
-7.837777218e-18
8.394538971e-31
-5.594970533e-26
2.894656568e-40
-3.181176194e-28
1.201191126e-43
-5.493639137e-31
2.720009902e-49
-3.362901424e-35
-2.102128137e-36
-1.489938267e-82
3.635071408e-97
-8.48451002e-68
2.641372562e-82
-1.924164146e-53
7.923882165e-68
-2.241171281e-39
1.222426573e-53
-1.440631034e-25
1.066427473e-39
-3.44193135e-12
8.103194804e-26
-1.757036165e-06
8.846702336e-12
-1.88056762e-05
5.006998436e-06
-2.045473476e-05
4.571855161e-05
-0.0003220707747
8.444462518e-06
-0.00120855715
0.0001407147662
-0.00142100488
0.0006170383356
-0.001324994509
0.0007959357977
-0.001212415776
0.0008786935412
-0.00111073594
0.001000880148
-0.0009616407383
0.00119531098
-0.0006356046146
0.001417292323
7.032091655e-06
0.001363651241
0.0002944182655
0.0004707226966
0.0004840049456
0.0005272387185
0.0005293986531
0.0004699849818
0.0001773773878
0.0001482983061
-5.131221487e-07
1.266622986e-06
-0.0002078138904
-0.0001019325251
6.307794634e-09
-0.00166197292
7.534748127e-17
-7.655514309e-13
4.107507803e-26
-7.315030877e-15
3.500663118e-28
-1.551404663e-16
4.782864716e-31
-9.909615777e-19
2.687580786e-35
-1.901205684e-22
-4.020949214e-28
-5.05189429e-96
4.522191724e-111
-3.698707918e-81
4.684687863e-96
-9.879481978e-67
1.7928715e-81
-1.270167364e-52
3.200491398e-67
-9.060266801e-39
3.070567011e-53
-3.525872572e-25
1.870690369e-39
-2.260837906e-14
1.11309753e-25
-4.876448151e-10
6.437551103e-14
-6.998488307e-11
1.52404488e-09
-4.102469781e-06
1.040897663e-12
-0.0003303229642
2.191906841e-06
-0.00112592454
0.0002010294309
-0.001288755372
0.0008429294997
-0.001192094735
0.001155977732
-0.001047932968
0.001361547638
-0.0008674853838
0.001621847047
-0.0005583272225
0.001927031211
9.365017426e-07
0.001856974318
0.0003053691838
0.0004256864825
0.0003661210104
0.0004226025365
0.0001217486072
0.0002240921268
2.103338308e-06
2.272473719e-05
-1.818521059e-05
1.512718374e-06
-0.000376685702
1.634431672e-05
2.365694503e-09
-0.0002515673581
1.677583411e-13
-6.435674881e-08
3.075785817e-16
-3.026553677e-08
8.384758906e-18
-1.352981036e-08
6.886491646e-20
-4.608967973e-09
1.790091799e-22
-3.061778378e-10
-1.132149003e-14
-4.161084409e-110
-3.726276388e-95
-1.092566233e-80
-1.424369512e-66
-9.534148285e-53
-3.291006694e-39
-2.975035371e-27
-1.862627585e-22
-1.025765293e-25
-6.744322802e-14
-5.438211958e-06
-0.0003937447992
-0.001866504475
-0.003249144282
-0.004361650449
-0.004897830179
-0.003876136731
-0.00028608524
-0.001578269208
-0.004351392945
-0.006414326243
-0.007842421249
-0.008370740541
-0.006627913958
0.002526854832
0.004413443029
0.004270129207
0.003242199787
0.00151514462
0.0001583247362
)
;

boundaryField
{
    walls
    {
        type            calculated;
        value           nonuniform List<scalar> 
79
(
2.916564585e-10
3.374681762e-10
3.403473802e-10
2.538292576e-10
9.710258977e-11
1.260684174e-11
3.720946323e-11
5.113738118e-11
5.486198052e-11
4.207022882e-11
1.855834992e-11
-2.957675742e-12
-1.048018055e-12
-9.186772193e-12
-4.698294044e-11
-8.955954342e-11
-1.259594727e-10
-2.123774581e-10
-3.05898599e-11
2.233474242e-11
3.155635281e-11
9.226277884e-12
6.337368724e-14
2.678600196e-10
2.929410998e-10
1.505379013e-10
2.922597374e-11
5.798569656e-14
9.270729634e-24
5.465353813e-40
4.008375018e-24
9.885885417e-11
2.340157078e-10
2.891958605e-10
2.569259457e-10
1.663869687e-10
5.535402266e-11
4.497951251e-13
3.951760372e-22
1.031417397e-45
3.025467128e-66
5.774401662e-87
4.74079233e-109
2.522673632e-128
1.190894368e-151
1.194035796e-177
1.394636033e-204
1.16170368e-232
9.761537936e-233
9.940560129e-203
9.461415918e-174
1.842491235e-145
9.964370937e-118
1.731279836e-90
8.990026761e-64
2.718342749e-40
1.899844523e-30
8.797454892e-38
2.23419897e-19
1.922736805e-12
6.526737361e-11
1.727515176e-10
3.007894592e-10
4.777781782e-10
7.034955594e-10
6.760926064e-10
7.001639026e-11
1.679575144e-10
2.01780977e-10
1.388681205e-10
4.156473902e-10
8.992341384e-10
-2.921608989e-09
6.239771963e-10
2.505840136e-10
1.40173496e-10
1.039683236e-10
3.084275153e-11
2.292471521e-14
)
;
    }
    wallFilmFace_top
    {
        type            calculated;
        value           uniform 0;
    }
    region0_to_wallFilmRegion_wallFilmFace
    {
        type            calculated;
        value           uniform 0;
    }
    mirrorFace_top
    {
        type            calculated;
        value           nonuniform List<scalar> 0();
    }
    region0_to_wallFilmRegion_mirrorFace
    {
        type            calculated;
        value           nonuniform List<scalar> 0();
    }
    procBoundary1to0
    {
        type            processor;
        value           nonuniform List<scalar> 
52
(
0.003702023826
0.00018669664
0.0002723361695
0.0003573251383
0.0003460822335
0.0004811900747
0.000453626549
-0.0006331163346
0.0002886393138
0.0003045443128
0.0003744013141
0.0005585760778
-0.0005963999383
0.0009497137782
0.001298243586
-0.0005579928884
0.001129390759
0.0007026116144
6.857654651e-06
1.910686534e-05
2.312300583e-05
1.098908567e-07
1.553545087e-10
1.17361189e-19
1.33021853e-17
8.19570662e-29
-8.58710428e-33
-8.785294004e-46
2.452759346e-53
-1.000492148e-66
-6.314603681e-80
1.289893738e-66
-8.021891335e-80
5.491101107e-67
1.326112566e-79
-6.177295606e-93
2.021133365e-99
1.258215142e-71
3.080614e-55
-3.757551441e-69
7.669060532e-55
-5.372256826e-69
3.167382893e-83
8.305573743e-82
-5.037385568e-40
-8.070488961e-40
-1.072525204e-26
-1.188202238e-19
-1.124653487e-11
-7.600115073e-10
-4.606482595e-19
-1.068337249e-26
)
;
    }
    procBoundary1to2
    {
        type            processor;
        value           nonuniform List<scalar> 
33
(
-7.472457732e-18
-8.509337898e-10
-0.0004702937882
4.153820177e-05
-4.39968522e-06
-6.925734437e-15
-4.178793335e-28
8.658387173e-34
-1.01313382e-46
-4.982307644e-74
-5.00525394e-75
-1.090941761e-65
-2.7532705e-53
-3.240146393e-41
-3.122965755e-30
-2.089469566e-20
-2.983023084e-05
-0.0001252230048
-0.0002591582482
-0.0001244683881
-5.90347087e-07
-7.97429289e-17
-1.336955058e-29
-1.129311906e-42
-8.488049568e-47
-1.028158209e-34
-1.326770535e-22
-3.733319887e-18
-1.267134334e-16
-2.505508475e-19
-3.177748672e-23
2.285399823e-28
4.329120514e-08
)
;
    }
}


// ************************************************************************* //
