/*--------------------------------*- C++ -*----------------------------------*\
  =========                 |
  \\      /  F ield         | OpenFOAM: The Open Source CFD Toolbox
   \\    /   O peration     | Website:  https://openfoam.org
    \\  /    A nd           | Version:  8
     \\/     M anipulation  |
\*---------------------------------------------------------------------------*/
FoamFile
{
    version     2.0;
    format      ascii;
    class       vectorField;
    location    "constant/wallFilmRegion/polyMesh";
    object      points;
}
// * * * * * * * * * * * * * * * * * * * * * * * * * * * * * * * * * * * * * //


2904
(
(0.31 0.21 0)
(0.31 0.2 0)
(0.31 0.22 0)
(0.31 0.23 0)
(0.31 0.24 0)
(0.31 0.25 0)
(0.31 0.26 0)
(0.31 0.27 0)
(0.3191666667 0.21 0)
(0.3191666667 0.2 0)
(0.3191666667 0.22 0)
(0.3191666667 0.23 0)
(0.3191666667 0.24 0)
(0.3191666667 0.25 0)
(0.3191666667 0.26 0)
(0.3191666667 0.27 0)
(0.3191666667 0.28 0)
(0.3191666667 0.29 0)
(0.3191666667 0.3 0)
(0.3191666667 0.31 0)
(0.3283333333 0.21 0)
(0.3283333333 0.2 0)
(0.3283333333 0.22 0)
(0.3283333333 0.23 0)
(0.3283333333 0.24 0)
(0.3283333333 0.25 0)
(0.3283333333 0.26 0)
(0.3283333333 0.27 0)
(0.3283333333 0.28 0)
(0.3283333333 0.29 0)
(0.3283333333 0.3 0)
(0.3283333333 0.31 0)
(0.3283333333 0.32 0)
(0.3283333333 0.33 0)
(0.3375 0.21 0)
(0.3375 0.2 0)
(0.3375 0.22 0)
(0.3375 0.23 0)
(0.3375 0.24 0)
(0.3375 0.25 0)
(0.3375 0.26 0)
(0.3375 0.27 0)
(0.3375 0.28 0)
(0.3375 0.29 0)
(0.3375 0.3 0)
(0.3375 0.31 0)
(0.3375 0.32 0)
(0.3375 0.33 0)
(0.3375 0.34 0)
(0.3375 0.35 0)
(0.3375 0.36 0)
(0.3375 0.37 0)
(0.3466666667 0.21 0)
(0.3466666667 0.2 0)
(0.3466666667 0.22 0)
(0.3466666667 0.23 0)
(0.3466666667 0.24 0)
(0.3466666667 0.25 0)
(0.3466666667 0.26 0)
(0.3466666667 0.27 0)
(0.3466666667 0.28 0)
(0.3466666667 0.29 0)
(0.3466666667 0.3 0)
(0.3466666667 0.31 0)
(0.3466666667 0.32 0)
(0.3466666667 0.33 0)
(0.3466666667 0.34 0)
(0.3466666667 0.35 0)
(0.3466666667 0.36 0)
(0.3466666667 0.37 0)
(0.3466666667 0.38 0)
(0.3466666667 0.39 0)
(0.3558333333 0.21 0)
(0.3558333333 0.2 0)
(0.3558333333 0.22 0)
(0.3558333333 0.23 0)
(0.3558333333 0.24 0)
(0.3558333333 0.25 0)
(0.3558333333 0.26 0)
(0.3558333333 0.27 0)
(0.3558333333 0.28 0)
(0.3558333333 0.29 0)
(0.3558333333 0.3 0)
(0.3558333333 0.31 0)
(0.3558333333 0.32 0)
(0.3558333333 0.33 0)
(0.3558333333 0.34 0)
(0.3558333333 0.35 0)
(0.3558333333 0.36 0)
(0.3558333333 0.37 0)
(0.3558333333 0.38 0)
(0.3558333333 0.39 0)
(0.3558333333 0.4 0)
(0.3558333333 0.41 0)
(0.3558333333 0.42 0)
(0.3558333333 0.43 0)
(0.365 0.21 0)
(0.365 0.2 0)
(0.365 0.22 0)
(0.365 0.23 0)
(0.365 0.24 0)
(0.365 0.25 0)
(0.365 0.26 0)
(0.365 0.27 0)
(0.365 0.28 0)
(0.365 0.29 0)
(0.365 0.3 0)
(0.365 0.31 0)
(0.365 0.32 0)
(0.365 0.33 0)
(0.365 0.34 0)
(0.365 0.35 0)
(0.365 0.36 0)
(0.365 0.37 0)
(0.365 0.38 0)
(0.365 0.39 0)
(0.365 0.4 0)
(0.365 0.41 0)
(0.365 0.42 0)
(0.365 0.43 0)
(0.365 0.44 0)
(0.3649999999 0.45 0)
(0.3741666667 0.21 0)
(0.3741666667 0.2 0)
(0.3741666667 0.22 0)
(0.3741666667 0.23 0)
(0.3741666667 0.24 0)
(0.3741666667 0.25 0)
(0.3741666667 0.26 0)
(0.3741666667 0.27 0)
(0.3741666667 0.28 0)
(0.3741666667 0.29 0)
(0.3741666667 0.3 0)
(0.3741666667 0.31 0)
(0.3741666667 0.32 0)
(0.3741666667 0.33 0)
(0.3741666667 0.34 0)
(0.3741666667 0.35 0)
(0.3741666667 0.36 0)
(0.3741666667 0.37 0)
(0.3741666667 0.38 0)
(0.3741666667 0.39 0)
(0.3741666667 0.4 0)
(0.3741666667 0.41 0)
(0.3741666667 0.42 0)
(0.3741666667 0.43 0)
(0.3741666666 0.44 0)
(0.3741666666 0.45 0)
(0.3741666666 0.46 0)
(0.3833333333 0.21 0)
(0.3833333333 0.2 0)
(0.3833333333 0.22 0)
(0.3833333333 0.23 0)
(0.3833333333 0.24 0)
(0.3833333333 0.25 0)
(0.3833333333 0.26 0)
(0.3833333333 0.27 0)
(0.3833333333 0.28 0)
(0.3833333333 0.29 0)
(0.3833333333 0.3 0)
(0.3833333333 0.31 0)
(0.3833333333 0.32 0)
(0.3833333333 0.33 0)
(0.3833333333 0.34 0)
(0.3833333333 0.35 0)
(0.3833333333 0.36 0)
(0.3833333333 0.37 0)
(0.3833333333 0.38 0)
(0.3833333333 0.39 0)
(0.3833333333 0.4 0)
(0.3833333333 0.41 0)
(0.3833333333 0.42 0)
(0.3833333333 0.43 0)
(0.3833333332 0.44 0)
(0.3833333332 0.45 0)
(0.3833333332 0.46 0)
(0.3925 0.21 0)
(0.3925 0.2 0)
(0.3925 0.22 0)
(0.3925 0.23 0)
(0.3925 0.24 0)
(0.3925 0.25 0)
(0.3925 0.26 0)
(0.3925 0.27 0)
(0.3925 0.28 0)
(0.3925 0.29 0)
(0.3925 0.3 0)
(0.3925 0.31 0)
(0.3925 0.32 0)
(0.3925 0.33 0)
(0.3925 0.34 0)
(0.3925 0.35 0)
(0.3925 0.36 0)
(0.3925 0.37 0)
(0.3925 0.38 0)
(0.3925 0.39 0)
(0.3925 0.4 0)
(0.3925 0.41 0)
(0.3925 0.42 0)
(0.3925 0.43 0)
(0.3924999999 0.44 0)
(0.3924999999 0.45 0)
(0.3924999999 0.46 0)
(0.3924999999 0.47 0)
(0.4016666667 0.21 0)
(0.4016666667 0.2 0)
(0.4016666667 0.22 0)
(0.4016666667 0.23 0)
(0.4016666667 0.24 0)
(0.4016666667 0.25 0)
(0.4016666667 0.26 0)
(0.4016666667 0.27 0)
(0.4016666667 0.28 0)
(0.4016666667 0.29 0)
(0.4016666667 0.3 0)
(0.4016666667 0.31 0)
(0.4016666667 0.32 0)
(0.4016666667 0.33 0)
(0.4016666667 0.34 0)
(0.4016666667 0.35 0)
(0.4016666667 0.36 0)
(0.4016666667 0.37 0)
(0.4016666667 0.38 0)
(0.4016666667 0.39 0)
(0.4016666667 0.4 0)
(0.4016666667 0.41 0)
(0.4016666667 0.42 0)
(0.4016666667 0.43 0)
(0.4016666666 0.44 0)
(0.4016666666 0.45 0)
(0.4016666666 0.46 0)
(0.4016666666 0.47 0)
(0.4108333333 0.21 0)
(0.4108333333 0.2 0)
(0.4108333333 0.22 0)
(0.4108333333 0.23 0)
(0.4108333333 0.24 0)
(0.4108333333 0.25 0)
(0.4108333333 0.26 0)
(0.4108333333 0.27 0)
(0.4108333333 0.28 0)
(0.4108333333 0.29 0)
(0.4108333333 0.3 0)
(0.4108333333 0.31 0)
(0.4108333333 0.32 0)
(0.4108333333 0.33 0)
(0.4108333333 0.34 0)
(0.4108333333 0.35 0)
(0.4108333333 0.36 0)
(0.4108333333 0.37 0)
(0.4108333333 0.38 0)
(0.4108333333 0.39 0)
(0.4108333333 0.4 0)
(0.4108333333 0.41 0)
(0.4108333333 0.42 0)
(0.4108333333 0.43 0)
(0.4108333332 0.44 0)
(0.4108333332 0.45 0)
(0.4108333332 0.46 0)
(0.4108333332 0.47 0)
(0.42 0.21 0)
(0.42 0.2 0)
(0.42 0.22 0)
(0.42 0.23 0)
(0.42 0.24 0)
(0.42 0.25 0)
(0.42 0.26 0)
(0.42 0.27 0)
(0.42 0.28 0)
(0.42 0.29 0)
(0.42 0.3 0)
(0.42 0.31 0)
(0.42 0.32 0)
(0.42 0.33 0)
(0.42 0.34 0)
(0.42 0.35 0)
(0.42 0.36 0)
(0.42 0.37 0)
(0.42 0.38 0)
(0.42 0.39 0)
(0.42 0.4 0)
(0.42 0.41 0)
(0.42 0.42 0)
(0.42 0.43 0)
(0.4199999999 0.44 0)
(0.4199999999 0.45 0)
(0.4199999999 0.46 0)
(0.4199999999 0.47 0)
(0.4199999999 0.48 0)
(0.4291666667 0.21 0)
(0.4291666667 0.2 0)
(0.4291666667 0.22 0)
(0.4291666667 0.23 0)
(0.4291666667 0.24 0)
(0.4291666667 0.25 0)
(0.4291666667 0.26 0)
(0.4291666667 0.27 0)
(0.4291666667 0.28 0)
(0.4291666667 0.29 0)
(0.4291666667 0.3 0)
(0.4291666667 0.31 0)
(0.4291666667 0.32 0)
(0.4291666667 0.33 0)
(0.4291666667 0.34 0)
(0.4291666667 0.35 0)
(0.4291666667 0.36 0)
(0.4291666667 0.37 0)
(0.4291666667 0.38 0)
(0.4291666667 0.39 0)
(0.4291666667 0.4 0)
(0.4291666667 0.41 0)
(0.4291666667 0.42 0)
(0.4291666667 0.43 0)
(0.4291666667 0.44 0)
(0.4291666666 0.45 0)
(0.4291666666 0.46 0)
(0.4291666666 0.47 0)
(0.4291666666 0.48 0)
(0.4291666666 0.49 0)
(0.4383333333 0.21 0)
(0.4383333333 0.2 0)
(0.4383333333 0.22 0)
(0.4383333333 0.23 0)
(0.4383333333 0.24 0)
(0.4383333333 0.25 0)
(0.4383333333 0.26 0)
(0.4383333333 0.27 0)
(0.4383333333 0.28 0)
(0.4383333333 0.29 0)
(0.4383333333 0.3 0)
(0.4383333333 0.31 0)
(0.4383333333 0.32 0)
(0.4383333333 0.33 0)
(0.4383333333 0.34 0)
(0.4383333333 0.35 0)
(0.4383333333 0.36 0)
(0.4383333333 0.37 0)
(0.4383333333 0.38 0)
(0.4383333333 0.39 0)
(0.4383333333 0.4 0)
(0.4383333333 0.41 0)
(0.4383333333 0.42 0)
(0.4383333333 0.43 0)
(0.4383333333 0.44 0)
(0.4383333333 0.45 0)
(0.4383333332 0.46 0)
(0.4383333332 0.47 0)
(0.4383333332 0.48 0)
(0.4383333332 0.49 0)
(0.4475 0.21 0)
(0.4475 0.2 0)
(0.4475 0.22 0)
(0.4475 0.23 0)
(0.4475 0.24 0)
(0.4475 0.25 0)
(0.4475 0.26 0)
(0.4475 0.27 0)
(0.4475 0.28 0)
(0.4475 0.29 0)
(0.4475 0.3 0)
(0.4475 0.31 0)
(0.4475 0.32 0)
(0.4475 0.33 0)
(0.4475 0.34 0)
(0.4475 0.35 0)
(0.4475 0.36 0)
(0.4475 0.37 0)
(0.4475 0.38 0)
(0.4475 0.39 0)
(0.4475 0.4 0)
(0.4475 0.41 0)
(0.4475 0.42 0)
(0.4475 0.43 0)
(0.4475 0.44 0)
(0.4475 0.45 0)
(0.4475 0.46 0)
(0.4475 0.47 0)
(0.4475 0.48 0)
(0.4475 0.49 0)
(0.4566666667 0.21 0)
(0.4566666667 0.2 0)
(0.4566666667 0.22 0)
(0.4566666667 0.23 0)
(0.4566666667 0.24 0)
(0.4566666667 0.25 0)
(0.4566666667 0.26 0)
(0.4566666667 0.27 0)
(0.4566666667 0.28 0)
(0.4566666667 0.29 0)
(0.4566666667 0.3 0)
(0.4566666667 0.31 0)
(0.4566666667 0.32 0)
(0.4566666667 0.33 0)
(0.4566666667 0.34 0)
(0.4566666667 0.35 0)
(0.4566666667 0.36 0)
(0.4566666667 0.37 0)
(0.4566666667 0.38 0)
(0.4566666667 0.39 0)
(0.4566666667 0.4 0)
(0.4566666667 0.41 0)
(0.4566666667 0.42 0)
(0.4566666667 0.43 0)
(0.4566666667 0.44 0)
(0.4566666667 0.45 0)
(0.4566666667 0.46 0)
(0.4566666667 0.47 0)
(0.4566666667 0.48 0)
(0.4566666667 0.49 0)
(0.4566666667 0.5 0)
(0.4566666667 0.51 0)
(0.4566666667 0.52 0)
(0.4566666667 0.53 0)
(0.4566666667 0.54 0)
(0.4658333333 0.21 0)
(0.4658333333 0.2 0)
(0.4658333333 0.22 0)
(0.4658333333 0.23 0)
(0.4658333333 0.24 0)
(0.4658333333 0.25 0)
(0.4658333333 0.26 0)
(0.4658333333 0.27 0)
(0.4658333333 0.28 0)
(0.4658333333 0.29 0)
(0.4658333333 0.3 0)
(0.4658333333 0.31 0)
(0.4658333333 0.32 0)
(0.4658333333 0.33 0)
(0.4658333333 0.34 0)
(0.4658333333 0.35 0)
(0.4658333333 0.36 0)
(0.4658333333 0.37 0)
(0.4658333333 0.38 0)
(0.4658333333 0.39 0)
(0.4658333333 0.4 0)
(0.4658333333 0.41 0)
(0.4658333333 0.42 0)
(0.4658333333 0.43 0)
(0.4658333333 0.44 0)
(0.4658333333 0.45 0)
(0.4658333333 0.46 0)
(0.4658333333 0.47 0)
(0.4658333333 0.48 0)
(0.4658333333 0.49 0)
(0.4658333333 0.5 0)
(0.4658333333 0.51 0)
(0.4658333333 0.52 0)
(0.4658333333 0.53 0)
(0.4658333333 0.54 0)
(0.475 0.21 0)
(0.475 0.2 0)
(0.475 0.22 0)
(0.475 0.23 0)
(0.475 0.24 0)
(0.475 0.25 0)
(0.475 0.26 0)
(0.475 0.27 0)
(0.475 0.28 0)
(0.475 0.29 0)
(0.475 0.3 0)
(0.475 0.31 0)
(0.475 0.32 0)
(0.475 0.33 0)
(0.475 0.34 0)
(0.475 0.35 0)
(0.475 0.36 0)
(0.475 0.37 0)
(0.475 0.38 0)
(0.475 0.39 0)
(0.475 0.4 0)
(0.475 0.41 0)
(0.475 0.42 0)
(0.475 0.43 0)
(0.475 0.44 0)
(0.475 0.45 0)
(0.475 0.46 0)
(0.475 0.47 0)
(0.475 0.48 0)
(0.475 0.49 0)
(0.475 0.5 0)
(0.475 0.51 0)
(0.475 0.52 0)
(0.475 0.53 0)
(0.475 0.54 0)
(0.4841666667 0.21 0)
(0.4841666667 0.2 0)
(0.4841666667 0.22 0)
(0.4841666667 0.23 0)
(0.4841666667 0.24 0)
(0.4841666667 0.25 0)
(0.4841666667 0.26 0)
(0.4841666667 0.27 0)
(0.4841666667 0.28 0)
(0.4841666667 0.29 0)
(0.4841666667 0.3 0)
(0.4841666667 0.31 0)
(0.4841666667 0.32 0)
(0.4841666667 0.33 0)
(0.4841666667 0.34 0)
(0.4841666667 0.35 0)
(0.4841666667 0.36 0)
(0.4841666667 0.37 0)
(0.4841666667 0.38 0)
(0.4841666667 0.39 0)
(0.4841666667 0.4 0)
(0.4841666667 0.41 0)
(0.4841666667 0.42 0)
(0.4841666667 0.43 0)
(0.4841666667 0.44 0)
(0.4841666667 0.45 0)
(0.4841666667 0.46 0)
(0.4841666667 0.47 0)
(0.4841666667 0.48 0)
(0.4841666667 0.49 0)
(0.4841666667 0.5 0)
(0.4841666667 0.51 0)
(0.4841666667 0.52 0)
(0.4841666667 0.53 0)
(0.4841666667 0.54 0)
(0.4933333333 0.21 0)
(0.4933333333 0.2 0)
(0.4933333333 0.22 0)
(0.4933333333 0.23 0)
(0.4933333333 0.24 0)
(0.4933333333 0.25 0)
(0.4933333333 0.26 0)
(0.4933333333 0.27 0)
(0.4933333333 0.28 0)
(0.4933333333 0.29 0)
(0.4933333333 0.3 0)
(0.4933333333 0.31 0)
(0.4933333333 0.32 0)
(0.4933333333 0.33 0)
(0.4933333333 0.34 0)
(0.4933333333 0.35 0)
(0.4933333333 0.36 0)
(0.4933333333 0.37 0)
(0.4933333333 0.38 0)
(0.4933333333 0.39 0)
(0.4933333333 0.4 0)
(0.4933333333 0.41 0)
(0.4933333333 0.42 0)
(0.4933333333 0.43 0)
(0.4933333333 0.44 0)
(0.4933333333 0.45 0)
(0.4933333333 0.46 0)
(0.4933333333 0.47 0)
(0.4933333333 0.48 0)
(0.4933333333 0.49 0)
(0.4933333333 0.5 0)
(0.4933333333 0.51 0)
(0.4933333333 0.52 0)
(0.4933333333 0.53 0)
(0.5025 0.21 0)
(0.5025 0.2 0)
(0.5025 0.22 0)
(0.5025 0.23 0)
(0.5025 0.24 0)
(0.5025 0.25 0)
(0.5025 0.26 0)
(0.5025 0.27 0)
(0.5025 0.28 0)
(0.5025 0.29 0)
(0.5025 0.3 0)
(0.5025 0.31 0)
(0.5025 0.32 0)
(0.5025 0.33 0)
(0.5025 0.34 0)
(0.5025 0.35 0)
(0.5025 0.36 0)
(0.5025 0.37 0)
(0.5025 0.38 0)
(0.5025 0.39 0)
(0.5025 0.4 0)
(0.5025 0.41 0)
(0.5025 0.42 0)
(0.5025 0.43 0)
(0.5025 0.44 0)
(0.5025 0.45 0)
(0.5025 0.46 0)
(0.5025 0.47 0)
(0.5025 0.48 0)
(0.5025 0.49 0)
(0.5025 0.5 0)
(0.5025 0.51 0)
(0.5025 0.52 0)
(0.5116666667 0.21 0)
(0.5116666667 0.2 0)
(0.5116666667 0.22 0)
(0.5116666667 0.23 0)
(0.5116666667 0.24 0)
(0.5116666667 0.25 0)
(0.5116666667 0.26 0)
(0.5116666667 0.27 0)
(0.5116666667 0.28 0)
(0.5116666667 0.29 0)
(0.5116666667 0.3 0)
(0.5116666667 0.31 0)
(0.5116666667 0.32 0)
(0.5116666667 0.33 0)
(0.5116666667 0.34 0)
(0.5116666667 0.35 0)
(0.5116666667 0.36 0)
(0.5116666667 0.37 0)
(0.5116666667 0.38 0)
(0.5116666667 0.39 0)
(0.5116666667 0.4 0)
(0.5116666667 0.41 0)
(0.5116666667 0.42 0)
(0.5116666667 0.43 0)
(0.5116666667 0.44 0)
(0.5116666667 0.45 0)
(0.5116666667 0.46 0)
(0.5116666667 0.47 0)
(0.5116666667 0.48 0)
(0.5116666667 0.49 0)
(0.5116666667 0.5 0)
(0.5116666667 0.51 0)
(0.5116666667 0.52 0)
(0.5208333333 0.21 0)
(0.5208333333 0.2 0)
(0.5208333333 0.22 0)
(0.5208333333 0.23 0)
(0.5208333333 0.24 0)
(0.5208333333 0.25 0)
(0.5208333333 0.26 0)
(0.5208333333 0.27 0)
(0.5208333333 0.28 0)
(0.5208333333 0.29 0)
(0.5208333333 0.3 0)
(0.5208333333 0.31 0)
(0.5208333333 0.32 0)
(0.5208333333 0.33 0)
(0.5208333333 0.34 0)
(0.5208333333 0.35 0)
(0.5208333333 0.36 0)
(0.5208333333 0.37 0)
(0.5208333333 0.38 0)
(0.5208333333 0.39 0)
(0.5208333333 0.4 0)
(0.5208333333 0.41 0)
(0.5208333333 0.42 0)
(0.5208333333 0.43 0)
(0.5208333333 0.44 0)
(0.5208333333 0.45 0)
(0.5208333333 0.46 0)
(0.5208333333 0.47 0)
(0.5208333333 0.48 0)
(0.5208333333 0.49 0)
(0.5208333333 0.5 0)
(0.5208333333 0.51 0)
(0.5208333333 0.52 0)
(0.53 0.21 0)
(0.53 0.2 0)
(0.53 0.22 0)
(0.53 0.23 0)
(0.53 0.24 0)
(0.53 0.25 0)
(0.53 0.26 0)
(0.53 0.27 0)
(0.53 0.28 0)
(0.53 0.29 0)
(0.53 0.3 0)
(0.53 0.31 0)
(0.53 0.32 0)
(0.53 0.33 0)
(0.53 0.34 0)
(0.53 0.35 0)
(0.53 0.36 0)
(0.53 0.37 0)
(0.53 0.38 0)
(0.53 0.39 0)
(0.53 0.4 0)
(0.53 0.41 0)
(0.53 0.42 0)
(0.53 0.43 0)
(0.53 0.44 0)
(0.53 0.45 0)
(0.53 0.46 0)
(0.53 0.47 0)
(0.53 0.48 0)
(0.53 0.49 0)
(0.53 0.5 0)
(0.53 0.51 0)
(0.5391666667 0.21 0)
(0.5391666667 0.2 0)
(0.5391666667 0.22 0)
(0.5391666667 0.23 0)
(0.5391666667 0.24 0)
(0.5391666667 0.25 0)
(0.5391666667 0.26 0)
(0.5391666667 0.27 0)
(0.5391666667 0.28 0)
(0.5391666667 0.29 0)
(0.5391666667 0.3 0)
(0.5391666667 0.31 0)
(0.5391666667 0.32 0)
(0.5391666667 0.33 0)
(0.5391666667 0.34 0)
(0.5391666667 0.35 0)
(0.5391666667 0.36 0)
(0.5391666667 0.37 0)
(0.5391666667 0.38 0)
(0.5391666667 0.39 0)
(0.5391666667 0.4 0)
(0.5391666667 0.41 0)
(0.5391666667 0.42 0)
(0.5391666667 0.43 0)
(0.5391666667 0.44 0)
(0.5391666667 0.45 0)
(0.5391666667 0.46 0)
(0.5391666667 0.47 0)
(0.5391666667 0.48 0)
(0.5391666667 0.49 0)
(0.5391666667 0.5 0)
(0.5391666667 0.51 0)
(0.5483333333 0.21 0)
(0.5483333333 0.2 0)
(0.5483333333 0.22 0)
(0.5483333333 0.23 0)
(0.5483333333 0.24 0)
(0.5483333333 0.25 0)
(0.5483333333 0.26 0)
(0.5483333333 0.27 0)
(0.5483333333 0.28 0)
(0.5483333333 0.29 0)
(0.5483333333 0.3 0)
(0.5483333333 0.31 0)
(0.5483333333 0.32 0)
(0.5483333333 0.33 0)
(0.5483333333 0.34 0)
(0.5483333333 0.35 0)
(0.5483333333 0.36 0)
(0.5483333333 0.37 0)
(0.5483333333 0.38 0)
(0.5483333333 0.39 0)
(0.5483333333 0.4 0)
(0.5483333333 0.41 0)
(0.5483333333 0.42 0)
(0.5483333333 0.43 0)
(0.5483333333 0.44 0)
(0.5483333333 0.45 0)
(0.5483333333 0.46 0)
(0.5483333333 0.47 0)
(0.5483333333 0.48 0)
(0.5483333333 0.49 0)
(0.5483333333 0.5 0)
(0.5483333333 0.51 0)
(0.5575 0.21 0)
(0.5575 0.2 0)
(0.5575 0.22 0)
(0.5575 0.23 0)
(0.5575 0.24 0)
(0.5575 0.25 0)
(0.5575 0.26 0)
(0.5575 0.27 0)
(0.5575 0.28 0)
(0.5575 0.29 0)
(0.5575 0.3 0)
(0.5575 0.31 0)
(0.5575 0.32 0)
(0.5575 0.33 0)
(0.5575 0.34 0)
(0.5575 0.35 0)
(0.5575 0.36 0)
(0.5575 0.37 0)
(0.5575 0.38 0)
(0.5575 0.39 0)
(0.5575 0.4 0)
(0.5575 0.41 0)
(0.5575 0.42 0)
(0.5575 0.43 0)
(0.5575 0.44 0)
(0.5575 0.45 0)
(0.5575 0.46 0)
(0.5575 0.47 0)
(0.5575 0.48 0)
(0.5575 0.49 0)
(0.5575 0.5 0)
(0.5575 0.51 0)
(0.5666666667 0.21 0)
(0.5666666667 0.2 0)
(0.5666666667 0.22 0)
(0.5666666667 0.23 0)
(0.5666666667 0.24 0)
(0.5666666667 0.25 0)
(0.5666666667 0.26 0)
(0.5666666667 0.27 0)
(0.5666666667 0.28 0)
(0.5666666667 0.29 0)
(0.5666666667 0.3 0)
(0.5666666667 0.31 0)
(0.5666666667 0.32 0)
(0.5666666667 0.33 0)
(0.5666666667 0.34 0)
(0.5666666667 0.35 0)
(0.5666666667 0.36 0)
(0.5666666667 0.37 0)
(0.5666666667 0.38 0)
(0.5666666667 0.39 0)
(0.5666666667 0.4 0)
(0.5666666667 0.41 0)
(0.5666666667 0.42 0)
(0.5666666667 0.43 0)
(0.5666666667 0.44 0)
(0.5666666667 0.45 0)
(0.5666666667 0.46 0)
(0.5666666667 0.47 0)
(0.5666666667 0.48 0)
(0.5666666667 0.49 0)
(0.5666666667 0.5 0)
(0.5666666667 0.51 0)
(0.5758333333 0.21 0)
(0.5758333333 0.2 0)
(0.5758333333 0.22 0)
(0.5758333333 0.23 0)
(0.5758333333 0.24 0)
(0.5758333333 0.25 0)
(0.5758333333 0.26 0)
(0.5758333333 0.27 0)
(0.5758333333 0.28 0)
(0.5758333333 0.29 0)
(0.5758333333 0.3 0)
(0.5758333333 0.31 0)
(0.5758333333 0.32 0)
(0.5758333333 0.33 0)
(0.5758333333 0.34 0)
(0.5758333333 0.35 0)
(0.5758333333 0.36 0)
(0.5758333333 0.37 0)
(0.5758333333 0.38 0)
(0.5758333333 0.39 0)
(0.5758333333 0.4 0)
(0.5758333333 0.41 0)
(0.5758333333 0.42 0)
(0.5758333333 0.43 0)
(0.5758333333 0.44 0)
(0.5758333333 0.45 0)
(0.5758333333 0.46 0)
(0.5758333333 0.47 0)
(0.5758333333 0.48 0)
(0.5758333333 0.49 0)
(0.5758333333 0.5 0)
(0.5758333333 0.51 0)
(0.585 0.21 0)
(0.585 0.2 0)
(0.585 0.22 0)
(0.585 0.23 0)
(0.585 0.24 0)
(0.585 0.25 0)
(0.585 0.26 0)
(0.585 0.27 0)
(0.585 0.28 0)
(0.585 0.29 0)
(0.585 0.3 0)
(0.585 0.31 0)
(0.585 0.32 0)
(0.585 0.33 0)
(0.585 0.34 0)
(0.585 0.35 0)
(0.585 0.36 0)
(0.585 0.37 0)
(0.585 0.38 0)
(0.585 0.39 0)
(0.585 0.4 0)
(0.585 0.41 0)
(0.585 0.42 0)
(0.585 0.43 0)
(0.585 0.44 0)
(0.585 0.45 0)
(0.585 0.46 0)
(0.585 0.47 0)
(0.585 0.48 0)
(0.585 0.49 0)
(0.585 0.5 0)
(0.585 0.51 0)
(0.5941666667 0.21 0)
(0.5941666667 0.2 0)
(0.5941666667 0.22 0)
(0.5941666667 0.23 0)
(0.5941666667 0.24 0)
(0.5941666667 0.25 0)
(0.5941666667 0.26 0)
(0.5941666667 0.27 0)
(0.5941666667 0.28 0)
(0.5941666667 0.29 0)
(0.5941666667 0.3 0)
(0.5941666667 0.31 0)
(0.5941666667 0.32 0)
(0.5941666667 0.33 0)
(0.5941666667 0.34 0)
(0.5941666667 0.35 0)
(0.5941666667 0.36 0)
(0.5941666667 0.37 0)
(0.5941666667 0.38 0)
(0.5941666667 0.39 0)
(0.5941666667 0.4 0)
(0.5941666667 0.41 0)
(0.5941666667 0.42 0)
(0.5941666667 0.43 0)
(0.5941666667 0.44 0)
(0.5941666667 0.45 0)
(0.5941666667 0.46 0)
(0.5941666667 0.47 0)
(0.5941666667 0.48 0)
(0.5941666667 0.49 0)
(0.5941666667 0.5 0)
(0.5941666667 0.51 0)
(0.6033333333 0.21 0)
(0.6033333333 0.2 0)
(0.6033333333 0.22 0)
(0.6033333333 0.23 0)
(0.6033333333 0.24 0)
(0.6033333333 0.25 0)
(0.6033333333 0.26 0)
(0.6033333333 0.27 0)
(0.6033333333 0.28 0)
(0.6033333333 0.29 0)
(0.6033333333 0.3 0)
(0.6033333333 0.31 0)
(0.6033333333 0.32 0)
(0.6033333333 0.33 0)
(0.6033333333 0.34 0)
(0.6033333333 0.35 0)
(0.6033333333 0.36 0)
(0.6033333333 0.37 0)
(0.6033333333 0.38 0)
(0.6033333333 0.39 0)
(0.6033333333 0.4 0)
(0.6033333333 0.41 0)
(0.6033333333 0.42 0)
(0.6033333333 0.43 0)
(0.6033333333 0.44 0)
(0.6033333333 0.45 0)
(0.6033333333 0.46 0)
(0.6033333333 0.47 0)
(0.6033333333 0.48 0)
(0.6033333333 0.49 0)
(0.6033333333 0.5 0)
(0.6033333333 0.51 0)
(0.6125 0.21 0)
(0.6125 0.2 0)
(0.6125 0.22 0)
(0.6125 0.23 0)
(0.6125 0.24 0)
(0.6125 0.25 0)
(0.6125 0.26 0)
(0.6125 0.27 0)
(0.6125 0.28 0)
(0.6125 0.29 0)
(0.6125 0.3 0)
(0.6125 0.31 0)
(0.6125 0.32 0)
(0.6125 0.33 0)
(0.6125 0.34 0)
(0.6125 0.35 0)
(0.6125 0.36 0)
(0.6125 0.37 0)
(0.6125 0.38 0)
(0.6125 0.39 0)
(0.6125 0.4 0)
(0.6125 0.41 0)
(0.6125 0.42 0)
(0.6125 0.43 0)
(0.6125 0.44 0)
(0.6125 0.45 0)
(0.6125 0.46 0)
(0.6125 0.47 0)
(0.6125 0.48 0)
(0.6125 0.49 0)
(0.6125 0.5 0)
(0.6125 0.51 0)
(0.6216666667 0.21 0)
(0.6216666667 0.2 0)
(0.6216666667 0.22 0)
(0.6216666667 0.23 0)
(0.6216666667 0.24 0)
(0.6216666667 0.25 0)
(0.6216666667 0.26 0)
(0.6216666667 0.27 0)
(0.6216666667 0.28 0)
(0.6216666667 0.29 0)
(0.6216666667 0.3 0)
(0.6216666667 0.31 0)
(0.6216666667 0.32 0)
(0.6216666667 0.33 0)
(0.6216666667 0.34 0)
(0.6216666667 0.35 0)
(0.6216666667 0.36 0)
(0.6216666667 0.37 0)
(0.6216666667 0.38 0)
(0.6216666667 0.39 0)
(0.6216666667 0.4 0)
(0.6216666667 0.41 0)
(0.6216666667 0.42 0)
(0.6216666667 0.43 0)
(0.6216666667 0.44 0)
(0.6216666667 0.45 0)
(0.6216666667 0.46 0)
(0.6216666667 0.47 0)
(0.6216666667 0.48 0)
(0.6216666667 0.49 0)
(0.6216666667 0.5 0)
(0.6216666667 0.51 0)
(0.6308333333 0.21 0)
(0.6308333333 0.2 0)
(0.6308333333 0.22 0)
(0.6308333333 0.23 0)
(0.6308333333 0.24 0)
(0.6308333333 0.25 0)
(0.6308333333 0.26 0)
(0.6308333333 0.27 0)
(0.6308333333 0.28 0)
(0.6308333333 0.29 0)
(0.6308333333 0.3 0)
(0.6308333333 0.31 0)
(0.6308333333 0.32 0)
(0.6308333333 0.33 0)
(0.6308333333 0.34 0)
(0.6308333333 0.35 0)
(0.6308333333 0.36 0)
(0.6308333333 0.37 0)
(0.6308333333 0.38 0)
(0.6308333333 0.39 0)
(0.6308333333 0.4 0)
(0.6308333333 0.41 0)
(0.6308333333 0.42 0)
(0.6308333333 0.43 0)
(0.6308333333 0.44 0)
(0.6308333333 0.45 0)
(0.6308333333 0.46 0)
(0.6308333333 0.47 0)
(0.6308333333 0.48 0)
(0.6308333333 0.49 0)
(0.6308333333 0.5 0)
(0.6308333333 0.51 0)
(0.64 0.21 0)
(0.64 0.2 0)
(0.64 0.22 0)
(0.64 0.23 0)
(0.64 0.24 0)
(0.64 0.25 0)
(0.64 0.26 0)
(0.64 0.27 0)
(0.64 0.28 0)
(0.64 0.29 0)
(0.64 0.3 0)
(0.64 0.31 0)
(0.64 0.32 0)
(0.64 0.33 0)
(0.64 0.34 0)
(0.64 0.35 0)
(0.64 0.36 0)
(0.64 0.37 0)
(0.64 0.38 0)
(0.64 0.39 0)
(0.64 0.4 0)
(0.64 0.41 0)
(0.64 0.42 0)
(0.64 0.43 0)
(0.64 0.44 0)
(0.64 0.45 0)
(0.64 0.46 0)
(0.64 0.47 0)
(0.64 0.48 0)
(0.64 0.49 0)
(0.64 0.5 0)
(0.64 0.51 0)
(0.6491666667 0.21 0)
(0.6491666667 0.2 0)
(0.6491666667 0.22 0)
(0.6491666667 0.23 0)
(0.6491666667 0.24 0)
(0.6491666667 0.25 0)
(0.6491666667 0.26 0)
(0.6491666667 0.27 0)
(0.6491666667 0.28 0)
(0.6491666667 0.29 0)
(0.6491666667 0.3 0)
(0.6491666667 0.31 0)
(0.6491666667 0.32 0)
(0.6491666667 0.33 0)
(0.6491666667 0.34 0)
(0.6491666667 0.35 0)
(0.6491666667 0.36 0)
(0.6491666667 0.37 0)
(0.6491666667 0.38 0)
(0.6491666667 0.39 0)
(0.6491666667 0.4 0)
(0.6491666667 0.41 0)
(0.6491666667 0.42 0)
(0.6491666667 0.43 0)
(0.6491666667 0.44 0)
(0.6491666667 0.45 0)
(0.6491666667 0.46 0)
(0.6491666667 0.47 0)
(0.6491666667 0.48 0)
(0.6491666667 0.49 0)
(0.6491666667 0.5 0)
(0.6491666667 0.51 0)
(0.6583333333 0.21 0)
(0.6583333333 0.2 0)
(0.6583333333 0.22 0)
(0.6583333333 0.23 0)
(0.6583333333 0.24 0)
(0.6583333333 0.25 0)
(0.6583333333 0.26 0)
(0.6583333333 0.27 0)
(0.6583333333 0.28 0)
(0.6583333333 0.29 0)
(0.6583333333 0.3 0)
(0.6583333333 0.31 0)
(0.6583333333 0.32 0)
(0.6583333333 0.33 0)
(0.6583333333 0.34 0)
(0.6583333333 0.35 0)
(0.6583333333 0.36 0)
(0.6583333333 0.37 0)
(0.6583333333 0.38 0)
(0.6583333333 0.39 0)
(0.6583333333 0.4 0)
(0.6583333333 0.41 0)
(0.6583333333 0.42 0)
(0.6583333333 0.43 0)
(0.6583333333 0.44 0)
(0.6583333333 0.45 0)
(0.6583333333 0.46 0)
(0.6583333333 0.47 0)
(0.6583333333 0.48 0)
(0.6583333333 0.49 0)
(0.6583333333 0.5 0)
(0.6583333333 0.51 0)
(0.6675 0.21 0)
(0.6675 0.2 0)
(0.6675 0.22 0)
(0.6675 0.23 0)
(0.6675 0.24 0)
(0.6675 0.25 0)
(0.6675 0.26 0)
(0.6675 0.27 0)
(0.6675 0.28 0)
(0.6675 0.29 0)
(0.6675 0.3 0)
(0.6675 0.31 0)
(0.6675 0.32 0)
(0.6675 0.33 0)
(0.6675 0.34 0)
(0.6675 0.35 0)
(0.6675 0.36 0)
(0.6675 0.37 0)
(0.6675 0.38 0)
(0.6675 0.39 0)
(0.6675 0.4 0)
(0.6675 0.41 0)
(0.6675 0.42 0)
(0.6675 0.43 0)
(0.6675 0.44 0)
(0.6675 0.45 0)
(0.6675 0.46 0)
(0.6675 0.47 0)
(0.6675 0.48 0)
(0.6675 0.49 0)
(0.6675 0.5 0)
(0.6675 0.51 0)
(0.6766666667 0.21 0)
(0.6766666667 0.2 0)
(0.6766666667 0.22 0)
(0.6766666667 0.23 0)
(0.6766666667 0.24 0)
(0.6766666667 0.25 0)
(0.6766666667 0.26 0)
(0.6766666667 0.27 0)
(0.6766666667 0.28 0)
(0.6766666667 0.29 0)
(0.6766666667 0.3 0)
(0.6766666667 0.31 0)
(0.6766666667 0.32 0)
(0.6766666667 0.33 0)
(0.6766666667 0.34 0)
(0.6766666667 0.35 0)
(0.6766666667 0.36 0)
(0.6766666667 0.37 0)
(0.6766666667 0.38 0)
(0.6766666667 0.39 0)
(0.6766666667 0.4 0)
(0.6766666667 0.41 0)
(0.6766666667 0.42 0)
(0.6766666667 0.43 0)
(0.6766666667 0.44 0)
(0.6766666667 0.45 0)
(0.6766666667 0.46 0)
(0.6766666667 0.47 0)
(0.6766666667 0.48 0)
(0.6766666667 0.49 0)
(0.6766666667 0.5 0)
(0.6766666667 0.51 0)
(0.6858333333 0.21 0)
(0.6858333333 0.2 0)
(0.6858333333 0.22 0)
(0.6858333333 0.23 0)
(0.6858333333 0.24 0)
(0.6858333333 0.25 0)
(0.6858333333 0.26 0)
(0.6858333333 0.27 0)
(0.6858333333 0.28 0)
(0.6858333333 0.29 0)
(0.6858333333 0.3 0)
(0.6858333333 0.31 0)
(0.6858333333 0.32 0)
(0.6858333333 0.33 0)
(0.6858333333 0.34 0)
(0.6858333333 0.35 0)
(0.6858333333 0.36 0)
(0.6858333333 0.37 0)
(0.6858333333 0.38 0)
(0.6858333333 0.39 0)
(0.6858333333 0.4 0)
(0.6858333333 0.41 0)
(0.6858333333 0.42 0)
(0.6858333333 0.43 0)
(0.6858333333 0.44 0)
(0.6858333333 0.45 0)
(0.6858333333 0.46 0)
(0.6858333333 0.47 0)
(0.6858333333 0.48 0)
(0.6858333333 0.49 0)
(0.6858333333 0.5 0)
(0.6858333333 0.51 0)
(0.695 0.21 0)
(0.695 0.2 0)
(0.695 0.22 0)
(0.695 0.23 0)
(0.695 0.24 0)
(0.695 0.25 0)
(0.695 0.26 0)
(0.695 0.27 0)
(0.695 0.28 0)
(0.695 0.29 0)
(0.695 0.3 0)
(0.695 0.31 0)
(0.695 0.32 0)
(0.695 0.33 0)
(0.695 0.34 0)
(0.695 0.35 0)
(0.695 0.36 0)
(0.695 0.37 0)
(0.695 0.38 0)
(0.695 0.39 0)
(0.695 0.4 0)
(0.695 0.41 0)
(0.695 0.42 0)
(0.695 0.43 0)
(0.695 0.44 0)
(0.695 0.45 0)
(0.695 0.46 0)
(0.695 0.47 0)
(0.695 0.48 0)
(0.695 0.49 0)
(0.695 0.5 0)
(0.695 0.51 0)
(0.7041666667 0.21 0)
(0.7041666667 0.2 0)
(0.7041666667 0.22 0)
(0.7041666667 0.23 0)
(0.7041666667 0.24 0)
(0.7041666667 0.25 0)
(0.7041666667 0.26 0)
(0.7041666667 0.27 0)
(0.7041666667 0.28 0)
(0.7041666667 0.29 0)
(0.7041666667 0.3 0)
(0.7041666667 0.31 0)
(0.7041666667 0.32 0)
(0.7041666667 0.33 0)
(0.7041666667 0.34 0)
(0.7041666667 0.35 0)
(0.7041666667 0.36 0)
(0.7041666667 0.37 0)
(0.7041666667 0.38 0)
(0.7041666667 0.39 0)
(0.7041666667 0.4 0)
(0.7041666667 0.41 0)
(0.7041666667 0.42 0)
(0.7041666667 0.43 0)
(0.7041666667 0.44 0)
(0.7041666667 0.45 0)
(0.7041666667 0.46 0)
(0.7041666667 0.47 0)
(0.7041666667 0.48 0)
(0.7041666667 0.49 0)
(0.7041666667 0.5 0)
(0.7041666667 0.51 0)
(0.7133333333 0.21 0)
(0.7133333333 0.2 0)
(0.7133333333 0.22 0)
(0.7133333333 0.23 0)
(0.7133333333 0.24 0)
(0.7133333333 0.25 0)
(0.7133333333 0.26 0)
(0.7133333333 0.27 0)
(0.7133333333 0.28 0)
(0.7133333333 0.29 0)
(0.7133333333 0.3 0)
(0.7133333333 0.31 0)
(0.7133333333 0.32 0)
(0.7133333333 0.33 0)
(0.7133333333 0.34 0)
(0.7133333333 0.35 0)
(0.7133333333 0.36 0)
(0.7133333333 0.37 0)
(0.7133333333 0.38 0)
(0.7133333333 0.39 0)
(0.7133333333 0.4 0)
(0.7133333333 0.41 0)
(0.7133333333 0.42 0)
(0.7133333333 0.43 0)
(0.7133333333 0.44 0)
(0.7133333333 0.45 0)
(0.7133333333 0.46 0)
(0.7133333333 0.47 0)
(0.7133333333 0.48 0)
(0.7133333333 0.49 0)
(0.7133333333 0.5 0)
(0.7133333333 0.51 0)
(0.7225 0.21 0)
(0.7225 0.2 0)
(0.7225 0.22 0)
(0.7225 0.23 0)
(0.7225 0.24 0)
(0.7225 0.25 0)
(0.7225 0.26 0)
(0.7225 0.27 0)
(0.7225 0.28 0)
(0.7225 0.29 0)
(0.7225 0.3 0)
(0.7225 0.31 0)
(0.7225 0.32 0)
(0.7225 0.33 0)
(0.7225 0.34 0)
(0.7225 0.35 0)
(0.7225 0.36 0)
(0.7225 0.37 0)
(0.7225 0.38 0)
(0.7225 0.39 0)
(0.7225 0.4 0)
(0.7225 0.41 0)
(0.7225 0.42 0)
(0.7225 0.43 0)
(0.7225 0.44 0)
(0.7225 0.45 0)
(0.7225 0.46 0)
(0.7225 0.47 0)
(0.7225 0.48 0)
(0.7225 0.49 0)
(0.7225 0.5 0)
(0.7225 0.51 0)
(0.7316666667 0.21 0)
(0.7316666667 0.2 0)
(0.7316666667 0.22 0)
(0.7316666667 0.23 0)
(0.7316666667 0.24 0)
(0.7316666667 0.25 0)
(0.7316666667 0.26 0)
(0.7316666667 0.27 0)
(0.7316666667 0.28 0)
(0.7316666667 0.29 0)
(0.7316666667 0.3 0)
(0.7316666667 0.31 0)
(0.7316666667 0.32 0)
(0.7316666667 0.33 0)
(0.7316666667 0.34 0)
(0.7316666667 0.35 0)
(0.7316666667 0.36 0)
(0.7316666667 0.37 0)
(0.7316666667 0.38 0)
(0.7316666667 0.39 0)
(0.7316666667 0.4 0)
(0.7316666667 0.41 0)
(0.7316666667 0.42 0)
(0.7316666667 0.43 0)
(0.7316666667 0.44 0)
(0.7316666667 0.45 0)
(0.7316666667 0.46 0)
(0.7316666667 0.47 0)
(0.7316666667 0.48 0)
(0.7316666667 0.49 0)
(0.7316666667 0.5 0)
(0.7316666667 0.51 0)
(0.7408333333 0.21 0)
(0.7408333333 0.2 0)
(0.7408333333 0.22 0)
(0.7408333333 0.23 0)
(0.7408333333 0.24 0)
(0.7408333333 0.25 0)
(0.7408333333 0.26 0)
(0.7408333333 0.27 0)
(0.7408333333 0.28 0)
(0.7408333333 0.29 0)
(0.7408333333 0.3 0)
(0.7408333333 0.31 0)
(0.7408333333 0.32 0)
(0.7408333333 0.33 0)
(0.7408333333 0.34 0)
(0.7408333333 0.35 0)
(0.7408333333 0.36 0)
(0.7408333333 0.37 0)
(0.7408333333 0.38 0)
(0.7408333333 0.39 0)
(0.7408333333 0.4 0)
(0.7408333333 0.41 0)
(0.7408333333 0.42 0)
(0.7408333333 0.43 0)
(0.7408333333 0.44 0)
(0.7408333333 0.45 0)
(0.7408333333 0.46 0)
(0.7408333333 0.47 0)
(0.7408333333 0.48 0)
(0.7408333333 0.49 0)
(0.7408333333 0.5 0)
(0.7408333333 0.51 0)
(0.75 0.21 0)
(0.75 0.2 0)
(0.75 0.22 0)
(0.75 0.23 0)
(0.75 0.24 0)
(0.75 0.25 0)
(0.75 0.26 0)
(0.75 0.27 0)
(0.75 0.28 0)
(0.75 0.29 0)
(0.75 0.3 0)
(0.75 0.31 0)
(0.75 0.32 0)
(0.75 0.33 0)
(0.75 0.34 0)
(0.75 0.35 0)
(0.75 0.36 0)
(0.75 0.37 0)
(0.75 0.38 0)
(0.75 0.39 0)
(0.75 0.4 0)
(0.75 0.41 0)
(0.75 0.42 0)
(0.75 0.43 0)
(0.75 0.44 0)
(0.75 0.45 0)
(0.75 0.46 0)
(0.75 0.47 0)
(0.75 0.48 0)
(0.75 0.49 0)
(0.75 0.5 0)
(0.75 0.51 0)
(0.31 0.21 -0.001)
(0.31 0.2 -0.001)
(0.31 0.22 -0.001)
(0.31 0.23 -0.001)
(0.31 0.24 -0.001)
(0.31 0.25 -0.001)
(0.31 0.26 -0.001)
(0.31 0.27 -0.001)
(0.3191666667 0.21 -0.001)
(0.3191666667 0.2 -0.001)
(0.3191666667 0.22 -0.001)
(0.3191666667 0.23 -0.001)
(0.3191666667 0.24 -0.001)
(0.3191666667 0.25 -0.001)
(0.3191666667 0.26 -0.001)
(0.3191666667 0.27 -0.001)
(0.3191666667 0.28 -0.001)
(0.3191666667 0.29 -0.001)
(0.3191666667 0.3 -0.001)
(0.3191666667 0.31 -0.001)
(0.3283333333 0.21 -0.001)
(0.3283333333 0.2 -0.001)
(0.3283333333 0.22 -0.001)
(0.3283333333 0.23 -0.001)
(0.3283333333 0.24 -0.001)
(0.3283333333 0.25 -0.001)
(0.3283333333 0.26 -0.001)
(0.3283333333 0.27 -0.001)
(0.3283333333 0.28 -0.001)
(0.3283333333 0.29 -0.001)
(0.3283333333 0.3 -0.001)
(0.3283333333 0.31 -0.001)
(0.3283333333 0.32 -0.001)
(0.3283333333 0.33 -0.001)
(0.3375 0.21 -0.001)
(0.3375 0.2 -0.001)
(0.3375 0.22 -0.001)
(0.3375 0.23 -0.001)
(0.3375 0.24 -0.001)
(0.3375 0.25 -0.001)
(0.3375 0.26 -0.001)
(0.3375 0.27 -0.001)
(0.3375 0.28 -0.001)
(0.3375 0.29 -0.001)
(0.3375 0.3 -0.001)
(0.3375 0.31 -0.001)
(0.3375 0.32 -0.001)
(0.3375 0.33 -0.001)
(0.3375 0.34 -0.001)
(0.3375 0.35 -0.001)
(0.3375 0.36 -0.001)
(0.3375 0.37 -0.001)
(0.3466666667 0.21 -0.001)
(0.3466666667 0.2 -0.001)
(0.3466666667 0.22 -0.001)
(0.3466666667 0.23 -0.001)
(0.3466666667 0.24 -0.001)
(0.3466666667 0.25 -0.001)
(0.3466666667 0.26 -0.001)
(0.3466666667 0.27 -0.001)
(0.3466666667 0.28 -0.001)
(0.3466666667 0.29 -0.001)
(0.3466666667 0.3 -0.001)
(0.3466666667 0.31 -0.001)
(0.3466666667 0.32 -0.001)
(0.3466666667 0.33 -0.001)
(0.3466666667 0.34 -0.001)
(0.3466666667 0.35 -0.001)
(0.3466666667 0.36 -0.001)
(0.3466666667 0.37 -0.001)
(0.3466666667 0.38 -0.001)
(0.3466666667 0.39 -0.001)
(0.3558333333 0.21 -0.001)
(0.3558333333 0.2 -0.001)
(0.3558333333 0.22 -0.001)
(0.3558333333 0.23 -0.001)
(0.3558333333 0.24 -0.001)
(0.3558333333 0.25 -0.001)
(0.3558333333 0.26 -0.001)
(0.3558333333 0.27 -0.001)
(0.3558333333 0.28 -0.001)
(0.3558333333 0.29 -0.001)
(0.3558333333 0.3 -0.001)
(0.3558333333 0.31 -0.001)
(0.3558333333 0.32 -0.001)
(0.3558333333 0.33 -0.001)
(0.3558333333 0.34 -0.001)
(0.3558333333 0.35 -0.001)
(0.3558333333 0.36 -0.001)
(0.3558333333 0.37 -0.001)
(0.3558333333 0.38 -0.001)
(0.3558333333 0.39 -0.001)
(0.3558333333 0.4 -0.001)
(0.3558333333 0.41 -0.001)
(0.3558333333 0.42 -0.001)
(0.3558333333 0.43 -0.001)
(0.365 0.21 -0.001)
(0.365 0.2 -0.001)
(0.365 0.22 -0.001)
(0.365 0.23 -0.001)
(0.365 0.24 -0.001)
(0.365 0.25 -0.001)
(0.365 0.26 -0.001)
(0.365 0.27 -0.001)
(0.365 0.28 -0.001)
(0.365 0.29 -0.001)
(0.365 0.3 -0.001)
(0.365 0.31 -0.001)
(0.365 0.32 -0.001)
(0.365 0.33 -0.001)
(0.365 0.34 -0.001)
(0.365 0.35 -0.001)
(0.365 0.36 -0.001)
(0.365 0.37 -0.001)
(0.365 0.38 -0.001)
(0.365 0.39 -0.001)
(0.365 0.4 -0.001)
(0.365 0.41 -0.001)
(0.365 0.42 -0.001)
(0.365 0.43 -0.001)
(0.365 0.44 -0.001)
(0.3649999999 0.45 -0.001)
(0.3741666667 0.21 -0.001)
(0.3741666667 0.2 -0.001)
(0.3741666667 0.22 -0.001)
(0.3741666667 0.23 -0.001)
(0.3741666667 0.24 -0.001)
(0.3741666667 0.25 -0.001)
(0.3741666667 0.26 -0.001)
(0.3741666667 0.27 -0.001)
(0.3741666667 0.28 -0.001)
(0.3741666667 0.29 -0.001)
(0.3741666667 0.3 -0.001)
(0.3741666667 0.31 -0.001)
(0.3741666667 0.32 -0.001)
(0.3741666667 0.33 -0.001)
(0.3741666667 0.34 -0.001)
(0.3741666667 0.35 -0.001)
(0.3741666667 0.36 -0.001)
(0.3741666667 0.37 -0.001)
(0.3741666667 0.38 -0.001)
(0.3741666667 0.39 -0.001)
(0.3741666667 0.4 -0.001)
(0.3741666667 0.41 -0.001)
(0.3741666667 0.42 -0.001)
(0.3741666667 0.43 -0.001)
(0.3741666666 0.44 -0.001)
(0.3741666666 0.45 -0.001)
(0.3741666666 0.46 -0.001)
(0.3833333333 0.21 -0.001)
(0.3833333333 0.2 -0.001)
(0.3833333333 0.22 -0.001)
(0.3833333333 0.23 -0.001)
(0.3833333333 0.24 -0.001)
(0.3833333333 0.25 -0.001)
(0.3833333333 0.26 -0.001)
(0.3833333333 0.27 -0.001)
(0.3833333333 0.28 -0.001)
(0.3833333333 0.29 -0.001)
(0.3833333333 0.3 -0.001)
(0.3833333333 0.31 -0.001)
(0.3833333333 0.32 -0.001)
(0.3833333333 0.33 -0.001)
(0.3833333333 0.34 -0.001)
(0.3833333333 0.35 -0.001)
(0.3833333333 0.36 -0.001)
(0.3833333333 0.37 -0.001)
(0.3833333333 0.38 -0.001)
(0.3833333333 0.39 -0.001)
(0.3833333333 0.4 -0.001)
(0.3833333333 0.41 -0.001)
(0.3833333333 0.42 -0.001)
(0.3833333333 0.43 -0.001)
(0.3833333332 0.44 -0.001)
(0.3833333332 0.45 -0.001)
(0.3833333332 0.46 -0.001)
(0.3925 0.21 -0.001)
(0.3925 0.2 -0.001)
(0.3925 0.22 -0.001)
(0.3925 0.23 -0.001)
(0.3925 0.24 -0.001)
(0.3925 0.25 -0.001)
(0.3925 0.26 -0.001)
(0.3925 0.27 -0.001)
(0.3925 0.28 -0.001)
(0.3925 0.29 -0.001)
(0.3925 0.3 -0.001)
(0.3925 0.31 -0.001)
(0.3925 0.32 -0.001)
(0.3925 0.33 -0.001)
(0.3925 0.34 -0.001)
(0.3925 0.35 -0.001)
(0.3925 0.36 -0.001)
(0.3925 0.37 -0.001)
(0.3925 0.38 -0.001)
(0.3925 0.39 -0.001)
(0.3925 0.4 -0.001)
(0.3925 0.41 -0.001)
(0.3925 0.42 -0.001)
(0.3925 0.43 -0.001)
(0.3924999999 0.44 -0.001)
(0.3924999999 0.45 -0.001)
(0.3924999999 0.46 -0.001)
(0.3924999999 0.47 -0.001)
(0.4016666667 0.21 -0.001)
(0.4016666667 0.2 -0.001)
(0.4016666667 0.22 -0.001)
(0.4016666667 0.23 -0.001)
(0.4016666667 0.24 -0.001)
(0.4016666667 0.25 -0.001)
(0.4016666667 0.26 -0.001)
(0.4016666667 0.27 -0.001)
(0.4016666667 0.28 -0.001)
(0.4016666667 0.29 -0.001)
(0.4016666667 0.3 -0.001)
(0.4016666667 0.31 -0.001)
(0.4016666667 0.32 -0.001)
(0.4016666667 0.33 -0.001)
(0.4016666667 0.34 -0.001)
(0.4016666667 0.35 -0.001)
(0.4016666667 0.36 -0.001)
(0.4016666667 0.37 -0.001)
(0.4016666667 0.38 -0.001)
(0.4016666667 0.39 -0.001)
(0.4016666667 0.4 -0.001)
(0.4016666667 0.41 -0.001)
(0.4016666667 0.42 -0.001)
(0.4016666667 0.43 -0.001)
(0.4016666666 0.44 -0.001)
(0.4016666666 0.45 -0.001)
(0.4016666666 0.46 -0.001)
(0.4016666666 0.47 -0.001)
(0.4108333333 0.21 -0.001)
(0.4108333333 0.2 -0.001)
(0.4108333333 0.22 -0.001)
(0.4108333333 0.23 -0.001)
(0.4108333333 0.24 -0.001)
(0.4108333333 0.25 -0.001)
(0.4108333333 0.26 -0.001)
(0.4108333333 0.27 -0.001)
(0.4108333333 0.28 -0.001)
(0.4108333333 0.29 -0.001)
(0.4108333333 0.3 -0.001)
(0.4108333333 0.31 -0.001)
(0.4108333333 0.32 -0.001)
(0.4108333333 0.33 -0.001)
(0.4108333333 0.34 -0.001)
(0.4108333333 0.35 -0.001)
(0.4108333333 0.36 -0.001)
(0.4108333333 0.37 -0.001)
(0.4108333333 0.38 -0.001)
(0.4108333333 0.39 -0.001)
(0.4108333333 0.4 -0.001)
(0.4108333333 0.41 -0.001)
(0.4108333333 0.42 -0.001)
(0.4108333333 0.43 -0.001)
(0.4108333332 0.44 -0.001)
(0.4108333332 0.45 -0.001)
(0.4108333332 0.46 -0.001)
(0.4108333332 0.47 -0.001)
(0.42 0.21 -0.001)
(0.42 0.2 -0.001)
(0.42 0.22 -0.001)
(0.42 0.23 -0.001)
(0.42 0.24 -0.001)
(0.42 0.25 -0.001)
(0.42 0.26 -0.001)
(0.42 0.27 -0.001)
(0.42 0.28 -0.001)
(0.42 0.29 -0.001)
(0.42 0.3 -0.001)
(0.42 0.31 -0.001)
(0.42 0.32 -0.001)
(0.42 0.33 -0.001)
(0.42 0.34 -0.001)
(0.42 0.35 -0.001)
(0.42 0.36 -0.001)
(0.42 0.37 -0.001)
(0.42 0.38 -0.001)
(0.42 0.39 -0.001)
(0.42 0.4 -0.001)
(0.42 0.41 -0.001)
(0.42 0.42 -0.001)
(0.42 0.43 -0.001)
(0.4199999999 0.44 -0.001)
(0.4199999999 0.45 -0.001)
(0.4199999999 0.46 -0.001)
(0.4199999999 0.47 -0.001)
(0.4199999999 0.48 -0.001)
(0.4291666667 0.21 -0.001)
(0.4291666667 0.2 -0.001)
(0.4291666667 0.22 -0.001)
(0.4291666667 0.23 -0.001)
(0.4291666667 0.24 -0.001)
(0.4291666667 0.25 -0.001)
(0.4291666667 0.26 -0.001)
(0.4291666667 0.27 -0.001)
(0.4291666667 0.28 -0.001)
(0.4291666667 0.29 -0.001)
(0.4291666667 0.3 -0.001)
(0.4291666667 0.31 -0.001)
(0.4291666667 0.32 -0.001)
(0.4291666667 0.33 -0.001)
(0.4291666667 0.34 -0.001)
(0.4291666667 0.35 -0.001)
(0.4291666667 0.36 -0.001)
(0.4291666667 0.37 -0.001)
(0.4291666667 0.38 -0.001)
(0.4291666667 0.39 -0.001)
(0.4291666667 0.4 -0.001)
(0.4291666667 0.41 -0.001)
(0.4291666667 0.42 -0.001)
(0.4291666667 0.43 -0.001)
(0.4291666667 0.44 -0.001)
(0.4291666666 0.45 -0.001)
(0.4291666666 0.46 -0.001)
(0.4291666666 0.47 -0.001)
(0.4291666666 0.48 -0.001)
(0.4291666666 0.49 -0.001)
(0.4383333333 0.21 -0.001)
(0.4383333333 0.2 -0.001)
(0.4383333333 0.22 -0.001)
(0.4383333333 0.23 -0.001)
(0.4383333333 0.24 -0.001)
(0.4383333333 0.25 -0.001)
(0.4383333333 0.26 -0.001)
(0.4383333333 0.27 -0.001)
(0.4383333333 0.28 -0.001)
(0.4383333333 0.29 -0.001)
(0.4383333333 0.3 -0.001)
(0.4383333333 0.31 -0.001)
(0.4383333333 0.32 -0.001)
(0.4383333333 0.33 -0.001)
(0.4383333333 0.34 -0.001)
(0.4383333333 0.35 -0.001)
(0.4383333333 0.36 -0.001)
(0.4383333333 0.37 -0.001)
(0.4383333333 0.38 -0.001)
(0.4383333333 0.39 -0.001)
(0.4383333333 0.4 -0.001)
(0.4383333333 0.41 -0.001)
(0.4383333333 0.42 -0.001)
(0.4383333333 0.43 -0.001)
(0.4383333333 0.44 -0.001)
(0.4383333333 0.45 -0.001)
(0.4383333332 0.46 -0.001)
(0.4383333332 0.47 -0.001)
(0.4383333332 0.48 -0.001)
(0.4383333332 0.49 -0.001)
(0.4475 0.21 -0.001)
(0.4475 0.2 -0.001)
(0.4475 0.22 -0.001)
(0.4475 0.23 -0.001)
(0.4475 0.24 -0.001)
(0.4475 0.25 -0.001)
(0.4475 0.26 -0.001)
(0.4475 0.27 -0.001)
(0.4475 0.28 -0.001)
(0.4475 0.29 -0.001)
(0.4475 0.3 -0.001)
(0.4475 0.31 -0.001)
(0.4475 0.32 -0.001)
(0.4475 0.33 -0.001)
(0.4475 0.34 -0.001)
(0.4475 0.35 -0.001)
(0.4475 0.36 -0.001)
(0.4475 0.37 -0.001)
(0.4475 0.38 -0.001)
(0.4475 0.39 -0.001)
(0.4475 0.4 -0.001)
(0.4475 0.41 -0.001)
(0.4475 0.42 -0.001)
(0.4475 0.43 -0.001)
(0.4475 0.44 -0.001)
(0.4475 0.45 -0.001)
(0.4475 0.46 -0.001)
(0.4475 0.47 -0.001)
(0.4475 0.48 -0.001)
(0.4475 0.49 -0.001)
(0.4566666667 0.21 -0.001)
(0.4566666667 0.2 -0.001)
(0.4566666667 0.22 -0.001)
(0.4566666667 0.23 -0.001)
(0.4566666667 0.24 -0.001)
(0.4566666667 0.25 -0.001)
(0.4566666667 0.26 -0.001)
(0.4566666667 0.27 -0.001)
(0.4566666667 0.28 -0.001)
(0.4566666667 0.29 -0.001)
(0.4566666667 0.3 -0.001)
(0.4566666667 0.31 -0.001)
(0.4566666667 0.32 -0.001)
(0.4566666667 0.33 -0.001)
(0.4566666667 0.34 -0.001)
(0.4566666667 0.35 -0.001)
(0.4566666667 0.36 -0.001)
(0.4566666667 0.37 -0.001)
(0.4566666667 0.38 -0.001)
(0.4566666667 0.39 -0.001)
(0.4566666667 0.4 -0.001)
(0.4566666667 0.41 -0.001)
(0.4566666667 0.42 -0.001)
(0.4566666667 0.43 -0.001)
(0.4566666667 0.44 -0.001)
(0.4566666667 0.45 -0.001)
(0.4566666667 0.46 -0.001)
(0.4566666667 0.47 -0.001)
(0.4566666667 0.48 -0.001)
(0.4566666667 0.49 -0.001)
(0.4566666667 0.5 -0.001)
(0.4566666667 0.51 -0.001)
(0.4566666667 0.52 -0.001)
(0.4566666667 0.53 -0.001)
(0.4566666667 0.54 -0.001)
(0.4658333333 0.21 -0.001)
(0.4658333333 0.2 -0.001)
(0.4658333333 0.22 -0.001)
(0.4658333333 0.23 -0.001)
(0.4658333333 0.24 -0.001)
(0.4658333333 0.25 -0.001)
(0.4658333333 0.26 -0.001)
(0.4658333333 0.27 -0.001)
(0.4658333333 0.28 -0.001)
(0.4658333333 0.29 -0.001)
(0.4658333333 0.3 -0.001)
(0.4658333333 0.31 -0.001)
(0.4658333333 0.32 -0.001)
(0.4658333333 0.33 -0.001)
(0.4658333333 0.34 -0.001)
(0.4658333333 0.35 -0.001)
(0.4658333333 0.36 -0.001)
(0.4658333333 0.37 -0.001)
(0.4658333333 0.38 -0.001)
(0.4658333333 0.39 -0.001)
(0.4658333333 0.4 -0.001)
(0.4658333333 0.41 -0.001)
(0.4658333333 0.42 -0.001)
(0.4658333333 0.43 -0.001)
(0.4658333333 0.44 -0.001)
(0.4658333333 0.45 -0.001)
(0.4658333333 0.46 -0.001)
(0.4658333333 0.47 -0.001)
(0.4658333333 0.48 -0.001)
(0.4658333333 0.49 -0.001)
(0.4658333333 0.5 -0.001)
(0.4658333333 0.51 -0.001)
(0.4658333333 0.52 -0.001)
(0.4658333333 0.53 -0.001)
(0.4658333333 0.54 -0.001)
(0.475 0.21 -0.001)
(0.475 0.2 -0.001)
(0.475 0.22 -0.001)
(0.475 0.23 -0.001)
(0.475 0.24 -0.001)
(0.475 0.25 -0.001)
(0.475 0.26 -0.001)
(0.475 0.27 -0.001)
(0.475 0.28 -0.001)
(0.475 0.29 -0.001)
(0.475 0.3 -0.001)
(0.475 0.31 -0.001)
(0.475 0.32 -0.001)
(0.475 0.33 -0.001)
(0.475 0.34 -0.001)
(0.475 0.35 -0.001)
(0.475 0.36 -0.001)
(0.475 0.37 -0.001)
(0.475 0.38 -0.001)
(0.475 0.39 -0.001)
(0.475 0.4 -0.001)
(0.475 0.41 -0.001)
(0.475 0.42 -0.001)
(0.475 0.43 -0.001)
(0.475 0.44 -0.001)
(0.475 0.45 -0.001)
(0.475 0.46 -0.001)
(0.475 0.47 -0.001)
(0.475 0.48 -0.001)
(0.475 0.49 -0.001)
(0.475 0.5 -0.001)
(0.475 0.51 -0.001)
(0.475 0.52 -0.001)
(0.475 0.53 -0.001)
(0.475 0.54 -0.001)
(0.4841666667 0.21 -0.001)
(0.4841666667 0.2 -0.001)
(0.4841666667 0.22 -0.001)
(0.4841666667 0.23 -0.001)
(0.4841666667 0.24 -0.001)
(0.4841666667 0.25 -0.001)
(0.4841666667 0.26 -0.001)
(0.4841666667 0.27 -0.001)
(0.4841666667 0.28 -0.001)
(0.4841666667 0.29 -0.001)
(0.4841666667 0.3 -0.001)
(0.4841666667 0.31 -0.001)
(0.4841666667 0.32 -0.001)
(0.4841666667 0.33 -0.001)
(0.4841666667 0.34 -0.001)
(0.4841666667 0.35 -0.001)
(0.4841666667 0.36 -0.001)
(0.4841666667 0.37 -0.001)
(0.4841666667 0.38 -0.001)
(0.4841666667 0.39 -0.001)
(0.4841666667 0.4 -0.001)
(0.4841666667 0.41 -0.001)
(0.4841666667 0.42 -0.001)
(0.4841666667 0.43 -0.001)
(0.4841666667 0.44 -0.001)
(0.4841666667 0.45 -0.001)
(0.4841666667 0.46 -0.001)
(0.4841666667 0.47 -0.001)
(0.4841666667 0.48 -0.001)
(0.4841666667 0.49 -0.001)
(0.4841666667 0.5 -0.001)
(0.4841666667 0.51 -0.001)
(0.4841666667 0.52 -0.001)
(0.4841666667 0.53 -0.001)
(0.4841666667 0.54 -0.001)
(0.4933333333 0.21 -0.001)
(0.4933333333 0.2 -0.001)
(0.4933333333 0.22 -0.001)
(0.4933333333 0.23 -0.001)
(0.4933333333 0.24 -0.001)
(0.4933333333 0.25 -0.001)
(0.4933333333 0.26 -0.001)
(0.4933333333 0.27 -0.001)
(0.4933333333 0.28 -0.001)
(0.4933333333 0.29 -0.001)
(0.4933333333 0.3 -0.001)
(0.4933333333 0.31 -0.001)
(0.4933333333 0.32 -0.001)
(0.4933333333 0.33 -0.001)
(0.4933333333 0.34 -0.001)
(0.4933333333 0.35 -0.001)
(0.4933333333 0.36 -0.001)
(0.4933333333 0.37 -0.001)
(0.4933333333 0.38 -0.001)
(0.4933333333 0.39 -0.001)
(0.4933333333 0.4 -0.001)
(0.4933333333 0.41 -0.001)
(0.4933333333 0.42 -0.001)
(0.4933333333 0.43 -0.001)
(0.4933333333 0.44 -0.001)
(0.4933333333 0.45 -0.001)
(0.4933333333 0.46 -0.001)
(0.4933333333 0.47 -0.001)
(0.4933333333 0.48 -0.001)
(0.4933333333 0.49 -0.001)
(0.4933333333 0.5 -0.001)
(0.4933333333 0.51 -0.001)
(0.4933333333 0.52 -0.001)
(0.4933333333 0.53 -0.001)
(0.5025 0.21 -0.001)
(0.5025 0.2 -0.001)
(0.5025 0.22 -0.001)
(0.5025 0.23 -0.001)
(0.5025 0.24 -0.001)
(0.5025 0.25 -0.001)
(0.5025 0.26 -0.001)
(0.5025 0.27 -0.001)
(0.5025 0.28 -0.001)
(0.5025 0.29 -0.001)
(0.5025 0.3 -0.001)
(0.5025 0.31 -0.001)
(0.5025 0.32 -0.001)
(0.5025 0.33 -0.001)
(0.5025 0.34 -0.001)
(0.5025 0.35 -0.001)
(0.5025 0.36 -0.001)
(0.5025 0.37 -0.001)
(0.5025 0.38 -0.001)
(0.5025 0.39 -0.001)
(0.5025 0.4 -0.001)
(0.5025 0.41 -0.001)
(0.5025 0.42 -0.001)
(0.5025 0.43 -0.001)
(0.5025 0.44 -0.001)
(0.5025 0.45 -0.001)
(0.5025 0.46 -0.001)
(0.5025 0.47 -0.001)
(0.5025 0.48 -0.001)
(0.5025 0.49 -0.001)
(0.5025 0.5 -0.001)
(0.5025 0.51 -0.001)
(0.5025 0.52 -0.001)
(0.5116666667 0.21 -0.001)
(0.5116666667 0.2 -0.001)
(0.5116666667 0.22 -0.001)
(0.5116666667 0.23 -0.001)
(0.5116666667 0.24 -0.001)
(0.5116666667 0.25 -0.001)
(0.5116666667 0.26 -0.001)
(0.5116666667 0.27 -0.001)
(0.5116666667 0.28 -0.001)
(0.5116666667 0.29 -0.001)
(0.5116666667 0.3 -0.001)
(0.5116666667 0.31 -0.001)
(0.5116666667 0.32 -0.001)
(0.5116666667 0.33 -0.001)
(0.5116666667 0.34 -0.001)
(0.5116666667 0.35 -0.001)
(0.5116666667 0.36 -0.001)
(0.5116666667 0.37 -0.001)
(0.5116666667 0.38 -0.001)
(0.5116666667 0.39 -0.001)
(0.5116666667 0.4 -0.001)
(0.5116666667 0.41 -0.001)
(0.5116666667 0.42 -0.001)
(0.5116666667 0.43 -0.001)
(0.5116666667 0.44 -0.001)
(0.5116666667 0.45 -0.001)
(0.5116666667 0.46 -0.001)
(0.5116666667 0.47 -0.001)
(0.5116666667 0.48 -0.001)
(0.5116666667 0.49 -0.001)
(0.5116666667 0.5 -0.001)
(0.5116666667 0.51 -0.001)
(0.5116666667 0.52 -0.001)
(0.5208333333 0.21 -0.001)
(0.5208333333 0.2 -0.001)
(0.5208333333 0.22 -0.001)
(0.5208333333 0.23 -0.001)
(0.5208333333 0.24 -0.001)
(0.5208333333 0.25 -0.001)
(0.5208333333 0.26 -0.001)
(0.5208333333 0.27 -0.001)
(0.5208333333 0.28 -0.001)
(0.5208333333 0.29 -0.001)
(0.5208333333 0.3 -0.001)
(0.5208333333 0.31 -0.001)
(0.5208333333 0.32 -0.001)
(0.5208333333 0.33 -0.001)
(0.5208333333 0.34 -0.001)
(0.5208333333 0.35 -0.001)
(0.5208333333 0.36 -0.001)
(0.5208333333 0.37 -0.001)
(0.5208333333 0.38 -0.001)
(0.5208333333 0.39 -0.001)
(0.5208333333 0.4 -0.001)
(0.5208333333 0.41 -0.001)
(0.5208333333 0.42 -0.001)
(0.5208333333 0.43 -0.001)
(0.5208333333 0.44 -0.001)
(0.5208333333 0.45 -0.001)
(0.5208333333 0.46 -0.001)
(0.5208333333 0.47 -0.001)
(0.5208333333 0.48 -0.001)
(0.5208333333 0.49 -0.001)
(0.5208333333 0.5 -0.001)
(0.5208333333 0.51 -0.001)
(0.5208333333 0.52 -0.001)
(0.53 0.21 -0.001)
(0.53 0.2 -0.001)
(0.53 0.22 -0.001)
(0.53 0.23 -0.001)
(0.53 0.24 -0.001)
(0.53 0.25 -0.001)
(0.53 0.26 -0.001)
(0.53 0.27 -0.001)
(0.53 0.28 -0.001)
(0.53 0.29 -0.001)
(0.53 0.3 -0.001)
(0.53 0.31 -0.001)
(0.53 0.32 -0.001)
(0.53 0.33 -0.001)
(0.53 0.34 -0.001)
(0.53 0.35 -0.001)
(0.53 0.36 -0.001)
(0.53 0.37 -0.001)
(0.53 0.38 -0.001)
(0.53 0.39 -0.001)
(0.53 0.4 -0.001)
(0.53 0.41 -0.001)
(0.53 0.42 -0.001)
(0.53 0.43 -0.001)
(0.53 0.44 -0.001)
(0.53 0.45 -0.001)
(0.53 0.46 -0.001)
(0.53 0.47 -0.001)
(0.53 0.48 -0.001)
(0.53 0.49 -0.001)
(0.53 0.5 -0.001)
(0.53 0.51 -0.001)
(0.5391666667 0.21 -0.001)
(0.5391666667 0.2 -0.001)
(0.5391666667 0.22 -0.001)
(0.5391666667 0.23 -0.001)
(0.5391666667 0.24 -0.001)
(0.5391666667 0.25 -0.001)
(0.5391666667 0.26 -0.001)
(0.5391666667 0.27 -0.001)
(0.5391666667 0.28 -0.001)
(0.5391666667 0.29 -0.001)
(0.5391666667 0.3 -0.001)
(0.5391666667 0.31 -0.001)
(0.5391666667 0.32 -0.001)
(0.5391666667 0.33 -0.001)
(0.5391666667 0.34 -0.001)
(0.5391666667 0.35 -0.001)
(0.5391666667 0.36 -0.001)
(0.5391666667 0.37 -0.001)
(0.5391666667 0.38 -0.001)
(0.5391666667 0.39 -0.001)
(0.5391666667 0.4 -0.001)
(0.5391666667 0.41 -0.001)
(0.5391666667 0.42 -0.001)
(0.5391666667 0.43 -0.001)
(0.5391666667 0.44 -0.001)
(0.5391666667 0.45 -0.001)
(0.5391666667 0.46 -0.001)
(0.5391666667 0.47 -0.001)
(0.5391666667 0.48 -0.001)
(0.5391666667 0.49 -0.001)
(0.5391666667 0.5 -0.001)
(0.5391666667 0.51 -0.001)
(0.5483333333 0.21 -0.001)
(0.5483333333 0.2 -0.001)
(0.5483333333 0.22 -0.001)
(0.5483333333 0.23 -0.001)
(0.5483333333 0.24 -0.001)
(0.5483333333 0.25 -0.001)
(0.5483333333 0.26 -0.001)
(0.5483333333 0.27 -0.001)
(0.5483333333 0.28 -0.001)
(0.5483333333 0.29 -0.001)
(0.5483333333 0.3 -0.001)
(0.5483333333 0.31 -0.001)
(0.5483333333 0.32 -0.001)
(0.5483333333 0.33 -0.001)
(0.5483333333 0.34 -0.001)
(0.5483333333 0.35 -0.001)
(0.5483333333 0.36 -0.001)
(0.5483333333 0.37 -0.001)
(0.5483333333 0.38 -0.001)
(0.5483333333 0.39 -0.001)
(0.5483333333 0.4 -0.001)
(0.5483333333 0.41 -0.001)
(0.5483333333 0.42 -0.001)
(0.5483333333 0.43 -0.001)
(0.5483333333 0.44 -0.001)
(0.5483333333 0.45 -0.001)
(0.5483333333 0.46 -0.001)
(0.5483333333 0.47 -0.001)
(0.5483333333 0.48 -0.001)
(0.5483333333 0.49 -0.001)
(0.5483333333 0.5 -0.001)
(0.5483333333 0.51 -0.001)
(0.5575 0.21 -0.001)
(0.5575 0.2 -0.001)
(0.5575 0.22 -0.001)
(0.5575 0.23 -0.001)
(0.5575 0.24 -0.001)
(0.5575 0.25 -0.001)
(0.5575 0.26 -0.001)
(0.5575 0.27 -0.001)
(0.5575 0.28 -0.001)
(0.5575 0.29 -0.001)
(0.5575 0.3 -0.001)
(0.5575 0.31 -0.001)
(0.5575 0.32 -0.001)
(0.5575 0.33 -0.001)
(0.5575 0.34 -0.001)
(0.5575 0.35 -0.001)
(0.5575 0.36 -0.001)
(0.5575 0.37 -0.001)
(0.5575 0.38 -0.001)
(0.5575 0.39 -0.001)
(0.5575 0.4 -0.001)
(0.5575 0.41 -0.001)
(0.5575 0.42 -0.001)
(0.5575 0.43 -0.001)
(0.5575 0.44 -0.001)
(0.5575 0.45 -0.001)
(0.5575 0.46 -0.001)
(0.5575 0.47 -0.001)
(0.5575 0.48 -0.001)
(0.5575 0.49 -0.001)
(0.5575 0.5 -0.001)
(0.5575 0.51 -0.001)
(0.5666666667 0.21 -0.001)
(0.5666666667 0.2 -0.001)
(0.5666666667 0.22 -0.001)
(0.5666666667 0.23 -0.001)
(0.5666666667 0.24 -0.001)
(0.5666666667 0.25 -0.001)
(0.5666666667 0.26 -0.001)
(0.5666666667 0.27 -0.001)
(0.5666666667 0.28 -0.001)
(0.5666666667 0.29 -0.001)
(0.5666666667 0.3 -0.001)
(0.5666666667 0.31 -0.001)
(0.5666666667 0.32 -0.001)
(0.5666666667 0.33 -0.001)
(0.5666666667 0.34 -0.001)
(0.5666666667 0.35 -0.001)
(0.5666666667 0.36 -0.001)
(0.5666666667 0.37 -0.001)
(0.5666666667 0.38 -0.001)
(0.5666666667 0.39 -0.001)
(0.5666666667 0.4 -0.001)
(0.5666666667 0.41 -0.001)
(0.5666666667 0.42 -0.001)
(0.5666666667 0.43 -0.001)
(0.5666666667 0.44 -0.001)
(0.5666666667 0.45 -0.001)
(0.5666666667 0.46 -0.001)
(0.5666666667 0.47 -0.001)
(0.5666666667 0.48 -0.001)
(0.5666666667 0.49 -0.001)
(0.5666666667 0.5 -0.001)
(0.5666666667 0.51 -0.001)
(0.5758333333 0.21 -0.001)
(0.5758333333 0.2 -0.001)
(0.5758333333 0.22 -0.001)
(0.5758333333 0.23 -0.001)
(0.5758333333 0.24 -0.001)
(0.5758333333 0.25 -0.001)
(0.5758333333 0.26 -0.001)
(0.5758333333 0.27 -0.001)
(0.5758333333 0.28 -0.001)
(0.5758333333 0.29 -0.001)
(0.5758333333 0.3 -0.001)
(0.5758333333 0.31 -0.001)
(0.5758333333 0.32 -0.001)
(0.5758333333 0.33 -0.001)
(0.5758333333 0.34 -0.001)
(0.5758333333 0.35 -0.001)
(0.5758333333 0.36 -0.001)
(0.5758333333 0.37 -0.001)
(0.5758333333 0.38 -0.001)
(0.5758333333 0.39 -0.001)
(0.5758333333 0.4 -0.001)
(0.5758333333 0.41 -0.001)
(0.5758333333 0.42 -0.001)
(0.5758333333 0.43 -0.001)
(0.5758333333 0.44 -0.001)
(0.5758333333 0.45 -0.001)
(0.5758333333 0.46 -0.001)
(0.5758333333 0.47 -0.001)
(0.5758333333 0.48 -0.001)
(0.5758333333 0.49 -0.001)
(0.5758333333 0.5 -0.001)
(0.5758333333 0.51 -0.001)
(0.585 0.21 -0.001)
(0.585 0.2 -0.001)
(0.585 0.22 -0.001)
(0.585 0.23 -0.001)
(0.585 0.24 -0.001)
(0.585 0.25 -0.001)
(0.585 0.26 -0.001)
(0.585 0.27 -0.001)
(0.585 0.28 -0.001)
(0.585 0.29 -0.001)
(0.585 0.3 -0.001)
(0.585 0.31 -0.001)
(0.585 0.32 -0.001)
(0.585 0.33 -0.001)
(0.585 0.34 -0.001)
(0.585 0.35 -0.001)
(0.585 0.36 -0.001)
(0.585 0.37 -0.001)
(0.585 0.38 -0.001)
(0.585 0.39 -0.001)
(0.585 0.4 -0.001)
(0.585 0.41 -0.001)
(0.585 0.42 -0.001)
(0.585 0.43 -0.001)
(0.585 0.44 -0.001)
(0.585 0.45 -0.001)
(0.585 0.46 -0.001)
(0.585 0.47 -0.001)
(0.585 0.48 -0.001)
(0.585 0.49 -0.001)
(0.585 0.5 -0.001)
(0.585 0.51 -0.001)
(0.5941666667 0.21 -0.001)
(0.5941666667 0.2 -0.001)
(0.5941666667 0.22 -0.001)
(0.5941666667 0.23 -0.001)
(0.5941666667 0.24 -0.001)
(0.5941666667 0.25 -0.001)
(0.5941666667 0.26 -0.001)
(0.5941666667 0.27 -0.001)
(0.5941666667 0.28 -0.001)
(0.5941666667 0.29 -0.001)
(0.5941666667 0.3 -0.001)
(0.5941666667 0.31 -0.001)
(0.5941666667 0.32 -0.001)
(0.5941666667 0.33 -0.001)
(0.5941666667 0.34 -0.001)
(0.5941666667 0.35 -0.001)
(0.5941666667 0.36 -0.001)
(0.5941666667 0.37 -0.001)
(0.5941666667 0.38 -0.001)
(0.5941666667 0.39 -0.001)
(0.5941666667 0.4 -0.001)
(0.5941666667 0.41 -0.001)
(0.5941666667 0.42 -0.001)
(0.5941666667 0.43 -0.001)
(0.5941666667 0.44 -0.001)
(0.5941666667 0.45 -0.001)
(0.5941666667 0.46 -0.001)
(0.5941666667 0.47 -0.001)
(0.5941666667 0.48 -0.001)
(0.5941666667 0.49 -0.001)
(0.5941666667 0.5 -0.001)
(0.5941666667 0.51 -0.001)
(0.6033333333 0.21 -0.001)
(0.6033333333 0.2 -0.001)
(0.6033333333 0.22 -0.001)
(0.6033333333 0.23 -0.001)
(0.6033333333 0.24 -0.001)
(0.6033333333 0.25 -0.001)
(0.6033333333 0.26 -0.001)
(0.6033333333 0.27 -0.001)
(0.6033333333 0.28 -0.001)
(0.6033333333 0.29 -0.001)
(0.6033333333 0.3 -0.001)
(0.6033333333 0.31 -0.001)
(0.6033333333 0.32 -0.001)
(0.6033333333 0.33 -0.001)
(0.6033333333 0.34 -0.001)
(0.6033333333 0.35 -0.001)
(0.6033333333 0.36 -0.001)
(0.6033333333 0.37 -0.001)
(0.6033333333 0.38 -0.001)
(0.6033333333 0.39 -0.001)
(0.6033333333 0.4 -0.001)
(0.6033333333 0.41 -0.001)
(0.6033333333 0.42 -0.001)
(0.6033333333 0.43 -0.001)
(0.6033333333 0.44 -0.001)
(0.6033333333 0.45 -0.001)
(0.6033333333 0.46 -0.001)
(0.6033333333 0.47 -0.001)
(0.6033333333 0.48 -0.001)
(0.6033333333 0.49 -0.001)
(0.6033333333 0.5 -0.001)
(0.6033333333 0.51 -0.001)
(0.6125 0.21 -0.001)
(0.6125 0.2 -0.001)
(0.6125 0.22 -0.001)
(0.6125 0.23 -0.001)
(0.6125 0.24 -0.001)
(0.6125 0.25 -0.001)
(0.6125 0.26 -0.001)
(0.6125 0.27 -0.001)
(0.6125 0.28 -0.001)
(0.6125 0.29 -0.001)
(0.6125 0.3 -0.001)
(0.6125 0.31 -0.001)
(0.6125 0.32 -0.001)
(0.6125 0.33 -0.001)
(0.6125 0.34 -0.001)
(0.6125 0.35 -0.001)
(0.6125 0.36 -0.001)
(0.6125 0.37 -0.001)
(0.6125 0.38 -0.001)
(0.6125 0.39 -0.001)
(0.6125 0.4 -0.001)
(0.6125 0.41 -0.001)
(0.6125 0.42 -0.001)
(0.6125 0.43 -0.001)
(0.6125 0.44 -0.001)
(0.6125 0.45 -0.001)
(0.6125 0.46 -0.001)
(0.6125 0.47 -0.001)
(0.6125 0.48 -0.001)
(0.6125 0.49 -0.001)
(0.6125 0.5 -0.001)
(0.6125 0.51 -0.001)
(0.6216666667 0.21 -0.001)
(0.6216666667 0.2 -0.001)
(0.6216666667 0.22 -0.001)
(0.6216666667 0.23 -0.001)
(0.6216666667 0.24 -0.001)
(0.6216666667 0.25 -0.001)
(0.6216666667 0.26 -0.001)
(0.6216666667 0.27 -0.001)
(0.6216666667 0.28 -0.001)
(0.6216666667 0.29 -0.001)
(0.6216666667 0.3 -0.001)
(0.6216666667 0.31 -0.001)
(0.6216666667 0.32 -0.001)
(0.6216666667 0.33 -0.001)
(0.6216666667 0.34 -0.001)
(0.6216666667 0.35 -0.001)
(0.6216666667 0.36 -0.001)
(0.6216666667 0.37 -0.001)
(0.6216666667 0.38 -0.001)
(0.6216666667 0.39 -0.001)
(0.6216666667 0.4 -0.001)
(0.6216666667 0.41 -0.001)
(0.6216666667 0.42 -0.001)
(0.6216666667 0.43 -0.001)
(0.6216666667 0.44 -0.001)
(0.6216666667 0.45 -0.001)
(0.6216666667 0.46 -0.001)
(0.6216666667 0.47 -0.001)
(0.6216666667 0.48 -0.001)
(0.6216666667 0.49 -0.001)
(0.6216666667 0.5 -0.001)
(0.6216666667 0.51 -0.001)
(0.6308333333 0.21 -0.001)
(0.6308333333 0.2 -0.001)
(0.6308333333 0.22 -0.001)
(0.6308333333 0.23 -0.001)
(0.6308333333 0.24 -0.001)
(0.6308333333 0.25 -0.001)
(0.6308333333 0.26 -0.001)
(0.6308333333 0.27 -0.001)
(0.6308333333 0.28 -0.001)
(0.6308333333 0.29 -0.001)
(0.6308333333 0.3 -0.001)
(0.6308333333 0.31 -0.001)
(0.6308333333 0.32 -0.001)
(0.6308333333 0.33 -0.001)
(0.6308333333 0.34 -0.001)
(0.6308333333 0.35 -0.001)
(0.6308333333 0.36 -0.001)
(0.6308333333 0.37 -0.001)
(0.6308333333 0.38 -0.001)
(0.6308333333 0.39 -0.001)
(0.6308333333 0.4 -0.001)
(0.6308333333 0.41 -0.001)
(0.6308333333 0.42 -0.001)
(0.6308333333 0.43 -0.001)
(0.6308333333 0.44 -0.001)
(0.6308333333 0.45 -0.001)
(0.6308333333 0.46 -0.001)
(0.6308333333 0.47 -0.001)
(0.6308333333 0.48 -0.001)
(0.6308333333 0.49 -0.001)
(0.6308333333 0.5 -0.001)
(0.6308333333 0.51 -0.001)
(0.64 0.21 -0.001)
(0.64 0.2 -0.001)
(0.64 0.22 -0.001)
(0.64 0.23 -0.001)
(0.64 0.24 -0.001)
(0.64 0.25 -0.001)
(0.64 0.26 -0.001)
(0.64 0.27 -0.001)
(0.64 0.28 -0.001)
(0.64 0.29 -0.001)
(0.64 0.3 -0.001)
(0.64 0.31 -0.001)
(0.64 0.32 -0.001)
(0.64 0.33 -0.001)
(0.64 0.34 -0.001)
(0.64 0.35 -0.001)
(0.64 0.36 -0.001)
(0.64 0.37 -0.001)
(0.64 0.38 -0.001)
(0.64 0.39 -0.001)
(0.64 0.4 -0.001)
(0.64 0.41 -0.001)
(0.64 0.42 -0.001)
(0.64 0.43 -0.001)
(0.64 0.44 -0.001)
(0.64 0.45 -0.001)
(0.64 0.46 -0.001)
(0.64 0.47 -0.001)
(0.64 0.48 -0.001)
(0.64 0.49 -0.001)
(0.64 0.5 -0.001)
(0.64 0.51 -0.001)
(0.6491666667 0.21 -0.001)
(0.6491666667 0.2 -0.001)
(0.6491666667 0.22 -0.001)
(0.6491666667 0.23 -0.001)
(0.6491666667 0.24 -0.001)
(0.6491666667 0.25 -0.001)
(0.6491666667 0.26 -0.001)
(0.6491666667 0.27 -0.001)
(0.6491666667 0.28 -0.001)
(0.6491666667 0.29 -0.001)
(0.6491666667 0.3 -0.001)
(0.6491666667 0.31 -0.001)
(0.6491666667 0.32 -0.001)
(0.6491666667 0.33 -0.001)
(0.6491666667 0.34 -0.001)
(0.6491666667 0.35 -0.001)
(0.6491666667 0.36 -0.001)
(0.6491666667 0.37 -0.001)
(0.6491666667 0.38 -0.001)
(0.6491666667 0.39 -0.001)
(0.6491666667 0.4 -0.001)
(0.6491666667 0.41 -0.001)
(0.6491666667 0.42 -0.001)
(0.6491666667 0.43 -0.001)
(0.6491666667 0.44 -0.001)
(0.6491666667 0.45 -0.001)
(0.6491666667 0.46 -0.001)
(0.6491666667 0.47 -0.001)
(0.6491666667 0.48 -0.001)
(0.6491666667 0.49 -0.001)
(0.6491666667 0.5 -0.001)
(0.6491666667 0.51 -0.001)
(0.6583333333 0.21 -0.001)
(0.6583333333 0.2 -0.001)
(0.6583333333 0.22 -0.001)
(0.6583333333 0.23 -0.001)
(0.6583333333 0.24 -0.001)
(0.6583333333 0.25 -0.001)
(0.6583333333 0.26 -0.001)
(0.6583333333 0.27 -0.001)
(0.6583333333 0.28 -0.001)
(0.6583333333 0.29 -0.001)
(0.6583333333 0.3 -0.001)
(0.6583333333 0.31 -0.001)
(0.6583333333 0.32 -0.001)
(0.6583333333 0.33 -0.001)
(0.6583333333 0.34 -0.001)
(0.6583333333 0.35 -0.001)
(0.6583333333 0.36 -0.001)
(0.6583333333 0.37 -0.001)
(0.6583333333 0.38 -0.001)
(0.6583333333 0.39 -0.001)
(0.6583333333 0.4 -0.001)
(0.6583333333 0.41 -0.001)
(0.6583333333 0.42 -0.001)
(0.6583333333 0.43 -0.001)
(0.6583333333 0.44 -0.001)
(0.6583333333 0.45 -0.001)
(0.6583333333 0.46 -0.001)
(0.6583333333 0.47 -0.001)
(0.6583333333 0.48 -0.001)
(0.6583333333 0.49 -0.001)
(0.6583333333 0.5 -0.001)
(0.6583333333 0.51 -0.001)
(0.6675 0.21 -0.001)
(0.6675 0.2 -0.001)
(0.6675 0.22 -0.001)
(0.6675 0.23 -0.001)
(0.6675 0.24 -0.001)
(0.6675 0.25 -0.001)
(0.6675 0.26 -0.001)
(0.6675 0.27 -0.001)
(0.6675 0.28 -0.001)
(0.6675 0.29 -0.001)
(0.6675 0.3 -0.001)
(0.6675 0.31 -0.001)
(0.6675 0.32 -0.001)
(0.6675 0.33 -0.001)
(0.6675 0.34 -0.001)
(0.6675 0.35 -0.001)
(0.6675 0.36 -0.001)
(0.6675 0.37 -0.001)
(0.6675 0.38 -0.001)
(0.6675 0.39 -0.001)
(0.6675 0.4 -0.001)
(0.6675 0.41 -0.001)
(0.6675 0.42 -0.001)
(0.6675 0.43 -0.001)
(0.6675 0.44 -0.001)
(0.6675 0.45 -0.001)
(0.6675 0.46 -0.001)
(0.6675 0.47 -0.001)
(0.6675 0.48 -0.001)
(0.6675 0.49 -0.001)
(0.6675 0.5 -0.001)
(0.6675 0.51 -0.001)
(0.6766666667 0.21 -0.001)
(0.6766666667 0.2 -0.001)
(0.6766666667 0.22 -0.001)
(0.6766666667 0.23 -0.001)
(0.6766666667 0.24 -0.001)
(0.6766666667 0.25 -0.001)
(0.6766666667 0.26 -0.001)
(0.6766666667 0.27 -0.001)
(0.6766666667 0.28 -0.001)
(0.6766666667 0.29 -0.001)
(0.6766666667 0.3 -0.001)
(0.6766666667 0.31 -0.001)
(0.6766666667 0.32 -0.001)
(0.6766666667 0.33 -0.001)
(0.6766666667 0.34 -0.001)
(0.6766666667 0.35 -0.001)
(0.6766666667 0.36 -0.001)
(0.6766666667 0.37 -0.001)
(0.6766666667 0.38 -0.001)
(0.6766666667 0.39 -0.001)
(0.6766666667 0.4 -0.001)
(0.6766666667 0.41 -0.001)
(0.6766666667 0.42 -0.001)
(0.6766666667 0.43 -0.001)
(0.6766666667 0.44 -0.001)
(0.6766666667 0.45 -0.001)
(0.6766666667 0.46 -0.001)
(0.6766666667 0.47 -0.001)
(0.6766666667 0.48 -0.001)
(0.6766666667 0.49 -0.001)
(0.6766666667 0.5 -0.001)
(0.6766666667 0.51 -0.001)
(0.6858333333 0.21 -0.001)
(0.6858333333 0.2 -0.001)
(0.6858333333 0.22 -0.001)
(0.6858333333 0.23 -0.001)
(0.6858333333 0.24 -0.001)
(0.6858333333 0.25 -0.001)
(0.6858333333 0.26 -0.001)
(0.6858333333 0.27 -0.001)
(0.6858333333 0.28 -0.001)
(0.6858333333 0.29 -0.001)
(0.6858333333 0.3 -0.001)
(0.6858333333 0.31 -0.001)
(0.6858333333 0.32 -0.001)
(0.6858333333 0.33 -0.001)
(0.6858333333 0.34 -0.001)
(0.6858333333 0.35 -0.001)
(0.6858333333 0.36 -0.001)
(0.6858333333 0.37 -0.001)
(0.6858333333 0.38 -0.001)
(0.6858333333 0.39 -0.001)
(0.6858333333 0.4 -0.001)
(0.6858333333 0.41 -0.001)
(0.6858333333 0.42 -0.001)
(0.6858333333 0.43 -0.001)
(0.6858333333 0.44 -0.001)
(0.6858333333 0.45 -0.001)
(0.6858333333 0.46 -0.001)
(0.6858333333 0.47 -0.001)
(0.6858333333 0.48 -0.001)
(0.6858333333 0.49 -0.001)
(0.6858333333 0.5 -0.001)
(0.6858333333 0.51 -0.001)
(0.695 0.21 -0.001)
(0.695 0.2 -0.001)
(0.695 0.22 -0.001)
(0.695 0.23 -0.001)
(0.695 0.24 -0.001)
(0.695 0.25 -0.001)
(0.695 0.26 -0.001)
(0.695 0.27 -0.001)
(0.695 0.28 -0.001)
(0.695 0.29 -0.001)
(0.695 0.3 -0.001)
(0.695 0.31 -0.001)
(0.695 0.32 -0.001)
(0.695 0.33 -0.001)
(0.695 0.34 -0.001)
(0.695 0.35 -0.001)
(0.695 0.36 -0.001)
(0.695 0.37 -0.001)
(0.695 0.38 -0.001)
(0.695 0.39 -0.001)
(0.695 0.4 -0.001)
(0.695 0.41 -0.001)
(0.695 0.42 -0.001)
(0.695 0.43 -0.001)
(0.695 0.44 -0.001)
(0.695 0.45 -0.001)
(0.695 0.46 -0.001)
(0.695 0.47 -0.001)
(0.695 0.48 -0.001)
(0.695 0.49 -0.001)
(0.695 0.5 -0.001)
(0.695 0.51 -0.001)
(0.7041666667 0.21 -0.001)
(0.7041666667 0.2 -0.001)
(0.7041666667 0.22 -0.001)
(0.7041666667 0.23 -0.001)
(0.7041666667 0.24 -0.001)
(0.7041666667 0.25 -0.001)
(0.7041666667 0.26 -0.001)
(0.7041666667 0.27 -0.001)
(0.7041666667 0.28 -0.001)
(0.7041666667 0.29 -0.001)
(0.7041666667 0.3 -0.001)
(0.7041666667 0.31 -0.001)
(0.7041666667 0.32 -0.001)
(0.7041666667 0.33 -0.001)
(0.7041666667 0.34 -0.001)
(0.7041666667 0.35 -0.001)
(0.7041666667 0.36 -0.001)
(0.7041666667 0.37 -0.001)
(0.7041666667 0.38 -0.001)
(0.7041666667 0.39 -0.001)
(0.7041666667 0.4 -0.001)
(0.7041666667 0.41 -0.001)
(0.7041666667 0.42 -0.001)
(0.7041666667 0.43 -0.001)
(0.7041666667 0.44 -0.001)
(0.7041666667 0.45 -0.001)
(0.7041666667 0.46 -0.001)
(0.7041666667 0.47 -0.001)
(0.7041666667 0.48 -0.001)
(0.7041666667 0.49 -0.001)
(0.7041666667 0.5 -0.001)
(0.7041666667 0.51 -0.001)
(0.7133333333 0.21 -0.001)
(0.7133333333 0.2 -0.001)
(0.7133333333 0.22 -0.001)
(0.7133333333 0.23 -0.001)
(0.7133333333 0.24 -0.001)
(0.7133333333 0.25 -0.001)
(0.7133333333 0.26 -0.001)
(0.7133333333 0.27 -0.001)
(0.7133333333 0.28 -0.001)
(0.7133333333 0.29 -0.001)
(0.7133333333 0.3 -0.001)
(0.7133333333 0.31 -0.001)
(0.7133333333 0.32 -0.001)
(0.7133333333 0.33 -0.001)
(0.7133333333 0.34 -0.001)
(0.7133333333 0.35 -0.001)
(0.7133333333 0.36 -0.001)
(0.7133333333 0.37 -0.001)
(0.7133333333 0.38 -0.001)
(0.7133333333 0.39 -0.001)
(0.7133333333 0.4 -0.001)
(0.7133333333 0.41 -0.001)
(0.7133333333 0.42 -0.001)
(0.7133333333 0.43 -0.001)
(0.7133333333 0.44 -0.001)
(0.7133333333 0.45 -0.001)
(0.7133333333 0.46 -0.001)
(0.7133333333 0.47 -0.001)
(0.7133333333 0.48 -0.001)
(0.7133333333 0.49 -0.001)
(0.7133333333 0.5 -0.001)
(0.7133333333 0.51 -0.001)
(0.7225 0.21 -0.001)
(0.7225 0.2 -0.001)
(0.7225 0.22 -0.001)
(0.7225 0.23 -0.001)
(0.7225 0.24 -0.001)
(0.7225 0.25 -0.001)
(0.7225 0.26 -0.001)
(0.7225 0.27 -0.001)
(0.7225 0.28 -0.001)
(0.7225 0.29 -0.001)
(0.7225 0.3 -0.001)
(0.7225 0.31 -0.001)
(0.7225 0.32 -0.001)
(0.7225 0.33 -0.001)
(0.7225 0.34 -0.001)
(0.7225 0.35 -0.001)
(0.7225 0.36 -0.001)
(0.7225 0.37 -0.001)
(0.7225 0.38 -0.001)
(0.7225 0.39 -0.001)
(0.7225 0.4 -0.001)
(0.7225 0.41 -0.001)
(0.7225 0.42 -0.001)
(0.7225 0.43 -0.001)
(0.7225 0.44 -0.001)
(0.7225 0.45 -0.001)
(0.7225 0.46 -0.001)
(0.7225 0.47 -0.001)
(0.7225 0.48 -0.001)
(0.7225 0.49 -0.001)
(0.7225 0.5 -0.001)
(0.7225 0.51 -0.001)
(0.7316666667 0.21 -0.001)
(0.7316666667 0.2 -0.001)
(0.7316666667 0.22 -0.001)
(0.7316666667 0.23 -0.001)
(0.7316666667 0.24 -0.001)
(0.7316666667 0.25 -0.001)
(0.7316666667 0.26 -0.001)
(0.7316666667 0.27 -0.001)
(0.7316666667 0.28 -0.001)
(0.7316666667 0.29 -0.001)
(0.7316666667 0.3 -0.001)
(0.7316666667 0.31 -0.001)
(0.7316666667 0.32 -0.001)
(0.7316666667 0.33 -0.001)
(0.7316666667 0.34 -0.001)
(0.7316666667 0.35 -0.001)
(0.7316666667 0.36 -0.001)
(0.7316666667 0.37 -0.001)
(0.7316666667 0.38 -0.001)
(0.7316666667 0.39 -0.001)
(0.7316666667 0.4 -0.001)
(0.7316666667 0.41 -0.001)
(0.7316666667 0.42 -0.001)
(0.7316666667 0.43 -0.001)
(0.7316666667 0.44 -0.001)
(0.7316666667 0.45 -0.001)
(0.7316666667 0.46 -0.001)
(0.7316666667 0.47 -0.001)
(0.7316666667 0.48 -0.001)
(0.7316666667 0.49 -0.001)
(0.7316666667 0.5 -0.001)
(0.7316666667 0.51 -0.001)
(0.7408333333 0.21 -0.001)
(0.7408333333 0.2 -0.001)
(0.7408333333 0.22 -0.001)
(0.7408333333 0.23 -0.001)
(0.7408333333 0.24 -0.001)
(0.7408333333 0.25 -0.001)
(0.7408333333 0.26 -0.001)
(0.7408333333 0.27 -0.001)
(0.7408333333 0.28 -0.001)
(0.7408333333 0.29 -0.001)
(0.7408333333 0.3 -0.001)
(0.7408333333 0.31 -0.001)
(0.7408333333 0.32 -0.001)
(0.7408333333 0.33 -0.001)
(0.7408333333 0.34 -0.001)
(0.7408333333 0.35 -0.001)
(0.7408333333 0.36 -0.001)
(0.7408333333 0.37 -0.001)
(0.7408333333 0.38 -0.001)
(0.7408333333 0.39 -0.001)
(0.7408333333 0.4 -0.001)
(0.7408333333 0.41 -0.001)
(0.7408333333 0.42 -0.001)
(0.7408333333 0.43 -0.001)
(0.7408333333 0.44 -0.001)
(0.7408333333 0.45 -0.001)
(0.7408333333 0.46 -0.001)
(0.7408333333 0.47 -0.001)
(0.7408333333 0.48 -0.001)
(0.7408333333 0.49 -0.001)
(0.7408333333 0.5 -0.001)
(0.7408333333 0.51 -0.001)
(0.75 0.21 -0.001)
(0.75 0.2 -0.001)
(0.75 0.22 -0.001)
(0.75 0.23 -0.001)
(0.75 0.24 -0.001)
(0.75 0.25 -0.001)
(0.75 0.26 -0.001)
(0.75 0.27 -0.001)
(0.75 0.28 -0.001)
(0.75 0.29 -0.001)
(0.75 0.3 -0.001)
(0.75 0.31 -0.001)
(0.75 0.32 -0.001)
(0.75 0.33 -0.001)
(0.75 0.34 -0.001)
(0.75 0.35 -0.001)
(0.75 0.36 -0.001)
(0.75 0.37 -0.001)
(0.75 0.38 -0.001)
(0.75 0.39 -0.001)
(0.75 0.4 -0.001)
(0.75 0.41 -0.001)
(0.75 0.42 -0.001)
(0.75 0.43 -0.001)
(0.75 0.44 -0.001)
(0.75 0.45 -0.001)
(0.75 0.46 -0.001)
(0.75 0.47 -0.001)
(0.75 0.48 -0.001)
(0.75 0.49 -0.001)
(0.75 0.5 -0.001)
(0.75 0.51 -0.001)
)


// ************************************************************************* //
