/*--------------------------------*- C++ -*----------------------------------*\
  =========                 |
  \\      /  F ield         | OpenFOAM: The Open Source CFD Toolbox
   \\    /   O peration     | Website:  https://openfoam.org
    \\  /    A nd           | Version:  8
     \\/     M anipulation  |
\*---------------------------------------------------------------------------*/
FoamFile
{
    version     2.0;
    format      ascii;
    class       volScalarField;
    location    "1.4/wallFilmRegion";
    object      Cp;
}
// * * * * * * * * * * * * * * * * * * * * * * * * * * * * * * * * * * * * * //

dimensions      [0 2 -2 -1 0 0 0];

internalField   nonuniform List<scalar> 
1342
(
4182.948104
4182.948106
4182.948102
4182.948101
4182.948102
4182.948101
4182.948098
4182.948065
4182.948096
4182.948097
4182.948098
4182.948098
4182.948098
4182.948097
4182.948096
4182.948096
4182.948097
4182.948097
4182.948097
4182.948098
4182.948098
4182.948098
4182.948098
4182.948097
4182.948097
4182.948098
4182.948104
4182.948103
4182.948104
4182.948102
4182.9481
4182.948103
4182.948101
4182.948099
4182.948091
4182.948096
4182.948097
4182.948098
4182.948098
4182.948098
4182.948098
4182.948097
4182.948097
4182.948097
4182.948098
4182.948097
4182.948098
4182.948098
4182.948098
4182.948098
4182.948098
4182.948097
4182.948097
4182.948103
4182.948102
4182.948101
4182.948102
4182.948101
4182.948099
4182.948098
4182.948098
4182.948099
4182.94809
4182.948095
4182.948097
4182.948098
4182.948098
4182.948098
4182.948098
4182.948098
4182.948098
4182.948098
4182.948097
4182.948097
4182.948097
4182.948098
4182.948098
4182.948098
4182.948098
4182.948097
4182.948097
4182.948101
4182.9481
4182.9481
4182.948101
4182.9481
4182.948098
4182.948095
4182.948095
4182.948094
4182.948084
4182.948094
4182.948097
4182.948098
4182.948098
4182.948098
4182.948098
4182.948098
4182.948098
4182.948097
4182.948097
4182.948096
4182.948097
4182.948098
4182.948098
4182.948098
4182.948098
4182.948098
4182.948097
4182.9481
4182.9481
4182.9481
4182.9481
4182.948099
4182.948096
4182.948093
4182.948092
4182.94809
4182.948073
4182.948092
4182.948096
4182.948098
4182.948098
4182.948098
4182.948098
4182.948098
4182.948098
4182.948097
4182.948097
4182.948096
4182.948098
4182.948099
4182.948099
4182.948099
4182.948099
4182.948099
4182.948097
4182.948101
4182.948101
4182.948098
4182.948099
4182.948099
4182.948098
4182.948096
4182.948091
4182.948087
4182.948082
4182.948057
4182.948088
4182.948094
4182.948098
4182.948098
4182.948098
4182.948098
4182.948098
4182.948098
4182.948097
4182.948097
4182.948095
4182.948098
4182.948098
4182.948099
4182.948099
4182.948098
4182.948098
4182.948097
4182.948101
4182.9481
4182.948089
4182.948099
4182.948099
4182.948098
4182.948096
4182.948094
4182.948092
4182.94809
4182.948084
4182.94809
4182.948094
4182.948097
4182.948098
4182.948098
4182.948098
4182.948098
4182.948098
4182.948098
4182.948098
4182.948097
4182.948098
4182.948098
4182.948098
4182.948098
4182.948098
4182.948097
4182.948097
4182.948096
4182.948091
4182.948091
4182.9481
4182.948099
4182.948098
4182.948097
4182.948097
4182.948098
4182.948098
4182.948098
4182.948098
4182.948098
4182.948098
4182.948098
4182.948098
4182.948098
4182.948098
4182.948098
4182.948098
4182.948098
4182.948098
4182.948098
4182.948098
4182.948098
4182.948098
4182.948098
4182.948097
4182.948097
4182.948088
4182.948085
4182.94809
4182.9481
4182.9481
4182.948098
4182.948097
4182.948098
4182.948098
4182.948098
4182.948098
4182.948098
4182.948098
4182.948098
4182.948098
4182.948098
4182.948098
4182.948098
4182.948098
4182.948098
4182.948098
4182.948098
4182.948098
4182.948098
4182.948098
4182.948098
4182.948097
4182.948097
4182.948097
4182.948087
4182.948081
4182.948084
4182.948101
4182.948101
4182.948099
4182.948097
4182.948097
4182.948098
4182.948098
4182.948098
4182.948098
4182.948098
4182.948098
4182.948098
4182.948098
4182.948098
4182.948098
4182.948098
4182.948098
4182.948098
4182.948098
4182.948098
4182.948098
4182.948098
4182.948098
4182.948097
4182.948097
4182.948097
4182.948092
4182.948075
4182.94807
4182.948099
4182.948103
4182.948102
4182.948097
4182.948097
4182.948098
4182.948099
4182.948098
4182.948098
4182.948098
4182.948098
4182.948098
4182.948098
4182.948098
4182.948098
4182.948098
4182.948098
4182.948098
4182.948097
4182.948097
4182.948097
4182.948097
4182.948097
4182.948097
4182.948097
4182.948097
4182.948102
4182.948101
4182.9481
4182.948101
4182.9481
4182.948099
4182.948096
4182.948096
4182.948097
4182.948099
4182.948097
4182.948097
4182.948098
4182.948098
4182.948098
4182.948098
4182.948098
4182.948098
4182.948098
4182.948098
4182.948097
4182.948097
4182.948096
4182.948097
4182.948097
4182.948097
4182.948097
4182.948097
4182.948097
4182.948103
4182.948101
4182.948093
4182.9481
4182.948102
4182.948102
4182.948101
4182.9481
4182.948101
4182.948099
4182.948099
4182.948098
4182.948098
4182.948098
4182.948098
4182.948098
4182.948098
4182.948098
4182.948098
4182.948097
4182.948097
4182.948096
4182.948096
4182.948096
4182.948096
4182.948096
4182.948096
4182.948097
4182.948098
4182.948102
4182.948101
4182.9481
4182.948101
4182.948101
4182.948102
4182.948102
4182.948101
4182.948101
4182.948099
4182.9481
4182.948099
4182.948098
4182.948098
4182.948098
4182.948098
4182.948098
4182.948098
4182.948097
4182.948097
4182.948096
4182.948096
4182.948096
4182.948096
4182.948096
4182.948096
4182.948095
4182.948097
4182.948098
4182.9481
4182.9481
4182.9481
4182.948101
4182.948101
4182.948101
4182.9481
4182.948099
4182.948099
4182.948099
4182.948099
4182.948099
4182.948099
4182.948099
4182.948099
4182.948098
4182.948098
4182.948098
4182.948097
4182.948097
4182.948097
4182.948096
4182.948096
4182.948096
4182.948096
4182.948095
4182.948093
4182.948096
4182.948098
4182.948098
4182.948098
4182.948099
4182.9481
4182.948101
4182.948101
4182.9481
4182.9481
4182.9481
4182.948099
4182.9481
4182.9481
4182.9481
4182.948099
4182.948099
4182.948099
4182.948099
4182.948098
4182.948098
4182.948097
4182.948097
4182.948096
4182.948096
4182.948095
4182.948095
4182.948094
4182.948092
4182.948095
4182.948098
4182.948101
4182.948096
4182.948095
4182.948099
4182.948101
4182.9481
4182.948101
4182.948101
4182.948101
4182.9481
4182.9481
4182.948101
4182.9481
4182.9481
4182.9481
4182.9481
4182.9481
4182.948099
4182.948098
4182.948098
4182.948097
4182.948096
4182.948095
4182.948094
4182.948093
4182.948092
4182.948092
4182.948094
4182.948098
4182.948103
4182.948099
4182.948095
4182.948098
4182.9481
4182.948099
4182.9481
4182.948101
4182.948102
4182.9481
4182.948101
4182.948101
4182.948101
4182.948101
4182.948101
4182.9481
4182.9481
4182.9481
4182.948098
4182.948098
4182.948096
4182.948095
4182.948094
4182.948092
4182.948092
4182.948091
4182.948092
4182.948095
4182.948098
4182.948104
4182.948102
4182.948094
4182.948097
4182.948099
4182.948098
4182.948099
4182.948101
4182.948102
4182.948101
4182.948101
4182.948101
4182.948101
4182.948101
4182.948101
4182.948101
4182.9481
4182.948099
4182.948098
4182.948098
4182.948096
4182.948094
4182.948097
4182.948097
4182.948097
4182.948097
4182.948097
4182.948097
4182.948098
4182.948105
4182.948103
4182.948093
4182.948095
4182.948097
4182.948096
4182.948098
4182.948101
4182.948102
4182.948101
4182.948102
4182.948102
4182.948101
4182.948101
4182.9481
4182.9481
4182.9481
4182.948099
4182.948098
4182.948098
4182.948096
4182.948097
4182.948097
4182.948097
4182.948097
4182.948097
4182.948097
4182.948097
4182.948098
4182.948105
4182.948103
4182.948091
4182.948093
4182.948095
4182.948094
4182.948097
4182.9481
4182.948102
4182.948102
4182.948102
4182.948102
4182.948101
4182.948101
4182.948099
4182.948098
4182.948098
4182.948099
4182.948098
4182.948097
4182.948097
4182.948097
4182.948097
4182.948097
4182.948097
4182.948097
4182.948097
4182.948097
4182.948098
4182.948105
4182.948103
4182.948089
4182.948091
4182.948092
4182.948092
4182.948097
4182.9481
4182.948101
4182.948102
4182.948102
4182.948101
4182.948101
4182.9481
4182.948098
4182.948098
4182.948098
4182.948098
4182.948098
4182.948097
4182.948097
4182.948097
4182.948097
4182.948097
4182.948097
4182.948097
4182.948097
4182.948097
4182.948097
4182.948104
4182.948102
4182.948094
4182.948096
4182.948096
4182.948098
4182.948098
4182.948099
4182.948101
4182.948101
4182.948101
4182.948101
4182.9481
4182.948099
4182.948098
4182.948098
4182.948097
4182.948097
4182.948097
4182.948097
4182.948097
4182.948097
4182.948097
4182.948098
4182.948098
4182.948098
4182.948097
4182.948097
4182.948097
4182.948102
4182.948099
4182.948098
4182.948098
4182.948098
4182.948098
4182.948099
4182.948099
4182.948099
4182.948099
4182.948099
4182.948099
4182.948099
4182.948098
4182.948098
4182.948097
4182.948097
4182.948097
4182.948097
4182.948097
4182.948097
4182.948097
4182.948098
4182.948098
4182.948098
4182.948098
4182.948097
4182.948097
4182.948098
4182.948099
4182.948099
4182.948099
4182.948098
4182.948098
4182.948098
4182.948098
4182.948098
4182.948099
4182.948099
4182.948099
4182.948099
4182.948098
4182.948098
4182.948098
4182.948098
4182.948098
4182.948098
4182.948097
4182.948097
4182.948097
4182.948098
4182.948098
4182.948098
4182.948098
4182.948098
4182.948098
4182.948098
4182.948098
4182.946811
4182.946372
4182.946526
4182.946339
4182.946148
4182.948057
4182.948073
4182.948089
4182.948097
4182.948098
4182.948098
4182.948098
4182.948098
4182.948098
4182.948098
4182.948098
4182.948098
4182.948098
4182.948097
4182.948097
4182.948097
4182.948098
4182.948098
4182.948098
4182.948098
4182.948098
4182.948098
4182.948098
4182.948098
4182.94807
4182.948047
4182.94804
4182.948031
4182.948018
4182.948053
4182.948065
4182.948077
4182.948093
4182.948097
4182.948098
4182.948098
4182.948098
4182.948098
4182.948098
4182.948098
4182.948098
4182.948098
4182.948097
4182.948097
4182.948097
4182.948098
4182.948098
4182.948098
4182.948098
4182.948098
4182.948098
4182.948098
4182.948098
4182.948088
4182.948081
4182.948078
4182.948076
4182.948071
4182.948084
4182.948087
4182.94809
4182.948094
4182.948097
4182.948098
4182.948098
4182.948098
4182.948098
4182.948098
4182.948098
4182.948098
4182.948098
4182.948097
4182.948097
4182.948097
4182.948098
4182.948098
4182.948098
4182.948098
4182.948098
4182.948098
4182.948098
4182.948098
4182.948092
4182.948088
4182.948087
4182.948085
4182.948082
4182.948088
4182.948091
4182.948092
4182.948094
4182.948096
4182.948097
4182.948098
4182.948098
4182.948098
4182.948098
4182.948098
4182.948098
4182.948098
4182.948097
4182.948097
4182.948097
4182.948097
4182.948098
4182.948098
4182.948098
4182.948098
4182.948098
4182.948098
4182.948098
4182.948098
4182.948098
4182.948098
4182.948098
4182.948098
4182.948098
4182.948098
4182.948098
4182.948098
4182.948098
4182.948098
4182.948098
4182.948098
4182.948098
4182.948098
4182.948098
4182.948098
4182.948098
4182.948098
4182.948098
4182.948098
4182.948098
4182.948098
4182.948098
4182.948098
4182.948098
4182.948098
4182.948098
4182.948098
4182.9481
4182.948101
4182.948105
4182.948104
4182.948122
4182.948119
4182.948101
4182.9481
4182.948099
4182.948099
4182.948099
4182.948104
4182.948099
4182.948099
4182.948099
4182.948102
4182.948099
4182.948099
4182.948099
4182.948101
4182.94811
4182.948106
4182.948858
4182.948846
4182.9481
4182.9481
4182.9481
4182.948101
4182.9481
4182.948101
4182.948101
4182.948101
4182.948103
4182.948102
4182.948104
4182.948103
4182.948106
4182.948103
4182.948103
4182.948102
4182.948102
4182.948102
4182.948101
4182.948102
4182.948102
4182.948101
4182.948101
4182.9481
4182.9481
4182.948099
4182.948099
4182.948099
4182.948099
4182.948099
4182.9481
4182.9481
4182.9481
4182.948099
4182.948099
4182.948099
4182.9481
4182.9481
4182.948123
4182.9481
4182.948099
4182.948099
4182.948099
4182.948099
4182.9481
4182.9481
4182.948101
4182.948099
4182.948099
4182.948099
4182.948099
4182.948102
4182.948105
4182.948107
4182.948099
4182.9481
4182.948103
4182.948107
4182.9481
4182.9481
4182.948101
4182.948101
4182.948101
4182.948102
4182.948101
4182.948102
4182.948102
4182.948101
4182.948101
4182.948101
4182.948103
4182.948102
4182.948104
4182.948102
4182.948103
4182.948103
4182.948105
4182.948103
4182.948105
4182.948103
4182.948105
4182.948105
4182.948105
4182.948105
4182.948105
4182.948105
4182.948102
4182.948103
4182.948105
4182.948103
4182.948102
4182.948101
4182.948101
4182.948101
4182.948101
4182.9481
4182.9481
4182.9481
4182.9481
4182.9481
4182.948101
4182.948101
4182.9481
4182.948101
4182.948101
4182.948099
4182.948099
4182.948099
4182.948099
4182.948099
4182.948099
4182.948106
4182.948101
4182.948105
4182.94811
4182.9481
4182.9481
4182.9481
4182.948102
4182.9481
4182.948101
4182.948102
4182.948102
4182.948101
4182.948102
4182.948101
4182.948101
4182.948101
4182.948101
4182.948101
4182.948101
4182.948101
4182.948101
4182.9481
4182.9481
4182.9481
4182.948099
4182.948099
4182.948099
4182.948099
4182.948099
4182.948103
4182.948099
4182.948102
4182.948106
4182.9481
4182.9481
4182.9481
4182.9481
4182.9481
4182.9481
4182.948101
4182.9481
4182.9481
4182.9481
4182.9481
4182.9481
4182.9481
4182.9481
4182.9481
4182.9481
4182.9481
4182.9481
4182.948099
4182.948099
4182.948099
4182.948099
4182.948099
4182.948099
4182.948099
4182.948099
4182.948099
4182.948099
4182.948099
4182.948099
4182.948101
4182.9481
4182.948099
4182.948099
4182.9481
4182.948099
4182.948099
4182.9481
4182.948099
4182.948099
4182.9481
4182.948099
4182.948099
4182.948099
4182.948099
4182.9481
4182.948099
4182.948099
4182.9481
4182.948099
4182.948099
4182.948099
4182.948099
4182.948099
4182.9481
4182.948099
4182.948099
4182.948099
4182.948099
4182.948099
4182.948099
4182.948099
4182.948099
4182.9481
4182.948101
4182.948102
4182.948103
4182.948107
4182.948099
4182.9481
4182.9481
4182.9481
4182.9481
4182.9481
4182.9481
4182.948106
4182.9481
4182.948133
4182.9481
4182.9481
4182.948101
4182.948101
4182.948101
4182.948101
4182.948102
4182.948101
4182.948102
4182.948103
4182.948104
4182.948103
4182.948103
4182.948105
4182.948105
4182.948105
4182.948102
4182.948101
4182.948101
4182.948101
4182.9481
4182.9481
4182.948101
4182.9481
4182.948099
4182.9481
4182.948101
4182.9481
4182.948099
4182.948099
4182.948102
4182.9481
4182.948101
4182.948103
4182.948102
4182.948101
4182.948101
4182.948101
4182.948099
4182.948099
4182.948099
4182.948099
4182.948099
4182.948099
4182.9481
4182.948099
4182.948108
4182.9481
4182.9481
4182.948101
4182.948101
4182.9481
4182.9481
4182.9481
4182.948099
4182.9481
4182.948099
4182.948099
4182.9481
4182.9481
4182.9481
4182.9481
4182.948099
4182.948099
4182.9481
4182.948123
4182.948122
4182.948119
4182.949112
4182.949099
4182.949216
4182.948099
4182.948099
4182.948099
4182.948099
4182.9481
4182.948101
4182.948103
4182.948116
4182.948115
4182.949004
4182.948099
4182.948099
4182.948099
4182.948099
4182.948099
4182.9481
4182.9481
4182.948099
4182.948099
4182.948099
4182.948501
4182.948637
4182.948102
4182.948101
4182.9481
4182.948652
4182.948731
4182.948105
4182.948104
4182.948102
4182.94869
4182.948799
4182.9481
4182.9481
4182.9481
4182.9481
4182.948101
4182.948099
4182.9481
4182.9481
4182.9481
4182.9481
4182.948099
4182.948099
4182.9481
4182.948117
4182.9481
4182.9481
4182.948103
4182.948109
4182.9481
4182.948117
4182.948101
4182.9481
4182.9481
4182.9481
4182.9481
4182.948103
4182.9481
4182.948101
4182.948105
4182.948113
4182.948114
4182.948114
4182.948112
4182.9481
4182.9481
4182.948099
4182.948099
4182.948099
4182.948123
4182.948121
4182.94812
4182.948118
4182.948117
4182.94812
4182.948101
4182.9481
4182.948101
4182.9481
4182.948099
4182.9481
4182.948103
4182.948099
4182.948119
4182.948119
4182.948117
4182.948117
4182.948115
4182.949077
4182.949092
4182.949174
4182.949077
4182.94812
4182.948116
4182.949177
4182.94915
4182.9481
4182.948101
4182.948099
4182.948099
4182.948099
4182.948099
4182.948099
4182.948099
4182.948099
4182.948108
4182.948112
4182.94811
4182.948105
4182.948111
4182.948108
4182.948109
4182.948106
4182.948941
4182.94895
4182.948971
4182.948942
4182.948113
4182.948112
4182.948999
4182.948099
4182.948099
4182.948099
4182.948099
4182.948099
4182.948099
4182.948099
4182.948099
4182.948099
4182.948099
4182.948099
4182.948099
4182.948099
4182.948099
4182.948099
4182.948099
4182.948605
4182.948736
4182.948756
4182.948743
4182.9481
4182.948102
4182.948101
4182.948099
4182.9481
4182.9481
4182.948705
4182.948636
4182.948734
4182.94876
4182.948103
4182.948106
4182.948104
4182.948101
4182.948103
4182.948102
4182.948787
4182.948799
4182.948837
4182.948863
4182.948844
)
;

boundaryField
{
    walls
    {
        type            zeroGradient;
    }
    wallFilmFace_top
    {
        type            zeroGradient;
    }
    region0_to_wallFilmRegion_wallFilmFace
    {
        type            zeroGradient;
    }
    mirrorFace_top
    {
        type            zeroGradient;
    }
    region0_to_wallFilmRegion_mirrorFace
    {
        type            zeroGradient;
    }
    procBoundary2to0
    {
        type            processor;
        value           nonuniform List<scalar> 
26
(
4182.948104
4182.948103
4182.948103
4182.948102
4182.948101
4182.948099
4182.948098
4182.948097
4182.948097
4182.948097
4182.948098
4182.948098
4182.948097
4182.948096
4182.948096
4182.948095
4182.948095
4182.948096
4182.948097
4182.948098
4182.948098
4182.948098
4182.948098
4182.948097
4182.948097
4182.948098
)
;
    }
    procBoundary2to1
    {
        type            processor;
        value           nonuniform List<scalar> 
33
(
4182.948104
4182.948104
4182.948104
4182.948104
4182.948103
4182.948101
4182.948101
4182.948101
4182.948101
4182.948101
4182.948102
4182.948102
4182.948097
4182.948098
4182.948102
4182.948103
4182.948102
4182.9481
4182.948103
4182.948103
4182.948103
4182.948104
4182.948102
4182.948104
4182.948104
4182.948104
4182.948102
4182.948101
4182.948101
4182.948101
4182.9481
4182.948099
4182.948098
)
;
    }
    procBoundary2to3
    {
        type            processor;
        value           nonuniform List<scalar> 
64
(
4182.9481
4182.948103
4182.9481
4182.948099
4182.948099
4182.948107
4182.948104
4182.948102
4182.948822
4182.948101
4182.948105
4182.948102
4182.948105
4182.948105
4182.948106
4182.948106
4182.948105
4182.948105
4182.948105
4182.948102
4182.9481
4182.9481
4182.9481
4182.948101
4182.948101
4182.948101
4182.948101
4182.948101
4182.948102
4182.948101
4182.948112
4182.948115
4182.948112
4182.948112
4182.94811
4182.9481
4182.948157
4182.948101
4182.948101
4182.948112
4182.949251
4182.948102
4182.948101
4182.948667
4182.948762
4182.94881
4182.9481
4182.948127
4182.9481
4182.9481
4182.948103
4182.9481
4182.948099
4182.9481
4182.948106
4182.949201
4182.949068
4182.948103
4182.948945
4182.948943
4182.9481
4182.948763
4182.948786
4182.948849
)
;
    }
}


// ************************************************************************* //
