/*--------------------------------*- C++ -*----------------------------------*\
  =========                 |
  \\      /  F ield         | OpenFOAM: The Open Source CFD Toolbox
   \\    /   O peration     | Website:  https://openfoam.org
    \\  /    A nd           | Version:  8
     \\/     M anipulation  |
\*---------------------------------------------------------------------------*/
FoamFile
{
    version     2.0;
    format      ascii;
    class       surfaceScalarField;
    location    "1.1/wallFilmRegion";
    object      phi;
}
// * * * * * * * * * * * * * * * * * * * * * * * * * * * * * * * * * * * * * //

dimensions      [1 0 -1 0 0 0 0];

internalField   nonuniform List<scalar> 
2648
(
-0.005279489871
0.006935011476
-0.007939110931
0.005239865546
-0.008976416102
0.002663602324
-0.01016210182
0.0006365207454
-0.01101677855
0.0004468465178
-0.0119666006
0.000236650657
-0.01362418991
0.0001007105458
-0.01428141802
-0.001559534334
-0.01175656985
-0.004616133728
-0.01012230565
-0.001414124988
-0.008746556749
-0.0002614159184
-0.007327951454
-0.0001583879146
-0.006078212289
-0.0001408792163
-0.00525858027
-0.0001301826384
-0.005137496307
-0.0001140600758
-0.006034956254
-8.709293101e-05
-0.008167555881
-5.142605064e-05
-0.01088998346
-1.948654873e-05
-0.01232874876
-6.929439672e-05
-0.01111834398
-0.001395353609
-0.01192241122
-0.0002768109721
-0.01211693106
-6.633124107e-05
-0.01097699812
-3.168855391e-06
-0.008175231294
-6.099751408e-05
-0.00454606959
-0.000112908024
-0.002607756301
3.378232966e-05
-0.001350726596
1.53209303e-07
-0.0006616672876
-4.226532811e-07
-0.0004806851546
-6.396740132e-06
-0.0007521620508
-0.0001367083338
-0.001518715846
-0.001412506747
-0.001951444198
-0.002875609649
-0.001624804363
-0.001398810218
-0.00119601535
-0.0008350075091
0.0001606656639
-0.0009802186723
0.00187016358
-0.001176388458
0.002806159059
-0.001058225592
0.004330591186
-0.0009028262606
0.006748047069
-0.001006822129
0.009649741288
-0.001121081884
0.01260434551
-0.001013449313
0.01481250963
-0.0009695594303
0.01516248563
-0.001204968194
0.01333782887
-0.001383783206
0.01044652701
-0.001043466935
0.008034865499
-0.0002654036202
0.006749846258
-5.833885731e-06
0.00667727927
-0.001579975809
0.006539064819
-0.002222738139
0.006336748691
-0.001756161547
0.006482502634
-0.0005999187386
0.006873560587
-6.8911631e-06
0.007241085836
-0.002118186747
0.01346762092
-0.01049541736
0.01418103763
-0.001505198027
0.01381025214
0.0004412954805
0.01421431984
0.001426619191
0.01465522345
0.002908059846
0.01354552367
0.00614978927
0.01648090221
0.01067357777
-0.002619523486
0.008771643776
0.007582892735
0.004549058157
0.007384743523
-0.0001215182995
0.004331417513
-0.0001522521756
0.0005376413287
-0.0001014137553
0.0002347316361
-0.000158678792
0.0001989848022
-0.0002821311849
-0.001012591675
-0.0006102074075
-0.005435841591
-0.0002292464518
-0.001968853155
-0.0001379219559
-0.0003076729528
-9.98246038e-05
-0.0001552769487
-7.534228856e-05
-0.0001285914547
-5.474004404e-05
-0.0001145336587
-3.490248256e-05
-9.710225383e-05
-1.665124582e-05
-7.060724878e-05
-3.560818316e-06
-3.795507971e-05
2.658548482e-06
-1.134652483e-05
7.015455407e-06
-2.991616274e-05
-0.0001435306338
-0.000663311478
-0.0001346958938
-0.0002818104162
-0.0001312856983
-0.0001277889114
-0.0001398503212
-3.344618986e-05
-0.0001485797588
6.955844585e-05
-2.913874756e-05
7.780731035e-05
-5.437384269e-06
3.017626577e-05
-1.07800315e-05
7.787642083e-06
-2.922833266e-05
1.611950698e-05
-6.649479222e-05
3.787551359e-05
1.478221419e-05
-0.0003613233853
-0.0006985025309
-0.003289452643
-0.0005766540661
-0.003540118447
-0.0003277060507
-0.001283179943
-0.0002135761093
-0.0007075819382
-4.598360479e-06
-0.0007687314611
0.0001796992205
-0.001077666789
0.0003094760058
-0.0008163250942
0.0004292965093
-0.0007954803436
0.0006368065895
-0.001113881652
0.0008063176347
-0.00146532425
0.0008094933229
-0.001355569669
0.0008708356124
-0.001066582727
0.001100909413
-0.001103964026
0.001196627716
-0.001338285463
0.0008893118278
-0.001272441723
0.0003031257837
-0.0002823424437
8.363950139e-05
7.523858416e-05
0.0007849586294
-0.002162302402
0.001187212349
-0.003135143348
0.001086036082
-0.003559280147
0.0004419340132
-0.003165587479
4.512763073e-05
1.652618997e-05
0.0001348346275
-0.005231950962
-0.0003054758646
-0.01141883222
0.0002586455885
-0.0005126072213
0.000129640028
0.0004753906834
-0.001253169992
0.002270287434
-0.006359117207
0.009636665473
-0.009192016827
0.009651459096
0.002896735776
0.009243878974
-0.01183595797
0.0102272274
0.006034410457
0.008945049268
0.008732383526
0.005486310215
0.006894117482
0.001429165117
0.003863151308
-8.680089645e-05
0.001070678877
0.0001553908029
0.0002530111662
0.000559818814
-0.0002613337118
-0.0008184117185
-0.006776174415
-0.0003734565859
-0.002813150374
-0.00019162409
-0.0004515285075
-0.0001225065141
-0.0001826593015
-8.500328383e-05
-0.0001282262923
-5.694217122e-05
-0.0001036654046
-3.26116573e-05
-8.184687926e-05
-1.305544916e-05
-5.509862415e-05
-1.915612226e-06
-2.623589266e-05
1.069247545e-06
-5.889276902e-06
3.469861557e-06
-1.201765024e-05
-7.817703415e-05
-0.000247737334
-8.82253795e-05
-0.0002289299231
-0.0001133115083
-0.0001973481142
-0.0001768334842
-0.000292800848
-0.0003725014
-0.0002421373998
-0.0001809715878
-0.0004121829303
-3.162283925e-05
-4.488268683e-05
-1.963303952e-05
1.293152585e-05
-1.994169774e-05
9.465744688e-06
6.189714141e-06
1.741419078e-06
0.000406048985
-0.0007250404056
-0.0009693208081
-0.00430168883
-0.0005323842227
-0.002950278439
-0.0003025527265
-0.0009372268616
-0.0002070194904
-0.000494346322
-7.364871368e-05
-0.000431336984
0.0002642818274
-0.0004054234137
0.0002469522672
-0.0006230855393
0.0003618082794
-0.000689141756
0.0006569035925
-0.001227810903
0.00094777767
-0.001786406731
0.0009474480483
-0.001655511695
0.0008484334629
-0.001145443421
0.001014583789
-0.0008949706825
0.001387571651
-0.0009990988759
0.001606321041
-0.001123566007
0.001407698808
-0.000982069994
0.0007472395465
-0.0003894062325
0.001029819806
-0.001813205399
0.00159658186
-0.002372529389
0.002305047118
-0.002676072926
0.003087389529
-0.002973322965
0.002941408722
-0.004410574376
0.0006951345532
-0.00701348651
-0.00395930282
-0.006516611735
-0.004291648671
0.0004921509373
-0.006444363743
0.003979838294
-0.01013785699
0.007681148601
-0.01130256293
0.0127495185
-0.01049600601
0.008532917809
-0.01168018363
0.003777591191
-0.01421570085
0.007676480078
0.001235987559
0.009569763885
0.006685022774
0.008489207471
0.007400610053
0.006168845932
0.0054832688
0.003875826185
0.002860812427
0.002366422853
0.001295490743
0.001395424331
0.0005168049537
-0.0007596792303
-0.0077424089
-0.0004727383799
-0.003397274935
-0.0002108637136
-0.0006276379283
-0.0001207948565
-0.0002189832539
-7.858375357e-05
-0.0001301730157
-4.950333147e-05
-9.36146409e-05
-2.596786185e-05
-6.752904525e-05
-8.90464262e-06
-4.146186696e-05
-9.819674986e-07
-1.739106722e-05
3.457671982e-07
-3.148126838e-06
1.111548974e-06
-5.089476135e-06
-2.091620406e-05
-7.417189503e-05
-1.721660042e-05
-0.0001312004691
-1.078498107e-05
-0.0001468605267
-8.140918534e-05
-0.0003159806318
-0.0005565239417
-4.15257115e-05
-0.001333866908
-4.851974152e-05
-0.0001680396116
0.002916425265
0.0003078111487
-0.0002157801161
0.0003950115325
-0.0002847934353
0.0004667940099
-0.0002227816407
0.0002344453298
-0.0003581943997
-0.001425071189
-0.005611185427
-0.0004342301203
-0.001934533327
-0.0002404815926
-0.0006137956896
-0.0001332864783
-0.0003793424539
-2.676058668e-05
-0.0003201820906
0.0001307730228
-0.0004695599699
0.0002213350344
-0.0004884939789
0.0003475439812
-0.0005798127329
0.0007295996372
-0.001388120918
0.001046437621
-0.002047206146
0.0009650169496
-0.001787805512
0.0007163561041
-0.001112538647
0.0006599574136
-0.0006749243328
0.0008883431958
-0.0006311731833
0.00110059326
-0.0008622077973
0.001076502132
-0.001424993341
0.0008192472409
-0.0006258093372
0.0008684429739
-0.001263122213
0.001246304848
-0.001739580254
0.001745051401
-0.00199891717
0.002274257471
-0.002268869637
0.001950986853
-0.003260264816
-0.005794449144
-0.005846661609
-0.007648814086
-0.002370829853
-0.009058460159
0.002527005949
-0.0103500113
0.00556501691
-0.01044344615
0.008682941276
-0.007766314584
0.01085149598
-0.001736483169
0.001716455518
-0.01622301438
0.003913593269
-0.01449893864
0.005894466741
-0.0008362530128
0.01003828135
0.002888656779
0.01025772285
0.007046404184
0.009212906103
0.006513459501
0.007795360734
0.004363795833
0.006270137426
0.002566578605
0.005394656777
-0.0001653770397
-0.0006578681785
-0.006038513545
-0.0007290651349
-0.003247325983
-0.0003128731532
-0.0008682170069
-0.0001546429493
-0.0002962465553
-8.833927306e-05
-0.0001462237631
-4.967383825e-05
-8.847687571e-05
-2.332564871e-05
-5.572878159e-05
-7.007566123e-06
-3.027588931e-05
-6.606776971e-07
-1.104459077e-05
1.262275003e-07
-1.691910672e-06
6.503106144e-07
-2.716489569e-06
-1.414361604e-06
-1.82030977e-05
3.153171078e-06
-5.32848935e-05
2.077607072e-05
-8.754474513e-05
-5.198481607e-06
-0.000322627242
-2.182660056e-05
-6.21599281e-05
-0.0003182072828
-4.693670852e-07
0.0006079833503
-3.523094073e-06
0.0002683950584
-2.307189492e-05
0.0001990868279
-2.719780883e-05
0.0001339388957
-4.301482521e-05
3.458664423e-05
-0.0001292437799
-0.00148412744
-0.005227720721
-0.0003407474082
-0.001396059432
-0.0001963037248
-0.0004154017175
-9.994482608e-05
-0.000325963117
-2.204145153e-05
-0.0002339623212
0.0001033373331
-0.0003125246234
0.0001984320561
-0.0003291317445
0.0003193459935
-0.0004391063114
0.0007949844977
-0.001553397961
0.00111976898
-0.002175371705
0.0009668684758
-0.001693027183
0.0006443804355
-0.0009406909628
0.0004818123115
-0.0004983395869
0.0005682981216
-0.0004037292532
0.0006674925978
-0.0007894270316
0.0003072966426
-0.002725638586
0.0003379942094
-0.0008388539175
0.0005999423586
-0.0007525861973
0.001005742246
-0.001210214636
0.001432679857
-0.001435258349
0.001880029854
-0.001642174984
0.001815340086
-0.00202371425
6.769092564e-05
-0.003167047207
-0.009052807551
-0.001985649329
-0.00892416881
0.002338505612
-0.00994924979
0.004656953889
-0.008627529076
0.005753571444
-0.003250410188
0.003159249303
-0.001839104529
-0.0008129155563
-0.01812007958
0.001735886993
-0.0136451405
0.002084095133
-0.0008434155896
0.004620797888
0.001638889999
0.00612696876
0.004701369212
0.00744233357
0.005412119945
0.008083789583
0.004263717062
0.006822155841
0.003319212756
0.004431219401
-0.001795484388
-0.0008053914386
-0.003274777063
-0.001012836698
-0.002389019979
-0.0004906995136
-0.00105984027
-0.000222210619
-0.0004285905378
-0.0001092410578
-0.0001831222
-5.288226512e-05
-8.919976653e-05
-2.139132805e-05
-4.669087841e-05
-5.476550039e-06
-2.152823531e-05
-4.428354096e-07
-6.750216045e-06
3.650726321e-08
-9.986272583e-07
5.050082547e-07
-2.035711299e-06
1.62901512e-06
-6.453478204e-06
7.163102848e-06
-1.821489052e-05
2.488864791e-05
-4.338998499e-05
-2.294080349e-06
-0.0002412796502
-1.236891062e-07
-8.685376719e-05
2.089726603e-08
-1.528672053e-07
1.182506978e-05
-1.977633309e-06
1.765013252e-05
-3.136865114e-06
2.005368598e-05
-5.200079411e-06
2.57048878e-05
-2.964565124e-05
1.522207902e-06
-7.429586038e-05
-0.00107645291
-0.003172039474
-0.0002648548777
-0.0008652515093
-0.0001803349576
-0.0003135180991
-7.823458422e-05
-0.0003479928879
-1.940999568e-05
-0.0001506065043
8.040218344e-05
-0.000148440718
0.0001623020721
-0.0001787593192
0.0002595020105
-0.0002745701911
0.0007682987398
-0.001619694337
0.0010080478
-0.002072982854
0.0007982329238
-0.001403568406
0.0004954065729
-0.0007185411128
0.0003363376743
-0.0004123484698
0.0003496147096
-0.0003656204559
0.000327998799
-0.001126965826
-0.0006075329151
-0.004638497529
-3.532213089e-06
-0.001058032633
0.0004015061116
-0.000422782748
0.0008205902127
-0.0007258300872
0.00120633545
-0.0009031052815
0.00159666799
-0.001073218338
0.001949504275
-0.001320326673
0.001855168777
-0.002062723956
-0.002823344477
-0.003147126325
-0.004539247055
0.001913586857
-0.004275078202
0.001854286052
-0.002930719812
0.001308577397
-0.001493244636
-0.001304614525
-0.001378900388
-0.0008266234268
-0.01667865042
-0.0007539121942
-0.01176315875
0.0001873530081
-0.0005020734945
-0.001369311408
-0.0001938809776
0.001376205006
0.002931858567
0.003383433803
0.0048074318
0.003555530412
0.004692818852
0.003246421491
0.001606988087
-0.002010816102
-0.001414226863
-0.00204874067
-0.002718622598
-0.001467794883
-0.002028929221
-0.0007602935923
-0.001229361782
-0.0003359233985
-0.0005873598872
-0.0001450601856
-0.0002353591063
-6.018938716e-05
-9.203569128e-05
-2.034290852e-05
-3.928005491e-05
-4.334087453e-06
-1.473409261e-05
-3.233671641e-07
-3.9495669e-06
5.960890166e-09
-7.273652818e-07
5.491381199e-07
-1.986080945e-06
1.534301402e-06
-4.225650438e-06
5.262594815e-06
-9.377510181e-06
1.855795585e-05
-2.485967613e-05
9.877922864e-06
-0.0001235720569
-3.82308522e-08
-0.000109488441
1.118456576e-08
-8.409522539e-08
1.141414576e-06
-2.850306428e-06
2.360647464e-06
-3.689211984e-06
4.292036917e-06
-6.179812854e-06
2.117143204e-05
-4.560595032e-05
7.081489447e-06
-5.347999066e-05
-0.0006039314661
-0.0009511253845
-0.0002174094489
-0.0005543265791
-0.0001852368714
-0.0002841731307
-5.271919668e-05
-0.0004997666747
-1.301150907e-05
-6.76520747e-05
4.607248375e-05
3.437358405e-06
0.0001182049123
-6.599532857e-05
0.0001764146745
-0.0001188556053
0.0006153883169
-0.001456763551
0.0007346546011
-0.001753531661
0.0005311501756
-0.001116447168
0.0003362881394
-0.0006449899224
0.0002710954528
-0.0005347470898
0.0002955604677
-0.0006158449234
-0.0002056961905
-0.002031486622
-0.0009107020946
-0.005434527387
-1.491880489e-05
-0.001317780719
0.0002630720334
-0.0002083522243
0.0005909956936
-0.0003006546824
0.0009134489589
-0.0004062867813
0.001231260078
-0.0005405123348
0.001527372914
-0.0007122427254
0.001433119187
-0.0009314990447
0.001400069333
-0.001285096541
-8.005505e-05
0.0001797419302
0.001497546312
0.001074009114
0.002677471751
0.0009093344036
-0.0005188326462
-0.0004005483941
0.0001515461121
-0.000944103489
-0.01298408103
0.0001054252585
-0.01153689749
0.0002014778327
-0.0007079527226
-0.002149143487
-0.000781709736
-0.0009727679221
-0.0002701212238
0.000389599678
-0.0003770460855
-0.0009145645312
-0.0006226740538
-0.003467021223
-0.001043745761
-0.002422813849
-0.001427549585
-0.002081971543
-0.001801685561
-0.001534638947
-0.001557906011
-0.0009398518161
-0.001098426343
-0.0004480626559
-0.0006089450122
-0.0001808319473
-0.0002488457066
-6.784143608e-05
-8.233196222e-05
-1.945369376e-05
-2.99112201e-05
-3.478282146e-06
-9.125220363e-06
-2.89904904e-07
-2.176967125e-06
-6.090899806e-09
-6.899625162e-07
7.514490907e-07
-2.318699055e-06
1.885672005e-06
-4.019839779e-06
4.8477721e-06
-8.694681258e-06
1.490661358e-05
-2.291629734e-05
3.814043171e-05
-6.280310344e-05
-1.127840662e-08
-0.0001026351316
6.868111856e-09
-1.330704111e-07
1.544852166e-06
-4.448679539e-06
3.019944944e-06
-5.000416272e-06
4.040985116e-06
-7.030399706e-06
2.455885175e-05
-6.658996906e-05
7.465547367e-06
-3.298861667e-05
-0.0002544130698
-0.0001261244086
-0.0001626911607
-0.0003637821281
-0.0001984036738
-0.0002932693113
-4.201160326e-05
-0.0007810897023
-6.452573178e-05
8.800465501e-05
0.0001164504146
0.0005629760926
0.0001469835658
6.934137804e-06
9.83267372e-05
3.734800477e-05
0.0003834973857
-0.00104332383
0.0004592060186
-0.001379927607
0.0003635467655
-0.001035982931
0.0003191085223
-0.0008749823291
0.0004059435745
-0.001061745759
0.0004989605663
-0.001344748663
-0.0001772313494
-0.00211462495
-0.0005878398777
-0.00551197307
0.0001080006897
-0.00244100411
0.000163552651
-0.0001029961816
0.0003009201025
-1.088048704e-05
0.0005007188447
-0.0001750748208
0.0007179572264
-0.0002135863177
0.0009080354626
-0.0003148114343
0.001040425456
-0.0004401606448
0.001162032945
-0.0005863482938
0.003017371281
-0.0005046369063
0.003545752346
-0.0005449674417
0.003849748923
-0.0005304264015
0.002988716725
-0.0005077461724
0.002342357629
-0.0003934701717
-0.008270276808
-0.0001292636255
-0.01127521945
-0.0003919742419
-0.0006815801183
-0.0005851839227
-0.0006564135935
-0.000721271982
-0.0002943047811
-0.000994619995
-0.0003827773856
-0.001369058038
-0.0005301977129
-0.001585047434
-0.0007363086732
-0.001455729712
-0.0009489914229
-0.00139526564
-0.001057420125
-0.001107759771
-0.000966428706
-0.0007360516903
-0.0007439508697
-0.0003944821646
-0.0004572194147
-0.0001658818965
-0.0001925377669
-6.105218467e-05
-4.881773776e-05
-1.616221086e-05
-1.597452576e-05
-2.681878433e-06
-4.329031153e-06
-3.361335299e-07
-1.172962411e-06
-9.505463381e-09
-8.187520554e-07
1.146835519e-06
-3.067714863e-06
2.636515793e-06
-4.655894859e-06
6.620991486e-06
-1.147915475e-05
1.781688489e-05
-3.010952342e-05
4.046294378e-05
-5.513601416e-05
1.598881246e-05
-8.853567554e-05
-3.707496004e-07
9.782927815e-06
1.036188595e-06
-6.109871179e-06
1.905961237e-06
-5.418925218e-06
1.360987108e-06
-6.098604293e-06
2.029200841e-06
-6.367137699e-05
7.056212933e-06
-3.381323287e-05
1.992921827e-06
-8.466008136e-05
-7.792827772e-05
-0.0001758790378
-0.0001588795696
-0.000267372183
-1.040575969e-05
-0.0007133218523
-3.832790698e-05
3.707840192e-05
3.274210586e-06
0.0007985246105
0.0001385989275
-0.001719322355
2.755884201e-05
4.507319883e-05
0.000216198317
-0.000633740323
0.0003698255387
-0.001066073416
0.0004258505731
-0.00109166547
0.0005848226864
-0.001401619046
0.0009119505696
-0.001951467336
0.001366567617
-0.002261430543
0.001913167127
-0.002594906787
0.001612253028
-0.004638898777
0.0004577476313
-0.003665358236
0.0001504240682
9.184257049e-05
0.0001309259177
0.0001959650397
0.0002767782861
-0.001678042483
0.0003030199179
-0.0005771451488
0.0003720978896
-0.000332317467
0.0004903554663
-0.0003326523247
0.0006713548992
-0.0004117766539
0.001186399017
-0.0005187818275
0.001554515988
-0.000608418052
0.001567267653
-0.0006324291689
0.001304654821
-0.0006146078255
0.0008507482913
-0.0004599065717
-0.007092343673
-0.0002365237582
-0.01090031373
-0.0003257785805
-0.0007123542808
-0.0003071847276
-0.0005457642019
-0.0003526685731
-0.0002960183319
-0.000438964243
-0.000364268336
-0.0005634391959
-0.0004552391707
-0.0006895228994
-0.0005533886125
-0.0007560260466
-0.0006357775347
-0.0007144632958
-0.000680095865
-0.0005721998896
-0.0006465320331
-0.000383672979
-0.0005314613492
-0.0002074720471
-0.0003446958843
-8.257114773e-05
-0.0001411800648
-3.144577273e-05
-1.820494925e-05
-8.602101553e-06
-5.235532821e-06
-1.804278869e-06
-1.546202214e-06
-4.810698901e-07
-8.750065579e-07
-1.495480847e-08
-1.129344038e-06
1.89761337e-06
-4.492680024e-06
3.661397206e-06
-5.828274285e-06
1.002692598e-05
-1.799117492e-05
2.609314044e-05
-4.541321975e-05
4.104283447e-05
-5.596923128e-05
3.198181535e-05
-5.039787792e-05
-1.985801153e-06
3.301377443e-05
1.545025105e-06
-1.055787646e-05
3.608013119e-06
-6.060089781e-06
1.717642435e-06
-3.246112212e-06
-2.32564531e-06
-5.018569699e-05
3.197196189e-06
-3.505096626e-05
-1.817213764e-05
-5.224476282e-05
-9.060223885e-05
-3.88838506e-05
-0.0001310408053
-9.549258853e-06
-1.277260372e-05
-4.084392931e-06
-9.32068771e-05
6.852765428e-05
-0.0006672131874
0.001886741788
0.0004578348625
0.0006061978529
8.697443782e-05
0.0002141119288
0.0001505621082
-0.0003272791787
0.0003772322169
-0.0007430241947
0.0006164843253
-0.001023121507
0.00112697046
-0.001789171037
0.001701335413
-0.00256213365
0.002059260799
-0.002825750645
0.002240602951
-0.00284787869
0.002346195225
-0.003554158258
0.001230048809
-0.003830535827
0.0004646224615
0.0001219135296
0.0004747901972
0.0004064639355
0.001639045634
-0.008904605417
0.0007889037763
-0.002667614295
0.0004450526464
-0.0007121487631
0.0004206017212
-0.0003188129992
0.0005307294916
-0.0003036369315
0.0007076255619
-0.0003794741773
0.0008766381017
-0.0004707730102
0.0009475320443
-0.0005244949781
0.0008924315022
-0.0005458075172
0.0006498338901
-0.0004336956427
-0.007179871971
-0.0004433398278
-0.01057010994
-0.0004362898651
-0.0007671116135
-0.0003276796637
-0.0005008382124
-0.0003559965412
-0.0003130752858
-0.0004044549338
-0.0003643824207
-0.0004536724461
-0.0004252204658
-0.0004837905971
-0.0004849697656
-0.0004802595032
-0.0005337740261
-0.0004311442615
-0.0005586747259
-0.000339330913
-0.0005377129118
-0.0002191995195
-0.0004537560832
-9.994221752e-05
-0.0003049807561
-2.206990916e-05
-0.00013247539
-7.467344356e-06
-1.212015973e-05
-2.251856756e-06
-3.414364376e-06
-1.10277091e-06
-1.019144339e-06
-7.820814293e-07
-8.071427658e-07
-1.31000582e-07
-1.616153958e-06
3.180221392e-06
-7.130160173e-06
5.235788996e-06
-7.616078019e-06
1.522702162e-05
-2.916085968e-05
3.692716622e-05
-6.91339829e-05
4.127151523e-05
-5.053437866e-05
1.879712392e-05
1.329397718e-05
-6.718854833e-06
4.424434043e-05
-1.426236256e-06
-1.644222291e-05
3.450541536e-06
-7.721732656e-06
8.225698319e-07
3.397783513e-07
-6.52694693e-06
-3.973861519e-05
-3.490290564e-06
-3.741461553e-05
-5.055112746e-06
-4.520251303e-05
-3.986451824e-06
-1.260461834e-05
-9.275927886e-06
6.495572442e-06
2.067575158e-06
3.421864726e-05
3.833437642e-06
6.576332813e-05
-1.195402669e-05
0.001763070322
8.394008196e-05
0.0004389989505
3.304027221e-05
0.0001264550139
9.715871478e-05
-0.0001554344846
0.0003405899973
-0.0004185856733
0.0007518406235
-0.0007799587264
0.001503095947
-0.001587770339
0.002096351417
-0.002195587652
0.002299748271
-0.002311780515
0.002252089841
-0.002185284147
0.002270097603
-0.00227077165
0.001815513022
-0.002615742665
0.001662626942
-0.002330430786
0.001643186941
-0.001614783474
0.004531294109
-0.01493823005
0.002354332307
-0.006174925496
0.0008737171206
-0.002001979518
0.0004443584657
-0.0005643312886
0.0004445841001
-0.0002787200221
0.0005732170368
-0.0003000632583
0.0007204125565
-0.0003796045393
0.0008166070079
-0.0004614355296
0.0007988185013
-0.0005293605048
0.0006229810615
-0.0004483935168
-0.008451162325
-0.0006331012743
-0.0005203013853
-0.0003866106527
-0.0004023097008
-0.0004251556553
-0.0004411469399
-0.0004419638819
-0.0004212262273
-0.0004879227988
-0.0003707264344
-0.0005116549699
-0.0002888396413
-0.0004850444047
-0.0001825047347
-0.0004142966791
-7.846093752e-05
-0.0002878220444
-1.234943671e-05
-0.0001353899638
-3.875391425e-06
-1.044574162e-05
-1.19435224e-06
-2.637634021e-06
-7.979725312e-07
-8.122508995e-07
-1.276642826e-06
-1.72557362e-07
-1.230608391e-06
-1.447915915e-06
5.102814903e-06
-1.231784282e-05
6.834323176e-06
-9.498657164e-06
1.763627371e-05
-4.169553748e-05
2.720841575e-05
-9.423872875e-05
2.658757251e-05
-3.550226235e-05
-3.2139684e-06
0.0001074738156
-2.881277276e-05
6.292171169e-05
-1.470476591e-05
-2.444011596e-05
-1.343562448e-07
-1.63767723e-05
1.408532989e-07
3.821282915e-07
-1.298086989e-05
-3.117984276e-05
-1.405566576e-05
-4.036390477e-05
-1.864743496e-05
-4.417823523e-05
-2.221993375e-05
1.953437399e-05
-1.224760428e-05
6.619381069e-05
9.542533179e-07
3.904222492e-05
6.243172436e-06
7.052205285e-05
9.77277589e-05
0.001016889617
9.46932148e-05
0.0002178383995
6.566887289e-05
0.0001191400742
6.038514794e-05
-3.11038995e-05
0.0002473570545
-0.0001633450021
0.0007280273207
-0.0004336055871
0.001311880247
-0.0009139371477
0.001657297803
-0.001181793614
0.001739782672
-0.001214804498
0.001698756775
-0.001155361948
0.001713671587
-0.001142188274
0.00160244839
-0.001474989759
0.0005538777264
-0.00311650349
0.001013059782
-0.0041505813
0.008223661643
-0.0135178
0.006090729833
-0.007603716424
0.002821710412
-0.003545777838
0.0009385868136
-0.001262031382
0.0004707504553
-0.0004220510686
0.0005035459107
-0.0003164741586
0.0006430048672
-0.000383227132
0.0007923268777
-0.0005186343105
0.0008407088065
-0.0006882911105
0.000727070641
-0.0006523614994
-0.01147293977
-0.0004260030256
-0.0003671824857
-0.0002865960433
-0.0001840851664
-8.28002549e-05
-0.0002787904082
-1.266087445e-05
-0.0001492174768
-3.980731407e-06
-1.110426451e-05
-2.011830175e-06
-8.677098272e-07
-2.778844922e-06
9.202395141e-07
-5.728348845e-06
3.410867137e-06
-1.08976885e-05
4.867794104e-06
-1.351388027e-05
-6.399366927e-06
-3.43936769e-05
1.138738911e-05
-8.929265789e-05
1.200147552e-05
-6.84183137e-05
-0.0002164979819
-0.0001092161019
1.363779321e-05
-0.0001560996546
0.0003562133115
-0.0001032728942
0.0001681525697
-3.974667737e-05
-2.850958251e-05
-3.640746144e-05
-1.749657411e-05
-2.035341255e-05
-2.08324076e-05
-2.412716255e-05
-3.510943428e-05
-3.18607013e-05
-4.165003201e-05
-4.001844458e-05
-2.722244017e-05
1.142713129e-05
-2.250957831e-05
-3.428133359e-06
4.899377358e-05
-0.0001780051217
0.0003183372013
-0.001551294498
0.0004629880217
-0.002839612211
0.001101821696
-0.001139378973
-0.0002471618482
-2.890946388e-06
-2.728621143e-05
1.30563433e-05
-4.054698037e-06
0.0001289681925
-8.437697618e-05
0.0004476277835
-0.0002188125953
0.0006754689215
-0.0003781584634
0.0007838581163
-0.000513223909
0.0008331759398
-0.0005694209829
0.0008706222861
-0.0005841313665
0.0009462022687
-0.0006027623054
0.0003803594491
-0.0006734653248
-0.004544394012
-0.000839360829
-0.002859069074
-0.001274684961
0.01332502032
0.003986575828
0.01351145733
0.0002365323249
0.008518615892
-0.0007799956625
0.003298854151
-0.0006490809905
0.0009842646413
-0.0005080089153
0.0005968038768
-0.0004922181043
0.0007154001278
-0.0005989460877
0.0009157173218
-0.000795566541
0.001067523416
-0.001169281726
0.001103023625
-0.001260133183
-0.01598917573
-0.0001025727519
-2.307599705e-05
-8.504553925e-06
-2.749816187e-05
-5.891240622e-06
3.811745782e-06
-6.692839521e-06
5.676206648e-06
-9.376325799e-06
9.422572608e-06
-8.853867766e-06
9.952828986e-06
1.547929048e-06
-8.026367591e-06
0.0003959461173
-2.999833211e-06
-0.0006072370726
0.00109660923
-0.001636838473
0.0002456058029
-0.001311104724
-0.0001572754992
-0.0007846840919
0.0004312279296
-6.148923696e-05
0.0001092149849
-3.367978582e-05
-2.022392971e-05
-3.334213507e-05
-2.476921475e-05
-3.529660967e-05
-3.070985081e-05
-4.550529661e-05
-4.359486396e-05
-7.469949874e-05
-3.449065031e-05
-0.0002174553804
-5.21969738e-05
-0.0006456550755
-0.000255753767
-0.001447413708
5.93417639e-05
-0.003057434209
0.001140893394
-0.00396255715
0.001678803751
-0.0008931004576
0.000417455537
-7.783612696e-05
-0.0003253509923
-1.935967249e-06
-6.544289468e-06
1.058586928e-06
1.989474584e-07
4.700733439e-05
-0.0001626143089
0.0001390850036
-0.0001391434791
0.0002168020532
-0.0001779950828
0.0003060272859
-0.0003001601039
0.0003855952664
-0.0003647671775
0.0004635841905
-0.0003949368605
0.000559615115
-0.0004215599961
0.0007128776037
-0.000474080758
0.001009361831
-0.0006502620898
0.001507609571
-0.001032562156
0.005025766589
0.006210854553
0.002648413267
0.000930219575
0.001613220269
-0.001402624304
0.001142441288
-0.001817323803
0.001012540452
-0.001470366585
0.0009642522541
-0.001183256369
0.001088477531
-0.001142525175
0.001359112232
-0.001244975458
0.001658105518
-0.001725837847
0.001905125402
-0.001979660384
-0.01964191334
-1.404517844e-05
-1.02567625e-05
-8.987254678e-06
-8.338274152e-06
-5.302115087e-06
1.095171399e-05
-2.205532951e-07
-1.1988987e-05
3.661137996e-06
-4.97812774e-06
-3.425475075e-05
-4.685476024e-06
-0.0002780682524
-2.581731714e-05
-0.0002865401484
-0.0003937401683
-0.0001072711877
-3.322414983e-05
-3.061734684e-05
-2.068030447e-05
-3.391104744e-05
-2.468011482e-05
-4.104590914e-05
-3.395471365e-05
-7.350137551e-05
-3.944346624e-05
-0.0002410137095
-3.796772312e-05
-0.0008394452311
-0.0001167651567
-0.001229363945
-0.0004517321308
-0.001032048671
-0.0003097848868
-0.001097315305
0.0001028659254
-0.001445994676
0.001118822783
-0.001445684426
0.002105551135
-4.241229502e-05
0.0009291066161
-1.472671701e-06
-1.642280595e-05
-3.89092736e-06
-1.48692339e-05
-0.0001766101948
4.007922609e-05
-7.007414317e-05
-0.0002200750786
1.331128066e-05
-6.478203449e-05
9.32833971e-05
-0.0001141836593
0.0001909217614
-0.0002117416956
0.0002830424669
-0.0002673946961
0.0003713714039
-0.0002985316819
0.0004701486465
-0.0003273665439
0.0005988222329
-0.0003749913031
0.000846239902
-0.000666096083
0.001276288229
-0.0008314056343
0.004787708368
-0.0002836994518
0.005922563694
-0.002444750346
0.006859810806
-0.00403838529
0.005739122436
-0.003704430886
0.003617198038
-0.002477901021
0.002299347073
-0.001600651053
0.001875667034
-0.001263033807
0.001987719839
-0.001230649325
0.002254364189
-0.001703049835
0.002592732647
-0.002046127437
-0.01954793854
-5.645342647e-06
-1.861602771e-07
3.553912825e-06
-7.684717452e-06
1.506638252e-05
-2.681336811e-05
1.114728686e-05
-0.0001019749372
-0.000314036557
-0.0007528037923
-4.498242108e-05
-0.0001395281488
-3.418805237e-05
-2.626358781e-05
-4.209100784e-05
-2.929547815e-05
-5.926633221e-05
-4.15699723e-05
-7.987457885e-05
-5.916851453e-05
-0.000421051383
-4.42987064e-05
-0.001162696918
-0.0003516062186
-0.00112103272
-0.0005209045264
-0.0009539488883
-0.0003112751958
-0.0008866213962
3.308687411e-05
-0.0009788706147
0.0007656212497
-0.0007114382765
0.00183710865
-2.343337367e-05
0.0004719196014
-0.0001597444943
1.271165246e-06
-0.000584535916
6.187158582e-05
-0.0003656394803
-1.389826872e-05
-5.865223416e-05
-0.0001973918278
-3.655080409e-07
-6.243699384e-05
6.901003751e-05
-7.19620741e-05
0.0001631252869
-0.0001315789275
0.0002555078579
-0.0001696593947
0.0003468347114
-0.0002022173
0.0004483075953
-0.0002386338618
0.000557763103
-0.000291753078
0.0009058052481
-0.001149404733
0.001151433741
-0.00106317132
0.002194703164
-0.00100377963
0.004264291857
-0.00198807896
0.00604482791
-0.003570801688
0.005222055297
-0.003492966642
0.003357922486
-0.002228857208
0.002168910697
-0.00127178459
0.001742852487
-0.0008661081004
0.001778225778
-0.0007446060215
0.001968140495
-0.001056863423
0.002355686657
-0.001325188583
-0.01571451236
2.872891307e-06
6.099016129e-06
-0.0004183894681
-0.0002698458852
-2.472470713e-05
-0.0001533016938
-2.995034251e-05
-2.575715695e-05
-4.17751727e-05
-2.670599016e-05
-5.711765632e-05
-4.654596127e-05
-5.963945854e-05
-9.028481858e-05
-0.0001328012088
-5.388975949e-05
-0.0005412138174
-0.0005520032001
-0.0008729657833
-0.0006208377546
-0.0008996034392
-0.0005949435943
-0.000736417726
-0.0003879898783
-0.0006507493136
0.0003662381984
-0.0001555459159
0.001000881183
-3.692249038e-05
0.0001590819447
-0.0001562207359
4.767108451e-05
-0.0003768745302
0.0001962139758
-0.0001495588455
0.0002059327075
-5.399686383e-05
-0.0001644863227
2.893988033e-07
-7.874817925e-05
5.252848159e-05
-3.010558679e-05
0.0001244506068
-5.120686554e-05
0.0001977060333
-6.892702375e-05
0.0002873179458
-0.0001276028435
0.0003928778076
-0.0001892008585
0.000469553307
-0.0002351332726
0.00108921097
-0.002211083458
0.001186972754
-0.001851097373
0.001228621603
-0.001235422777
0.002287397413
-0.001724273699
0.003683242638
-0.003175199961
0.003396899686
-0.003190879253
0.002191809338
-0.001903790284
0.001350316997
-0.0008444506482
0.0009932288018
-0.0003892229377
0.0009431581716
-0.0002327432386
0.0009946042976
-0.0003505598988
0.001285188204
-0.0005159311923
-0.01128655404
-2.522934332e-05
-2.609420772e-05
-3.463272752e-05
-1.969894848e-05
-4.374277949e-05
-3.717315405e-05
-3.728831932e-05
-7.782752008e-05
-7.723909185e-05
-6.641254101e-05
-0.0003135136558
-0.0003350022252
-0.0008456863478
-0.000343845148
-0.001442069489
-0.0008803633707
-0.001337875076
-0.001561949583
-0.0007675112182
-0.0003477130597
-0.0001957669786
0.0003122879956
-0.0002299781638
0.0001476019918
-0.0004159345568
0.0002723789526
-0.0005291574567
0.0004710702433
-0.0001670155547
0.0002794991154
-6.624543139e-05
-0.0002116137366
3.592688106e-06
-0.000111675968
2.771084412e-05
-1.988594121e-06
6.196481245e-05
-5.621568041e-07
9.553679872e-05
-1.221232851e-06
0.0002266775889
-0.0002459025485
0.0003536469122
-0.0003565230087
0.0003873179594
-0.0002980327369
0.001327490262
-0.003168357119
0.001401740005
-0.002739816845
0.001147182608
-0.00181351816
0.001835699999
-0.001646194124
0.00325458726
-0.002562712079
0.00312653001
-0.002736260787
0.001776412143
-0.001754143194
0.0007581551401
-0.000720959665
0.0003661404848
-0.0002369776605
0.0002718312205
-9.470144689e-05
0.0002116153212
-0.000122327831
0.0003021667178
-0.0002025885591
-0.009062441065
-2.256282968e-05
-8.389561498e-06
-2.341063618e-05
5.768845845e-06
-0.0002354418722
-6.546055765e-05
-3.737639414e-05
-0.0004255363658
-1.535009193e-05
-0.0006713369554
-3.675443945e-07
-0.00175862312
-0.0005422640367
-0.002388229273
-0.002372298363
-0.001799144053
-0.001127596012
-0.0009543551641
-0.0003500978505
-0.0007828804732
3.022461125e-05
-0.0007724770174
0.0003855031253
-0.0006227731456
0.0005877235245
-0.0002313330237
0.0002743313542
-7.911812174e-05
-0.0003346949262
3.611862819e-06
-0.0001171810647
9.430264749e-05
5.17956595e-06
0.0001923847626
2.01685908e-05
0.000254660465
2.321522774e-05
0.0006007957329
-0.001167122805
0.0005656215505
-0.0009752783436
0.0004226125307
-0.0005118417269
0.00162688201
-0.003469182329
0.001859917392
-0.003157886281
0.001543980801
-0.002376373281
0.001774930336
-0.001822220446
0.002881982303
-0.00199382429
0.003021658873
-0.002223473001
0.001867308587
-0.001787506376
0.000754646644
-0.0009314948359
0.0002777527092
-0.0003190753009
0.0001370427228
-0.0001131778315
2.471691862e-05
-9.791968372e-05
1.773144902e-05
-0.0001168622174
-0.008369420938
7.638909576e-06
-1.851080786e-05
0.0002038325462
-0.0004328545733
-5.821280286e-06
7.380564092e-06
-4.638803741e-05
8.893621403e-06
-8.978073936e-05
-1.294211119e-07
-0.0008280132119
-0.0001211081985
-0.00190015969
-0.002003485637
-0.001357785686
-0.00113488383
-0.0008540158196
-0.0005134226833
-0.0007342483154
-0.0003604624772
-0.001049750834
-7.77874319e-05
-0.001101527941
-0.0001176578501
-0.0003942825967
-0.0003735582146
-8.994888833e-05
-0.0003567524473
3.254462788e-07
-8.564978971e-05
0.001698774142
-0.0001812711297
0.003176985844
-0.0003672998203
0.003344628089
-0.0004726901555
0.002001957556
-0.0006911843519
0.000832706286
-0.0009195573592
0.0005118827455
-0.000489714072
0.002003566634
-0.00296377636
0.002557728301
-0.002931476522
0.002488544795
-0.002497537877
0.002306852418
-0.002105220478
0.002604295925
-0.001854908067
0.002842143477
-0.001837699432
0.002300891898
-0.0016962192
0.001254004822
-0.001141000901
0.0005118842765
-0.0004617343273
0.0002194967607
-0.0001456884445
9.654800036e-06
-8.29383523e-05
-4.642859336e-06
-7.524574241e-05
-0.008636567796
8.249033033e-06
-3.273694006e-05
-6.291505299e-05
-1.400823049e-05
4.364908169e-05
-7.799954121e-06
6.125381888e-06
1.779978816e-06
-4.669970724e-05
-0.0001071467186
-2.314436429e-05
-0.0006025404521
-0.001835962883
-0.0007009073856
-0.0006404663726
-0.0004969161016
-0.0004099476071
-0.0001938474276
-0.0007094614986
-0.0004206217027
-0.0002388377186
-0.0008348068185
-0.0003597574106
-0.0003756760546
-0.0003536822464
-6.649296174e-05
-0.0001823425551
-1.261528562e-06
-5.512296885e-05
0.0001007608058
-5.360975889e-05
0.0002611846807
-0.0001146434463
0.0003478541933
-0.0001971964157
0.0001276950052
-0.0006899390592
-0.0004419385966
-0.001037203253
4.545757008e-05
-0.0006560764613
0.002346512743
-0.001819619418
0.003427517426
-0.001937743288
0.003859636152
-0.001988852905
0.003679469869
-0.002022743844
0.003010434951
-0.001888126298
0.002608180425
-0.001605123512
0.00244125195
-0.001439287258
0.001824179928
-0.001141847232
0.0009349440867
-0.0005927155217
0.0003778637811
-0.0001703949138
-5.582162824e-06
2.621703746e-07
-0.000214330442
-2.291326874e-06
-0.009803361837
7.428953948e-05
6.617908871e-05
0.0003425270265
0.0002270273545
8.582555475e-05
0.0003105936321
0.0001385955167
0.0001259283827
7.539342703e-05
1.70827338e-05
0.0005917500016
-0.002799351222
0.0003636716029
-0.0003713533548
6.11883503e-05
-0.0001588608685
-0.000170148109
-0.000503327867
-0.0004305252054
-0.0004431415149
-0.000573466417
-0.0003781317044
-0.0002643194738
-0.0002549675563
-5.494379759e-05
-0.000108297737
-1.444382544e-06
-3.758220029e-05
2.658197328e-05
-3.071922934e-05
7.918557028e-05
-6.686190301e-05
6.659780403e-05
-9.454456192e-05
-0.001083289173
-0.0001015665646
-0.001309283974
-0.0001256756505
2.084424387e-05
-0.0002891243741
0.002729798793
0.0006734227686
0.004387129493
0.0006869410093
0.005639223292
-1.139414266e-05
0.005641665363
-0.0007733474774
0.004061751458
-0.0009431566816
0.002550152722
-0.0009144124743
0.002190809749
-0.0009990143216
0.002102109558
-0.0009773170893
0.001546938015
-0.0005723786181
0.0008217461555
-7.704794247e-05
0.0001252827367
0.00018123777
0.0001042709094
0.0001102932699
-0.01137034107
-3.644184913e-05
0.000396633569
-0.0003561879387
0.0003057665416
-0.0007937322408
0.0003127434107
-0.001376952553
0.000282046288
-0.001971427852
0.0003385158975
0.003197489414
0.002667088631
0.001862159742
0.0004938962305
0.001256364921
0.0002701955115
-0.0001608727154
5.699693745e-05
-0.0007934872475
-0.0007567865585
-0.0006648641231
-0.0005359843961
-0.0002502135793
-0.0003844255585
-5.719702136e-05
-0.0001100791542
-2.290372618e-06
-1.911717905e-05
2.420164635e-05
-9.495605261e-06
7.599364293e-05
-2.241010076e-05
0.0001405847459
-3.324615543e-05
0.0002200297708
-4.462881622e-05
0.0003689372818
-0.0001072207616
0.0007667607156
-0.000458947726
0.002595374654
0.002353072779
0.003233185711
0.002003421663
0.002965135664
0.000338685696
0.002221759207
-0.0007660065737
0.001497943162
-0.0007783718018
0.00116606393
-0.0006262838449
0.001443841962
-0.0006367995999
0.001967150144
-0.0007819054966
0.001861251614
-0.0005845550047
0.001331221312
2.126723047e-06
0.0007168615501
0.0002805005659
0.0005609707955
0.0002310676769
-0.01262231409
-0.0002884791265
-0.0003301013027
0.0002922562356
-0.0003213085896
0.0001565843046
-0.0002934677429
8.18285332e-05
-0.0001921074239
7.045338717e-05
0.0005831318137
0.001514417088
0.0004277610775
0.0004825512264
0.0002941665741
0.0003974525466
-0.001422592386
0.0003898664612
-0.001994738681
-0.0003786368351
-0.001213329768
-0.0003181651777
-0.0003277939124
-0.0006178346344
-4.586119444e-05
-0.0001620158126
-2.148088787e-06
1.410425278e-06
1.332181885e-05
3.53479947e-06
4.516552792e-05
7.138144507e-06
8.647792193e-05
9.244160664e-06
0.0001339442185
1.117758938e-05
0.0003701131088
-0.0001020464651
0.001120126301
-0.0007441566666
0.004365349872
0.001157779835
0.004870814834
-0.0002611200418
0.003147893335
-0.0006433129455
0.001683711084
-0.0006016379264
0.001012297683
-0.0005096517812
0.0007898416614
-0.0004205902473
0.0009457526079
-0.0003852120921
0.001798636167
-0.0004480324567
0.002720617731
-0.0004883471616
0.002691194337
-0.0001203272225
0.002071291262
0.00030892385
0.001819877315
0.0002482453932
-0.01291898206
-0.0003414773191
-0.0003072442731
0.0001777790657
-0.0001570162629
-0.0002438547505
3.531961784e-05
-0.0002934270053
0.0003874349119
0.0008833070439
0.0003138846682
0.0003058431708
0.0002685054194
0.0003933449578
0.0004031734974
0.0003667940984
0.0001215442794
-0.0001907789371
9.103457062e-05
-0.000164522236
-5.5621213e-05
-5.134739177e-05
-4.185304314e-05
1.633552025e-05
-4.517997701e-08
3.875908227e-05
1.853904441e-05
2.33075009e-05
4.813277245e-05
4.58326968e-05
8.156784699e-05
5.941761026e-05
0.0001252809722
8.696307426e-05
0.0007055430021
-9.86244202e-06
0.001284345324
-0.0006350748276
0.002302099025
-0.0005894122849
0.0015621625
-0.0006018493138
0.0009776900806
-0.0005468582609
0.0007114400842
-0.0004688283225
0.0006010306857
-0.0003954114591
0.0005687875762
-0.0003353917373
0.0006441712377
-0.0002952186746
0.001134465412
-0.0002903315084
0.002639553943
-0.0003070369556
0.004605129324
-0.0003518868285
0.005727500275
-0.000500758302
0.005292693872
-0.0008300977882
-0.01166918437
-0.0002665581224
0.0003256797293
-0.0001135174414
-0.0003050900188
0.000148188805
-0.0005712316963
0.0003319202181
0.0002694250742
0.0002655824426
0.0001061960432
0.0001996616135
0.0001777114172
0.0003138759233
0.0003528314551
4.592689924e-05
2.450613121e-05
1.792755497e-05
-3.687552736e-05
-8.445219345e-06
5.716330124e-05
-4.965594238e-05
1.736154966e-05
2.816020617e-05
7.131099122e-05
6.913072059e-05
0.0001054625212
0.0001515060909
0.000183971612
0.0002579127367
0.0002479704037
0.000395043442
0.0003866838027
0.0009682549602
0.0001747969265
0.0008268247161
-0.0002666673692
0.0006626705496
-0.0003204964867
0.0005728386005
-0.0003460357434
0.0005406384144
-0.0003573408248
0.0005327278987
-0.0003407809648
0.0005315663488
-0.000305339483
0.000543214297
-0.0002669870895
0.0005964828114
-0.0002399659699
0.0007964369892
-0.000240663799
0.001336684518
-0.0002981816013
0.002279996016
-0.0003864716631
0.003674560474
-0.0006755170243
0.004096987413
-0.0009685266097
-0.009516658801
-0.0005787001923
0.0002759671946
-3.045906721e-05
0.0005020201646
8.624240451e-05
-0.0003999538907
0.0002712182513
6.910325243e-05
0.0008517899074
0.0007419812193
0.0005596148705
0.000358542488
0.0005967711495
0.0007137954782
0.0002536726294
0.0002142278451
0.0004025094649
0.0003040003331
0.0002393098548
0.0002564345764
0.000571527514
-4.928760021e-05
0.0009406598548
-0.0002099053888
0.0005638470371
0.001169565916
0.001298434684
0.001835753934
0.00207019413
0.002373753071
0.001793041797
-1.087388076e-06
0.0008255008578
-2.520052726e-05
0.0004150431052
-7.933084656e-05
0.0003410536108
-0.0001482672234
0.0003813936228
-0.0002010242906
0.0004461762775
-0.000231130374
0.0004972346656
-0.0002366069869
0.0005287704944
-0.0002211882433
0.0005590794369
-0.0001962312892
0.0006242847515
-0.0001753053077
0.0007888360974
-0.000171778714
0.001120080681
-0.0002049432426
0.001578748063
-0.0002657034188
0.002219726519
-0.0004780441482
0.002102133311
-0.0006333614559
-0.007062671351
-7.022173519e-05
-0.0001692353
-9.098719423e-05
0.0001093135086
0.0003234744125
0.001187660357
0.001734923132
0.0008353017606
0.0009031361523
0.0004922727931
0.0002405036845
7.863712852e-06
-7.298947622e-05
8.449473134e-05
6.769298745e-05
8.862432969e-05
-9.451591126e-06
0.0004061538321
-0.0003855824764
0.0009740004645
0.0003767835924
-0.0002513056124
-0.001019047437
-5.57554673e-05
-0.000208345731
1.080967832e-06
-6.603700343e-05
5.94445603e-05
-3.261306714e-05
0.0001324347456
-5.350691139e-05
0.0002100801021
-8.12023401e-05
0.0003028210997
-0.0001071120932
0.000400004767
-0.0001269107832
0.0004796792712
-0.0001356900526
0.0005325609669
-0.000130458839
0.0005758704379
-0.0001136414948
0.0006495779728
-9.406515319e-05
0.0007966030602
-8.400929264e-05
0.001031004993
-9.559668639e-05
0.001295832907
-0.0001394682907
0.001661692181
-0.0002624276831
0.001313255259
-0.0004077320252
-0.005289366193
0.0005276373073
0.001893688163
0.0001799447028
0.001321052761
0.0002026753455
-0.0004083845918
-1.843332781e-05
-3.599053152e-05
-1.568834214e-05
7.224289703e-05
-0.0001077294708
-9.080539226e-05
-0.0001596465745
-0.0001559777225
0.001356970604
-0.001663855999
0.000143506311
-0.001738730553
-2.561232759e-05
-0.0009490492162
1.748072822e-05
-0.0003229583357
3.808407564e-05
-7.8955967e-05
8.171894862e-05
-2.803045124e-05
0.0001534190549
-2.749454665e-05
0.0002441815869
-3.170761737e-05
0.0003454630887
-3.4684794e-05
0.0004399163557
-3.505411158e-05
0.0005078342387
-3.160959837e-05
0.0005480511701
-2.199176954e-05
0.0005959004515
-2.693057667e-06
0.0007095309115
1.560108686e-05
0.0009259448149
2.432421459e-05
0.001226645047
3.865724105e-06
0.001557190824
-0.0001243409457
0.001251752186
-0.0002076343336
-0.003768812374
3.866623245e-05
-9.275218241e-05
0.0001077768595
1.390929962e-05
-0.0001607784967
-8.259729253e-05
6.166309508e-06
0.0007144854355
0.0007573990893
0.000590795735
0.0003394954918
0.0001585887548
0.0001097343552
0.0001442045297
0.0002115856347
0.000302558774
0.0004214555715
0.0005758474185
0.000777261328
0.001046775969
0.001404259004
0.001780011178
0.001941092806
0.001750755537
0.0009691967287
)
;

boundaryField
{
    walls
    {
        type            calculated;
        value           nonuniform List<scalar> 
102
(
3.390984017e-08
2.849368535e-08
3.263557933e-08
3.277216744e-08
2.474664526e-08
1.592347396e-08
1.184148465e-08
1.105564091e-08
1.21774364e-08
1.238384794e-08
8.883190439e-09
7.076440676e-09
6.356182318e-09
5.645002414e-09
5.123206295e-09
5.036598937e-09
5.766556719e-09
7.907606297e-09
1.194482354e-08
1.696875471e-08
2.001458857e-08
1.864757047e-08
2.130759095e-08
2.410188321e-08
2.447500655e-08
1.961691062e-08
1.060037104e-08
5.693006325e-09
2.490257363e-09
1.150100152e-09
1.047799695e-09
2.875865119e-09
7.245885929e-09
6.829078839e-09
6.124842028e-09
9.027977147e-09
1.95643606e-08
1.303964483e-08
1.108607072e-08
1.146921203e-08
1.362303598e-08
1.636387545e-08
1.876291194e-08
1.955796464e-08
1.803191514e-08
1.490121228e-08
1.186556e-08
9.901720408e-09
9.477711495e-09
9.076609398e-09
8.694265054e-09
8.759513713e-09
9.727149997e-09
1.423004055e-08
3.469812223e-08
3.315414077e-08
3.706666901e-08
5.588093853e-08
7.702103015e-08
8.208738401e-08
1.038348088e-07
8.725008307e-08
2.622955398e-08
5.599188914e-08
3.29308447e-08
6.7020888e-08
3.099976778e-08
5.217189436e-08
3.070631299e-08
4.699175428e-08
2.496349669e-08
3.897748555e-08
1.637383945e-08
3.261504488e-08
9.354657444e-09
2.389051676e-08
7.578269922e-09
1.299872165e-08
7.304802148e-09
9.464625023e-09
7.3813541e-09
9.392666331e-09
7.573688915e-09
1.147737175e-08
1.580438646e-08
2.180091629e-08
2.679441906e-08
2.762139143e-08
2.35864268e-08
1.768465348e-08
1.415501656e-08
1.270182556e-08
1.264939721e-08
1.394004451e-08
1.616832518e-08
1.87298364e-08
2.010531636e-08
1.751095796e-08
1.392176644e-08
1.114817357e-08
9.168206779e-09
7.17203694e-09
)
;
    }
    wallFilmFace_top
    {
        type            calculated;
        value           uniform 0;
    }
    region0_to_wallFilmRegion_wallFilmFace
    {
        type            calculated;
        value           uniform 0;
    }
    mirrorFace_top
    {
        type            calculated;
        value           nonuniform List<scalar> 0();
    }
    region0_to_wallFilmRegion_mirrorFace
    {
        type            calculated;
        value           nonuniform List<scalar> 0();
    }
    procBoundary0to1
    {
        type            processor;
        value           nonuniform List<scalar> 
52
(
-0.01035040899
-0.0008411376524
-0.0005008941493
-0.0003374686928
-0.0003679770397
-0.0004073283836
-0.0004490032224
0.0004496765525
-0.0004753559352
-0.0005255150987
-0.0004430873974
-0.0003830532604
0.0001982631051
-0.0002664367616
-0.0001780011863
9.116892794e-05
-0.0001856970888
1.347625444e-05
1.225500823e-05
1.383313775e-05
8.551224413e-06
1.178521576e-05
-1.652944542e-05
1.393442747e-06
-1.133109742e-05
-4.861834434e-05
-1.424293978e-05
-0.000633043646
0.0001293311922
-5.671361769e-05
-8.21433703e-05
1.827553284e-05
-1.008047642e-05
1.299570268e-05
4.74944889e-06
4.29410477e-06
4.346437976e-05
-0.0003665317502
0.0002207577719
0.0005579237471
0.0003093590702
0.0003502690954
0.0001341697906
0.0008022071913
-0.0004967516262
0.0007820946434
0.0008712181058
3.233976673e-05
0.0004332275741
0.0007265452526
-0.0004876832736
-0.0003887371314
)
;
    }
    procBoundary0to2
    {
        type            processor;
        value           nonuniform List<scalar> 
26
(
0.001210302978
0.002028684498
-9.697214052e-05
3.529678609e-05
0.0002724149182
-0.000135393863
-1.247987332e-05
-0.0009126972757
-0.001019608338
-0.0008175362209
-0.0005894669095
-0.0002477143976
-2.398816866e-05
1.564050098e-05
2.73295763e-05
3.6657761e-05
4.894696014e-05
6.7603315e-05
9.730691632e-05
0.0001433728588
0.000199700982
0.0002227928437
0.0001595609269
-1.457647895e-05
-8.567797669e-05
-0.002623393425
)
;
    }
}


// ************************************************************************* //
