/*--------------------------------*- C++ -*----------------------------------*\
  =========                 |
  \\      /  F ield         | OpenFOAM: The Open Source CFD Toolbox
   \\    /   O peration     | Website:  https://openfoam.org
    \\  /    A nd           | Version:  8
     \\/     M anipulation  |
\*---------------------------------------------------------------------------*/
FoamFile
{
    version     2.0;
    format      ascii;
    class       volScalarField;
    location    "1.1/wallFilmRegion";
    object      rho;
}
// * * * * * * * * * * * * * * * * * * * * * * * * * * * * * * * * * * * * * //

dimensions      [1 -3 0 0 0 0 0];

internalField   nonuniform List<scalar> 
1369
(
994.5114678
994.5114678
994.5114679
994.5114679
994.5114679
994.5114678
994.5114678
994.5114678
994.5114678
994.5114679
994.5114679
994.5114679
994.5114679
994.5114679
994.5114679
994.5114679
994.5114679
994.5114679
994.5114679
994.5114679
994.5114679
994.5114679
994.511468
994.511468
994.5114681
994.5114682
994.5114682
994.5114682
994.5114683
994.5114687
994.511469
994.5114691
994.5114688
994.5114686
994.5114686
994.5114686
994.5114686
994.5114686
994.5114685
994.5114685
994.5114685
994.5114685
994.5114685
994.5114685
994.5114685
994.5114685
994.5114685
994.5114684
994.5114684
994.5114684
994.5114684
994.5114684
994.5114684
994.5114683
994.5114683
994.5114684
994.5114684
994.5114685
994.5114685
994.5114683
994.5114678
994.5114678
994.5114678
994.5114678
994.5114677
994.5114676
994.5114674
994.5114675
994.5114676
994.5114679
994.5114678
994.5114676
994.5114674
994.5114672
994.5114669
994.5114665
994.5114655
994.5114623
994.5114663
994.5114678
994.5114674
994.5114673
994.5114674
994.5114676
994.5114676
994.511467
994.5114631
994.5114663
994.5114679
994.5114681
994.5114689
994.5114693
994.5114685
994.5114683
994.5114684
994.5114684
994.5114683
994.5114682
994.5114684
994.5114686
994.5114686
994.5114685
994.5114683
994.5114683
994.5114682
994.5114681
994.5114679
994.511468
994.511468
994.5114679
994.5114678
994.5114675
994.5114678
994.5114681
994.5114684
994.5114684
994.5114684
994.5114682
994.5114682
994.5114681
994.5114678
994.5114678
994.5114678
994.5114678
994.5114678
994.5114676
994.5114676
994.5114676
994.5114676
994.5114679
994.5114678
994.5114676
994.5114674
994.5114672
994.5114668
994.5114662
994.5114646
994.5114571
994.5114631
994.5114675
994.5114673
994.5114671
994.5114672
994.5114675
994.5114676
994.5114671
994.5114647
994.5114644
994.5114662
994.5114675
994.5114689
994.5114693
994.5114684
994.5114682
994.5114683
994.5114685
994.5114683
994.5114682
994.5114685
994.5114688
994.5114688
994.5114687
994.5114684
994.5114683
994.5114682
994.5114681
994.5114679
994.511468
994.5114681
994.511468
994.5114678
994.5114677
994.5114678
994.5114682
994.5114684
994.5114682
994.5114681
994.5114681
994.511468
994.511468
994.5114678
994.5114678
994.5114678
994.5114678
994.5114678
994.5114678
994.5114678
994.5114677
994.5114677
994.511468
994.5114679
994.5114677
994.5114674
994.5114671
994.5114667
994.5114658
994.5114632
994.5114477
994.5114552
994.5114669
994.5114671
994.511467
994.511467
994.5114676
994.5114682
994.5114686
994.5114675
994.5114675
994.5114674
994.5114674
994.5114692
994.5114693
994.5114683
994.5114682
994.5114682
994.5114683
994.5114682
994.5114682
994.5114687
994.5114689
994.511469
994.5114689
994.5114686
994.5114684
994.5114682
994.5114682
994.5114679
994.5114682
994.5114682
994.5114682
994.5114681
994.511468
994.511468
994.5114681
994.5114681
994.5114681
994.511468
994.511468
994.511468
994.5114681
994.5114678
994.5114678
994.5114678
994.5114678
994.5114678
994.5114678
994.5114678
994.5114678
994.5114677
994.511468
994.511468
994.5114678
994.5114675
994.5114672
994.5114666
994.5114654
994.5114616
994.5114345
994.5114444
994.5114653
994.5114667
994.5114669
994.511467
994.5114633
994.5114695
994.511471
994.5114681
994.5114675
994.5114672
994.5114671
994.5114694
994.5114692
994.5114682
994.5114682
994.5114681
994.5114683
994.5114682
994.5114682
994.5114689
994.5114691
994.5114692
994.5114691
994.5114688
994.5114684
994.5114683
994.5114683
994.5114682
994.5114683
994.5114683
994.5114683
994.5114683
994.5114682
994.5114681
994.5114681
994.511468
994.511468
994.511468
994.511468
994.5114682
994.5114683
994.5114679
994.5114678
994.5114678
994.5114678
994.5114678
994.5114678
994.5114678
994.5114678
994.5114678
994.511468
994.511468
994.5114679
994.5114677
994.5114673
994.5114665
994.5114649
994.5114594
994.5114139
994.5114335
994.5114597
994.5114652
994.5114663
994.511467
994.5114646
994.5113274
994.5114632
994.5114643
994.5114635
994.5114644
994.5114659
994.5114695
994.5114692
994.5114682
994.5114683
994.5114681
994.5114683
994.5114682
994.5114682
994.5114691
994.5114693
994.5114693
994.5114692
994.511469
994.5114685
994.5114683
994.5114683
994.5114683
994.5114683
994.5114683
994.5114683
994.5114683
994.5114683
994.5114682
994.5114683
994.5114681
994.511468
994.5114681
994.5114682
994.5114684
994.5114684
994.5114679
994.5114677
994.5114678
994.5114678
994.5114678
994.5114678
994.5114678
994.5114677
994.5114679
994.511468
994.511468
994.5114679
994.5114678
994.5114674
994.5114666
994.5114645
994.5114565
994.5113895
994.5114307
994.5114507
994.5114612
994.511465
994.5114669
994.5114659
994.5111782
994.5114339
994.5114449
994.5114469
994.5114633
994.5114653
994.5114696
994.5114692
994.5114683
994.5114684
994.5114682
994.5114683
994.5114683
994.5114682
994.5114694
994.5114695
994.5114695
994.5114693
994.5114691
994.5114686
994.5114684
994.5114684
994.5114684
994.5114683
994.5114683
994.5114683
994.5114683
994.5114683
994.5114683
994.5114683
994.5114684
994.5114683
994.5114682
994.5114682
994.5114684
994.5114684
994.5114679
994.5114673
994.5114676
994.5114677
994.5114678
994.5114677
994.5114677
994.5114678
994.511468
994.511468
994.511468
994.5114679
994.5114678
994.5114674
994.5114665
994.5114639
994.5114526
994.5113775
994.5114354
994.5114472
994.5114572
994.5114635
994.5114666
994.5114665
994.5111924
994.5114458
994.5114523
994.5114507
994.5114654
994.5114659
994.5114695
994.5114694
994.5114684
994.5114686
994.5114684
994.5114686
994.5114684
994.5114683
994.5114697
994.5114697
994.5114696
994.5114694
994.5114692
994.5114688
994.5114686
994.5114686
994.5114685
994.5114683
994.5114683
994.5114683
994.5114683
994.5114683
994.5114682
994.5114682
994.5114684
994.5114684
994.5114684
994.5114684
994.5114684
994.5114684
994.5114679
994.5114672
994.5114672
994.5114673
994.5114675
994.5114677
994.5114678
994.5114679
994.5114679
994.5114679
994.5114679
994.5114678
994.5114676
994.5114672
994.5114661
994.5114624
994.5114464
994.5113893
994.5114438
994.5114492
994.511458
994.5114641
994.5114663
994.5114668
994.5114627
994.5114555
994.5114587
994.5114543
994.5114666
994.5114666
994.5114688
994.5114695
994.5114685
994.5114686
994.5114678
994.5114686
994.5114684
994.5114678
994.5114698
994.5114698
994.5114696
994.5114694
994.5114693
994.5114691
994.5114689
994.5114688
994.5114686
994.5114684
994.5114682
994.5114682
994.5114681
994.5114681
994.5114682
994.5114682
994.5114682
994.5114682
994.5114682
994.511468
994.5114679
994.5114683
994.5114679
994.5114673
994.5114672
994.5114672
994.5114674
994.5114676
994.5114677
994.5114678
994.5114679
994.5114679
994.5114678
994.5114677
994.5114673
994.5114663
994.511464
994.511457
994.5114351
994.5114142
994.5114521
994.5114538
994.5114612
994.5114657
994.5114668
994.5114671
994.5114646
994.5114626
994.5114623
994.5114573
994.5114667
994.511467
994.5114686
994.511469
994.5114685
994.5114686
994.5114685
994.5114705
994.5114685
994.5114683
994.5114697
994.5114698
994.5114696
994.5114695
994.5114694
994.5114693
994.5114692
994.511469
994.5114687
994.5114685
994.5114683
994.5114684
994.5114683
994.5114682
994.5114682
994.5114682
994.5114683
994.5114683
994.5114683
994.5114682
994.5114681
994.5114683
994.5114679
994.5114674
994.5114673
994.5114673
994.5114675
994.5114676
994.5114678
994.5114679
994.5114679
994.5114679
994.5114678
994.5114676
994.5114669
994.5114631
994.5114558
994.5114381
994.5114271
994.5114375
994.5114584
994.5114588
994.5114644
994.5114671
994.5114676
994.5114674
994.5114647
994.5114661
994.5114647
994.5114581
994.5114666
994.5114674
994.5114686
994.511469
994.511466
994.5114673
994.5114677
994.5114708
994.5114688
994.5114679
994.5114695
994.5114698
994.5114697
994.5114695
994.5114694
994.5114693
994.5114692
994.511469
994.5114688
994.5114685
994.5114684
994.5114684
994.5114684
994.5114683
994.5114682
994.5114682
994.5114683
994.5114683
994.5114684
994.5114683
994.5114683
994.5114683
994.5114679
994.5114674
994.5114674
994.5114675
994.5114676
994.5114678
994.5114679
994.511468
994.511468
994.511468
994.5114679
994.5114676
994.5114669
994.5114619
994.5114529
994.5114347
994.5114364
994.5114529
994.5114624
994.5114632
994.5114667
994.5114681
994.5114682
994.5114676
994.5114658
994.5114676
994.511466
994.5114167
994.5114668
994.5114681
994.511469
994.5114695
994.5114693
994.5114666
994.5114673
994.5114701
994.5114685
994.5114676
994.5114692
994.5114697
994.5114697
994.5114695
994.5114693
994.5114691
994.511469
994.5114689
994.5114687
994.5114686
994.5114685
994.5114684
994.5114684
994.5114684
994.5114684
994.5114684
994.5114684
994.5114685
994.5114685
994.5114684
994.5114684
994.5114683
994.511468
994.511468
994.511468
994.5114679
994.5114677
994.5114671
994.5114627
994.5114556
994.5114504
994.5114579
994.5114625
994.5114646
994.5114672
994.5114682
994.5114686
994.5114686
994.5114683
994.5114682
994.5114681
994.5114664
994.5114664
994.5114679
994.5114687
994.5114693
994.5114697
994.5114702
994.5114689
994.5114689
994.5114693
994.5114694
994.5114694
994.511469
994.5114697
994.5114696
994.5114693
994.511469
994.5114688
994.5114686
994.5114685
994.5114685
994.5114684
994.5114684
994.5114684
994.5114684
994.5114684
994.5114685
994.5114685
994.5114687
994.5114686
994.5114686
994.5114685
994.5114685
994.5114683
994.5114678
994.5114673
994.5114646
994.5114608
994.5114588
994.5114605
994.5114625
994.5114627
994.5114676
994.5114681
994.5114689
994.5114692
994.5114692
994.511469
994.5114676
994.5114668
994.5114677
994.5114687
994.5114692
994.5114696
994.5114697
994.5114697
994.5114696
994.5114696
994.5114697
994.5114699
994.5114696
994.5114648
994.5114693
994.5114691
994.5114686
994.5114684
994.5114683
994.5114682
994.5114682
994.5114682
994.5114682
994.5114683
994.5114684
994.5114685
994.5114687
994.5114688
994.5114689
994.5114689
994.5114688
994.5114687
994.5114686
994.5114685
994.5114683
994.511467
994.5114633
994.5114611
994.5114609
994.5114616
994.5114615
994.5114587
994.5114679
994.5114681
994.5114683
994.5114686
994.5114679
994.5114667
994.5114674
994.5114683
994.5114692
994.5114695
994.5114696
994.5114697
994.5114697
994.5114696
994.5114696
994.5114697
994.5114698
994.5114655
994.5114696
994.5114691
994.5114681
994.511468
994.5114681
994.5114681
994.5114681
994.5114681
994.5114681
994.5114682
994.5114682
994.5114685
994.5114687
994.5114688
994.5114689
994.511469
994.5114689
994.5114688
994.5114687
994.5114686
994.5114686
994.5114683
994.5114616
994.5114639
994.5114607
994.5114654
994.5114677
994.5114684
994.5114685
994.511467
994.5114673
994.511468
994.5114686
994.5114692
994.5114694
994.5114695
994.5114696
994.5114696
994.5114696
994.5114696
994.5114697
994.5114679
994.5114689
994.5114688
994.5114681
994.5114675
994.5114679
994.511468
994.5114681
994.5114681
994.5114681
994.5114681
994.5114681
994.5114682
994.5114683
994.5114687
994.5114689
994.5114689
994.511469
994.5114689
994.5114688
994.5114687
994.5114686
994.5114685
994.5114683
994.5114642
994.5114672
994.5114684
994.5114687
994.5114686
994.5114669
994.5114677
994.5114684
994.5114689
994.5114688
994.5114691
994.5114692
994.5114693
994.5114694
994.5114695
994.5114695
994.5114694
994.5114686
994.5114692
994.5114692
994.511468
994.5114675
994.5114678
994.511468
994.511468
994.5114681
994.5114681
994.5114681
994.5114682
994.5114681
994.5114681
994.5114685
994.5114688
994.5114689
994.5114689
994.5114689
994.5114688
994.5114687
994.5114685
994.5114685
994.5114682
994.5114685
994.5114676
994.5114681
994.511469
994.5114696
994.511469
994.5114691
994.511469
994.5114693
994.5114693
994.5114693
994.5114693
994.511469
994.5114691
994.5114692
994.5114691
994.5114681
994.5114677
994.5114675
994.5114678
994.5114679
994.511468
994.511468
994.511468
994.5114682
994.5114682
994.5114681
994.5114684
994.5114687
994.5114688
994.5114688
994.5114688
994.5114686
994.5114685
994.5114683
994.5114683
994.5114681
994.511468
994.5114691
994.5114701
994.5114691
994.5114693
994.5114693
994.5114694
994.5114693
994.5114693
994.5114692
994.5114691
994.5114692
994.5114693
994.5114692
994.5114684
994.5114679
994.5114681
994.5114681
994.5114681
994.5114682
994.5114681
994.511468
994.5114683
994.5114683
994.5114682
994.5114683
994.5114686
994.5114686
994.5114687
994.5114686
994.5114685
994.5114682
994.5114678
994.511468
994.5114681
994.511469
994.5114701
994.5114694
994.5114688
994.5114693
994.5114695
994.5114694
994.5114692
994.5114691
994.5114691
994.5114691
994.5114692
994.5114691
994.5114685
994.511468
994.5114684
994.5114683
994.5114683
994.5114683
994.5114682
994.5114682
994.5114684
994.5114684
994.5114683
994.5114682
994.5114683
994.5114685
994.5114685
994.5114685
994.5114685
994.5114683
994.5114679
994.5114679
994.511468
994.5114693
994.5114701
994.5114702
994.5114677
994.5114671
994.5114692
994.5114698
994.5114693
994.5114692
994.5114691
994.5114689
994.5114688
994.5114688
994.5114685
994.511468
994.5114681
994.5114682
994.5114682
994.5114682
994.5114683
994.5114683
994.5114684
994.5114684
994.5114683
994.5114683
994.5114682
994.5114683
994.5114684
994.5114685
994.5114685
994.5114684
994.5114682
994.511468
994.511468
994.5114697
994.5114701
994.5114702
994.5114698
994.5114694
994.5114705
994.5114699
994.5114694
994.5114692
994.511469
994.5114687
994.5114686
994.5114683
994.5114679
994.5114675
994.5114679
994.511468
994.5114683
994.5114684
994.5114684
994.5114684
994.5114684
994.5114684
994.5114683
994.5114682
994.5114682
994.5114683
994.5114684
994.5114685
994.5114685
994.5114684
994.5114683
994.511468
994.51147
994.5114701
994.5114703
994.5114705
994.5114705
994.5114705
994.5114705
994.5114704
994.5114696
994.511469
994.5114687
994.5114685
994.5114683
994.5114679
994.5114673
994.5114678
994.511468
994.5114681
994.5114682
994.5114682
994.5114684
994.5114684
994.5114683
994.5114682
994.5114682
994.5114681
994.5114682
994.5114683
994.5114684
994.5114684
994.5114684
994.5114683
994.511468
994.5114699
994.51147
994.51147
994.5114702
994.5114704
994.5114705
994.5114705
994.5114699
994.5114693
994.511469
994.5114689
994.5114688
994.5114686
994.5114678
994.5114666
994.5114675
994.5114678
994.511468
994.5114682
994.5114682
994.5114683
994.5114683
994.5114682
994.5114682
994.5114681
994.5114681
994.5114681
994.5114682
994.5114683
994.5114684
994.5114684
994.5114684
994.5114681
994.5114698
994.5114697
994.5114697
994.5114696
994.5114705
994.5114702
994.5114697
994.511469
994.5114691
994.5114693
994.5114693
994.511469
994.5114683
994.5114674
994.5114679
994.511468
994.5114681
994.5114682
994.5114682
994.5114682
994.5114682
994.5114682
994.5114681
994.5114681
994.511468
994.511468
994.511468
994.5114681
994.5114682
994.5114683
994.5114683
994.511468
994.5114697
994.5114701
994.5114699
994.5114701
994.5114697
994.5114694
994.5114689
994.511469
994.5114691
994.5114688
994.5114678
994.5114685
994.5114682
994.5114682
994.5114683
994.5114683
994.5114682
994.5114682
994.5114682
994.5114682
994.5114681
994.5114681
994.5114681
994.5114681
994.511468
994.511468
994.511468
994.511468
994.511468
994.5114679
994.511468
994.5114699
994.5114706
994.51147
994.5114697
994.5114705
994.5114697
994.5114693
994.5114692
994.5114693
994.5114692
994.5114693
994.5114691
994.5114689
994.5114685
994.5114683
994.5114682
994.5114682
994.5114681
994.5114681
994.5114681
994.5114681
994.5114681
994.5114681
994.5114681
994.511468
994.511468
994.511468
994.5114679
994.5114678
994.5114677
994.511468
994.5114695
994.5114699
994.51147
994.51147
994.5114697
994.5114697
994.5114693
994.5114691
994.5114692
994.511469
994.511469
994.5114691
994.5114689
994.5114684
994.5114681
994.5114675
994.5114675
994.5114678
994.511468
994.5114681
994.5114681
994.5114681
994.5114681
994.5114681
994.5114681
994.511468
994.511468
994.5114679
994.5114678
994.5114676
994.511468
994.5114694
994.5114689
994.5114692
994.5114691
994.5114685
994.5114683
994.5114686
994.5114686
994.5114683
994.5114681
994.5114677
994.5114673
994.5114676
994.5114679
994.511468
994.5114681
994.5114681
994.5114681
994.5114681
994.5114681
994.5114681
994.5114681
994.5114681
994.5114679
994.5114677
994.511468
994.5114692
994.5114687
994.5114691
994.5114688
994.5114689
994.5114683
994.5114681
994.5114684
994.5114684
994.5114683
994.5114682
994.5114679
994.5114677
994.5114678
994.5114679
994.511468
994.5114681
994.5114681
994.5114682
994.5114682
994.5114682
994.5114682
994.5114681
994.5114679
994.5114677
994.511468
)
;

boundaryField
{
    walls
    {
        type            zeroGradient;
    }
    wallFilmFace_top
    {
        type            zeroGradient;
    }
    region0_to_wallFilmRegion_wallFilmFace
    {
        type            zeroGradient;
    }
    mirrorFace_top
    {
        type            zeroGradient;
    }
    region0_to_wallFilmRegion_mirrorFace
    {
        type            zeroGradient;
    }
    procBoundary0to1
    {
        type            processor;
        value           nonuniform List<scalar> 
52
(
994.5114679
994.5114675
994.5114675
994.5114676
994.5114678
994.5114679
994.511468
994.511468
994.5114681
994.5114681
994.511468
994.511468
994.511468
994.5114678
994.5114675
994.5114675
994.5114676
994.5114662
994.5114628
994.5114615
994.5114615
994.511463
994.511466
994.511466
994.5114669
994.5114684
994.5114686
994.5114688
994.5114688
994.5114681
994.5114698
994.5114698
994.5114674
994.5114674
994.5114636
994.51147
994.51147
994.5114705
994.51147
994.5114698
994.5114698
994.5114699
994.5114699
994.51147
994.5114696
994.5114704
994.51147
994.5114705
994.5114703
994.5114699
994.5114699
994.51147
)
;
    }
    procBoundary0to2
    {
        type            processor;
        value           nonuniform List<scalar> 
26
(
994.5114689
994.5114688
994.5114693
994.5114692
994.5114692
994.5114687
994.5114661
994.5114684
994.5114684
994.5114684
994.5114683
994.5114682
994.511468
994.5114679
994.5114679
994.511468
994.5114681
994.5114681
994.5114682
994.5114682
994.5114682
994.5114681
994.511468
994.5114678
994.5114674
994.511468
)
;
    }
}


// ************************************************************************* //
