/*--------------------------------*- C++ -*----------------------------------*\
  =========                 |
  \\      /  F ield         | OpenFOAM: The Open Source CFD Toolbox
   \\    /   O peration     | Website:  https://openfoam.org
    \\  /    A nd           | Version:  8
     \\/     M anipulation  |
\*---------------------------------------------------------------------------*/
FoamFile
{
    version     2.0;
    format      ascii;
    class       volVectorField;
    location    "1.1/wallFilmRegion";
    object      U;
}
// * * * * * * * * * * * * * * * * * * * * * * * * * * * * * * * * * * * * * //

dimensions      [0 1 -1 0 0 0 0];

internalField   nonuniform List<vector> 
1369
(
(0.07948042625 -0.0407043676 0)
(-0.05216739467 -0.08170534964 0)
(-0.2124689884 -0.1010366469 0)
(-0.4034572085 -0.1726733513 0)
(-0.5602041397 -0.3076041179 0)
(-0.6760741568 -0.3907415018 0)
(-0.7400368739 -0.4222136276 0)
(-0.7609701019 -0.4214633975 0)
(-0.852168518 -0.4548011828 0)
(-1.08549874 -0.5623723731 0)
(-1.205925073 -0.5555386915 0)
(-1.279025655 -0.5462336664 0)
(-1.327583312 -0.5260146409 0)
(-1.346902117 -0.4919505863 0)
(-1.331387265 -0.4447864137 0)
(-1.279306412 -0.3962708744 0)
(-1.197205413 -0.3655625388 0)
(-1.098220942 -0.3587469553 0)
(-0.9887869305 -0.3642670362 0)
(-0.8720895949 -0.3745162211 0)
(-0.7237649656 -0.3866626051 0)
(-0.681898452 -0.3716478832 0)
(-0.674597051 -0.3491065445 0)
(-0.6726459485 -0.3295383513 0)
(-0.6699717189 -0.3378463399 0)
(-0.706089752 -0.394832564 0)
(-0.7561555308 -0.4305586751 0)
(-0.7993358299 -0.4399627402 0)
(-0.7601472224 -0.4026201116 0)
(-0.4864540115 -0.2375851714 0)
(-0.3188177691 -0.1317386362 0)
(-0.4203691989 -0.1769518042 0)
(-0.7319268723 -0.276555476 0)
(-1.043024963 -0.1920449759 0)
(-1.228273688 -0.04683070873 0)
(-1.295825494 0.07915528751 0)
(-1.039824477 0.131761136 0)
(-0.9863536141 0.2142689253 0)
(-0.9620080165 0.2747444259 0)
(-0.9251220435 0.317735888 0)
(-0.8797909192 0.3529578397 0)
(-0.83884135 0.3813063311 0)
(-0.816121892 0.3967009777 0)
(-0.822525332 0.3969625066 0)
(-0.8676703863 0.3863118709 0)
(-0.9462976046 0.3765496393 0)
(-1.018759471 0.3777746738 0)
(-1.070927502 0.4012036932 0)
(-1.102233807 0.4249206854 0)
(-1.113616109 0.4402878621 0)
(-1.122356239 0.4547842574 0)
(-1.113106716 0.473296063 0)
(-1.030869358 0.4305554393 0)
(-0.62157574 0.2351439064 0)
(-0.5821582611 0.2804789069 0)
(-0.6045013001 0.2966376567 0)
(-0.5473853044 0.2157568465 0)
(-0.3777009253 0.144981098 0)
(-0.1738444791 0.1267176101 0)
(0.03988810613 0.1070836871 0)
(0.06218223632 0.100824766 0)
(0.1630855557 0.1563168435 0)
(0.2682902676 0.1676809373 0)
(0.4214954075 0.130883388 0)
(0.5849728325 -0.3282814943 0)
(0.698264759 -0.2881554187 0)
(0.7532721968 -0.109700522 0)
(-0.04490830151 0.02057896414 0)
(-0.265117746 -0.09489390386 0)
(-0.5877023668 -0.6911122357 0)
(-0.4456452904 -0.876268856 0)
(-0.4991284821 -0.7973604236 0)
(-0.6300090887 -0.7046599444 0)
(-0.7497356182 -0.61114206 0)
(-0.8379250912 -0.5178973834 0)
(-0.8877591307 -0.4210926365 0)
(-0.8869670609 -0.2973149441 0)
(-0.8299707293 -0.04286423677 0)
(-0.01434831982 0.2968238399 0)
(-1.016383312 -0.1935371969 0)
(-0.2643937172 -0.3539893014 0)
(0.3726242496 -0.2691311916 0)
(0.6382681106 -0.2112872938 0)
(0.5033729419 -0.1675163731 0)
(0.3408734708 -0.2883113943 0)
(0.7125760241 -0.4202640856 0)
(0.7494724763 -0.4710541432 0)
(0.7609715188 -0.4882024337 0)
(0.5813148161 -0.4014781953 0)
(-0.08438812913 0.09842114618 0)
(-0.1858368456 -0.03043703552 0)
(-0.310563994 -0.1631707364 0)
(-0.8368330827 -0.5424533828 0)
(-1.168426082 -0.4038622909 0)
(-1.129215926 -0.1560942468 0)
(-1.379214273 0.144701165 0)
(-1.572086405 0.3002656777 0)
(-1.437934278 0.5316004202 0)
(-1.234146761 0.7229649558 0)
(-1.044677956 0.7870113641 0)
(-0.8285829228 0.7506786472 0)
(-0.5999392108 0.7260704664 0)
(-0.4759923909 0.6692640041 0)
(-0.4059198413 0.6078562527 0)
(-0.2818002504 0.5442929397 0)
(0.1247150004 0.5190779481 0)
(0.9312067393 0.492681505 0)
(-1.152781765 0.5610952932 0)
(-1.225807092 0.642742257 0)
(-1.015743114 0.7127915074 0)
(-0.4822028928 0.7226010204 0)
(0.9952383986 0.5638876581 0)
(-0.2393316044 0.1419047931 0)
(-0.2202832938 -0.05176532632 0)
(0.02865001297 -0.07034578273 0)
(0.6267303558 0.1732061922 0)
(0.5838686883 0.03920244353 0)
(0.4269835525 -0.1318663571 0)
(0.2702277047 -0.1344657092 0)
(0.1642148089 -0.05888440945 0)
(-0.1073416726 -0.03426790901 0)
(0.09407401094 0.2098907923 0)
(0.1772671451 0.205627667 0)
(0.2275938149 0.2067204988 0)
(0.2213159768 0.1668451045 0)
(0.183551264 -0.001536956687 0)
(-0.02862463143 -0.02221268626 0)
(-0.09857067048 0.06512870128 0)
(-0.2538950011 0.02262330901 0)
(-0.6703674079 -0.5954579346 0)
(-0.672289913 -0.8900117743 0)
(-0.76469731 -0.8162397492 0)
(-0.8472206754 -0.7216620685 0)
(-0.9156836626 -0.6282032326 0)
(-0.9827976413 -0.537503892 0)
(-1.065179452 -0.4472481846 0)
(-1.192409042 -0.3336513169 0)
(-1.454926549 -0.08747302343 0)
(-1.463261293 0.3225329715 0)
(-1.296248941 -0.1339187342 0)
(-1.018370996 -0.2565971122 0)
(-0.934121961 -0.1741045899 0)
(-0.7247270686 -0.1825810618 0)
(-0.3233847002 -0.1262402415 0)
(-0.1173444174 -0.1960664682 0)
(-0.04006388305 -0.4718268708 0)
(0.4202484079 -0.4215935315 0)
(0.5538538958 -0.335409895 0)
(0.4754960835 -0.2270585036 0)
(-0.2297465325 0.4015469986 0)
(-0.1843550673 -0.01491736276 0)
(-0.3030050782 -0.1685939875 0)
(-0.9863459851 -0.6576241417 0)
(-1.225810444 -0.4589677188 0)
(-1.197169951 -0.2246790057 0)
(-0.3359348961 0.0966723988 0)
(-1.386693489 0.3627115581 0)
(-1.410856868 0.6143237562 0)
(-1.285364874 0.8002899212 0)
(-1.206430153 0.8226449584 0)
(-1.150089911 0.7686016561 0)
(-1.067757114 0.7443007593 0)
(-0.8638711089 0.7081610714 0)
(-0.6622140763 0.6396736005 0)
(-0.4935673089 0.5718643201 0)
(-0.2991025982 0.4992423538 0)
(-0.05793605469 0.4692368788 0)
(-1.15557304 0.5315734052 0)
(-1.360925565 0.6682967095 0)
(-1.220620296 0.7691496816 0)
(-1.008180989 0.8113216953 0)
(-0.7521596699 0.7757714218 0)
(-0.3591064496 0.1849101948 0)
(-0.1969898324 -0.09636151215 0)
(-0.05210568187 -0.118256411 0)
(0.1105231562 -0.1594195182 0)
(0.2057907291 -0.1918512399 0)
(0.2261552025 -0.1892324929 0)
(0.1013349807 -0.1934434081 0)
(-0.1067138967 0.009592301652 0)
(-0.1097857537 -0.2433537929 0)
(0.1300146602 0.3187429169 0)
(0.1915944545 0.2412318156 0)
(0.2025254445 0.2397902774 0)
(0.1881644181 0.2343886274 0)
(0.1467983575 0.2178713103 0)
(0.09245629765 0.2222640224 0)
(0.04764694363 0.1657735072 0)
(-0.1771867605 0.1287113749 0)
(-0.6417412788 -0.517822092 0)
(-0.5799003487 -0.9116113788 0)
(-0.6321985468 -0.8475300595 0)
(-0.7107337964 -0.7535500152 0)
(-0.7917867568 -0.6584668478 0)
(-0.8746615895 -0.5671075726 0)
(-0.9721950996 -0.4803938801 0)
(-1.119881139 -0.3757592788 0)
(-1.438308443 -0.1505092502 0)
(-1.447795242 0.3358171783 0)
(-1.254938742 -0.04207130035 0)
(-1.004406373 -0.1595383967 0)
(-0.9162764494 -0.01656408829 0)
(-0.7650931749 -0.04330110764 0)
(-0.26773215 -0.1735594929 0)
(-0.0932870431 -0.1369631538 0)
(0.03246527834 -0.06458783308 0)
(-0.07792564773 0.01887479745 0)
(-0.217748212 0.06451204593 0)
(-0.4301007619 0.2062607786 0)
(-0.5650150395 0.3555857308 0)
(-0.3513309664 -0.07367570351 0)
(-0.362125526 -0.2770146259 0)
(-1.093865616 -0.7752210949 0)
(-1.236244185 -0.5310281158 0)
(-1.309099542 -0.3138317825 0)
(-1.323941127 0.1943155833 0)
(-1.315243332 0.3897462646 0)
(-1.26971105 0.6572924122 0)
(-1.179896824 0.8174514681 0)
(-1.153937538 0.7806500386 0)
(-1.111312121 0.7276816579 0)
(-1.051661375 0.7103318858 0)
(-0.920972849 0.7356184912 0)
(-0.7104886031 0.7001565998 0)
(-0.5486195201 0.6312879075 0)
(-0.4314497478 0.4823481228 0)
(-0.3327603529 0.3911875285 0)
(-1.170211538 0.5054835611 0)
(-1.403292148 0.7097242729 0)
(-1.359484496 0.8743273864 0)
(-1.238383386 0.9610549139 0)
(-1.074673315 0.9132091397 0)
(-0.3411235227 -0.0313464175 0)
(-0.05746871067 -0.2148607502 0)
(0.07607541844 -0.2124087819 0)
(0.125543181 -0.2226133437 0)
(0.1780139302 -0.205052188 0)
(0.2131482401 -0.1801612289 0)
(0.1626062666 -0.2389133352 0)
(-0.1347234998 0.2004300415 0)
(-0.148746132 -0.3366538515 0)
(-0.04738546518 0.4152649223 0)
(0.1165108286 0.293313519 0)
(0.1764921134 0.2725624816 0)
(0.1804315896 0.2700392156 0)
(0.1511631239 0.2708249006 0)
(0.1028056732 0.2725615407 0)
(0.0527229847 0.2296218318 0)
(-0.1302201014 0.1852026713 0)
(-0.6318124124 -0.459497219 0)
(-0.5261185954 -0.9402118402 0)
(-0.5365234197 -0.8813971876 0)
(-0.582090272 -0.7940706087 0)
(-0.6591256177 -0.6995481468 0)
(-0.7533064205 -0.6068379537 0)
(-0.8663334943 -0.521512071 0)
(-1.034517953 -0.4255003992 0)
(-1.411110546 -0.2268520562 0)
(-1.426128288 0.3514889551 0)
(-1.248311516 0.04911207648 0)
(-1.005056072 -0.07274360759 0)
(-0.8963548021 0.1254262695 0)
(-0.811093946 0.1543225118 0)
(-1.133465772 -0.345687139 0)
(-1.003270934 -0.191863607 0)
(0.3714633848 0.03995782367 0)
(-0.2880531164 0.2500436638 0)
(-0.5391645645 0.2457367189 0)
(-0.597722982 0.3313735378 0)
(-0.670724911 0.3409186478 0)
(-0.3608924107 -0.2062641359 0)
(-0.4842711805 -0.5026125932 0)
(-1.03904936 -0.7892556161 0)
(-1.078148791 -0.5171816189 0)
(-1.143394464 -0.3179622012 0)
(-1.137450873 0.191920541 0)
(-1.134190949 0.3990106644 0)
(-1.120554205 0.6864244888 0)
(-1.138817788 0.7497705746 0)
(-1.111578412 0.6989033559 0)
(-1.069271343 0.6529257501 0)
(-1.029473607 0.6335692965 0)
(-0.8936977629 0.6814045205 0)
(-0.7159903971 0.7318148398 0)
(-0.5279794808 0.6693219937 0)
(-0.430543406 0.2399750331 0)
(-0.4264890202 -0.03721451186 0)
(-1.22349441 0.4845633319 0)
(-1.317398244 0.755731898 0)
(-1.28518345 0.9602395454 0)
(-1.23043468 1.107589855 0)
(-1.164135603 1.123946661 0)
(-0.555332995 0.2353059681 0)
(-0.02077062293 -0.2210274573 0)
(0.05355280419 -0.1966946855 0)
(0.1196201786 -0.2120561909 0)
(0.1509416423 -0.2012812579 0)
(0.1540599906 -0.182038427 0)
(-0.07768135768 -0.3770064721 0)
(-0.234211029 0.330938291 0)
(-0.1702550127 -0.4551050009 0)
(-0.1661210729 0.4992493795 0)
(0.03284084549 0.08698376641 0)
(0.1650679846 0.2021230554 0)
(0.1699890234 0.2287842962 0)
(0.1276061119 0.2392718069 0)
(0.08584182039 0.2535851813 0)
(-0.06167394039 0.138596981 0)
(-0.02872617981 0.1030676829 0)
(-0.6421814179 -0.4598945217 0)
(-0.5632802417 -0.9211629027 0)
(-0.4836001396 -0.9222177584 0)
(-0.4849067361 -0.8466574174 0)
(-0.5314427889 -0.7569530457 0)
(-0.6187808052 -0.6634146121 0)
(-0.7411168034 -0.5755729845 0)
(-0.9269389899 -0.4854499513 0)
(-1.373105537 -0.3095304145 0)
(-1.39026789 0.3750684386 0)
(-1.233097422 0.1961112263 0)
(-1.00917292 0.04614047723 0)
(-0.8847665105 0.249247241 0)
(-0.7706783158 0.3031639239 0)
(-1.033770266 -0.3904384871 0)
(-1.120496959 -0.2201371782 0)
(-0.5613679635 0.3232939731 0)
(-0.6522232395 0.3558878743 0)
(-0.6936474253 0.4288654517 0)
(-0.7353998383 0.56272424 0)
(-0.7163049323 0.3040292318 0)
(-0.3788337552 -0.2765413542 0)
(-0.5823589296 -0.6215326006 0)
(-0.8960489725 -0.7242296334 0)
(-0.845020811 -0.4364285346 0)
(-0.9256159761 -0.3183258777 0)
(-0.9182406115 0.1790476683 0)
(-0.9147281739 0.3978910721 0)
(-0.9539073216 0.7043138031 0)
(-1.096670395 0.6331308787 0)
(-1.066747736 0.5730499106 0)
(-1.009092378 0.5281275106 0)
(-0.9358209523 0.5408674925 0)
(-0.7981107262 0.588232296 0)
(-0.5859382569 0.6573925195 0)
(-0.4015413795 0.5724585178 0)
(-0.4260610112 -0.150889663 0)
(-0.5170240076 -0.5948125869 0)
(-1.195362205 0.5824763947 0)
(-1.184671609 0.8253199161 0)
(-1.139741433 1.025446957 0)
(-1.105934123 1.197991538 0)
(-1.094266771 1.280156826 0)
(-1.06500215 1.091706901 0)
(-0.08697175493 -0.05267244858 0)
(0.04492694833 -0.1428713804 0)
(0.07577274334 -0.1437602756 0)
(0.06792614845 -0.1595035071 0)
(-0.02570381573 -0.1387257552 0)
(-0.2279463872 -0.4796671018 0)
(-0.2603303876 0.435667877 0)
(-0.2774172289 -0.5655184175 0)
(-0.1561789558 0.2427004476 0)
(0.06131450475 -0.1598503385 0)
(0.1380534969 0.03449303908 0)
(0.1421278098 0.09134041587 0)
(0.1108388466 0.1308077388 0)
(0.08947614792 0.05951238644 0)
(0.01592561893 0.1078071025 0)
(-0.4031928221 -0.3984495255 0)
(-0.6709331623 -0.8286725087 0)
(-0.5927050883 -0.9177660781 0)
(-0.4885403314 -0.9635390518 0)
(-0.4470364978 -0.9014559707 0)
(-0.4414897803 -0.824602815 0)
(-0.4919805211 -0.7374551646 0)
(-0.6009882219 -0.6460464716 0)
(-0.7912095515 -0.5574068904 0)
(-1.321110373 -0.3943224284 0)
(-1.326896284 0.4118664299 0)
(-1.177358705 0.3877281481 0)
(-0.9989463289 0.2374512068 0)
(-0.8706837894 0.3954720901 0)
(-0.7405013434 0.4236035931 0)
(-0.846784767 -0.3561138961 0)
(-1.001567671 -0.2229207003 0)
(-0.9818534695 0.3922967284 0)
(-0.9685560174 0.5794190698 0)
(-0.9466816497 0.7511838853 0)
(-0.7814550566 0.7257929022 0)
(-0.6567712037 0.4553702154 0)
(-0.4338341354 -0.3079004544 0)
(-0.6616989494 -0.6398510594 0)
(-0.6821812583 -0.5539158639 0)
(-0.5797836631 -0.2734419985 0)
(-0.5906298713 -0.3055722657 0)
(-0.6561401648 0.1550269467 0)
(-0.5791904761 0.3780442017 0)
(-0.7308574609 0.699595595 0)
(-1.081834926 0.4813502262 0)
(-1.015962789 0.4216078964 0)
(-0.9106986717 0.3835881108 0)
(-0.7825384885 0.4089620774 0)
(-0.6015972295 0.4683699391 0)
(-0.3846573722 0.5354757341 0)
(-0.3058651092 0.3204383906 0)
(-0.4744622056 -0.3639581003 0)
(-0.6146867487 -0.6993435146 0)
(-0.9761554721 0.615918002 0)
(-0.9879978018 0.8581462191 0)
(-0.9616131274 1.071737757 0)
(-0.9572336173 1.246903995 0)
(-0.9808398371 1.335267748 0)
(-1.018442468 1.283160961 0)
(-0.3835241326 0.2968147279 0)
(0.07657689968 -0.06843481392 0)
(0.03181951467 0.0629628021 0)
(0.01762423449 0.03852228192 0)
(-0.04890878981 0.1418067248 0)
(-0.1767372277 -0.4262184648 0)
(-0.2798571103 0.5186684278 0)
(-0.3796814347 -0.6671077992 0)
(-0.6215342603 0.6768726147 0)
(-0.1071384011 -0.3317833656 0)
(0.1073284433 -0.08856103312 0)
(0.1471292471 -0.001032096653 0)
(0.120095881 0.03696583847 0)
(-0.01429635566 -0.1190827776 0)
(-0.2167494555 -0.404842699 0)
(-0.7885904497 -0.7556263362 0)
(-0.7596091461 -0.8456474137 0)
(-0.6981263889 -0.9122289586 0)
(-0.60015489 -0.9882069751 0)
(-0.4818393203 -0.9408977494 0)
(-0.4115281059 -0.8874795442 0)
(-0.4127424784 -0.8171384163 0)
(-0.4740490834 -0.7312887266 0)
(-0.6373473919 -0.6411768213 0)
(-1.248382912 -0.4760440271 0)
(-1.211531639 0.4675514808 0)
(-1.073119773 0.5801945282 0)
(-0.9472351205 0.5153650844 0)
(-0.8359486948 0.5821904626 0)
(-0.701770686 0.5341926851 0)
(-0.5280773984 -0.04856840987 0)
(-0.8871296578 -0.2285909875 0)
(-0.8596375913 0.3968649391 0)
(-0.8534456803 0.6919486884 0)
(-0.8403677981 0.9351082609 0)
(-0.5053297334 0.3396777267 0)
(-0.4846953473 0.4162266684 0)
(-0.5874256177 -0.2420970536 0)
(-0.6451311312 -0.41224565 0)
(-0.4878926658 -0.3185325609 0)
(-0.4135784701 -0.1116593402 0)
(0.1108272676 -0.2134252146 0)
(0.6926291052 0.04804135981 0)
(0.2231986846 0.250450619 0)
(-0.317450849 0.6144694347 0)
(-1.084891925 0.3316816215 0)
(-0.9418024689 0.2905764328 0)
(-0.7577053939 0.2687145897 0)
(-0.5772337068 0.323953123 0)
(-0.4553737547 0.4099485969 0)
(-0.3172712329 0.4652851884 0)
(-0.3279823157 0.1552768435 0)
(-0.5279553095 -0.190872718 0)
(-0.6403837661 -0.4204810581 0)
(-0.6529969027 0.5329521737 0)
(-0.7724808411 0.8621900984 0)
(-0.7134208994 1.060020967 0)
(-0.7388853175 1.191999034 0)
(-0.8434415017 1.265745833 0)
(-0.9464860335 1.271460245 0)
(-0.9559965096 1.121910145 0)
(-0.06354547976 0.2007213567 0)
(0.03496770872 0.1505500608 0)
(0.03834432419 0.1892524615 0)
(-0.0007809018801 0.2686107374 0)
(-0.1037276846 0.1284557252 0)
(-0.2894346286 0.6344150295 0)
(-0.3919018838 -0.6665651892 0)
(-0.657819314 0.4030103843 0)
(-0.8419585957 -0.9187310313 0)
(-0.8088781031 -0.7351853543 0)
(-0.8193566362 -0.6557406991 0)
(-0.8758763161 -0.651644155 0)
(-0.9230476759 -0.6854516469 0)
(-0.953963818 -0.7340556396 0)
(-0.9575617952 -0.805076902 0)
(-0.9403885885 -0.8558426276 0)
(-0.9029364765 -0.9056074665 0)
(-0.7974904953 -0.9373524264 0)
(-0.6038795599 -0.9402517252 0)
(-0.4405987352 -0.9326879802 0)
(-0.4039573587 -0.8858318661 0)
(-0.4079968488 -0.8184332947 0)
(-0.5135122055 -0.7282383301 0)
(-1.145906806 -0.5442434824 0)
(-1.028983452 0.5342235371 0)
(-0.9174158846 0.6746842631 0)
(-0.8511403735 0.7495458217 0)
(-0.7734153728 0.7444118249 0)
(-0.6358810156 0.62058028 0)
(-0.2443475629 0.3195970832 0)
(0.8634553042 -0.1883288436 0)
(-0.2556838337 0.08692888118 0)
(-0.314382504 0.1964687971 0)
(-0.3579802392 0.2891275291 0)
(-0.3556541423 -0.03604888329 0)
(-0.3132446803 0.0646701452 0)
(-0.3984416472 0.1215221339 0)
(-0.5469030184 -0.1045167172 0)
(-0.3996234281 -0.1527818937 0)
(-0.4084227341 -0.02960637255 0)
(0.5133149716 -0.08371363468 0)
(0.6301842471 0.0151373592 0)
(-0.1861809092 -0.009290403967 0)
(0.6468603351 0.3276163542 0)
(-1.085991948 0.2409453661 0)
(-0.8447653079 0.2498112418 0)
(-0.6153015277 0.272516864 0)
(-0.4794876539 0.3431754802 0)
(-0.4812093901 0.4273215863 0)
(-0.4884053127 0.450246787 0)
(-0.4581314505 0.4429193159 0)
(-0.6010215018 0.3330685555 0)
(-0.6772800152 0.02713632359 0)
(0.2072082389 0.2425758156 0)
(0.6906297639 0.4677584795 0)
(-0.07509555012 0.6066329773 0)
(-0.3371472952 0.7531757076 0)
(-0.6764223481 0.9121841196 0)
(-0.8481940223 1.047555803 0)
(-0.8932885431 1.133543036 0)
(-0.8391744166 1.176781152 0)
(-0.7483573736 1.129363869 0)
(-0.6823611476 1.078581952 0)
(-0.6010457781 0.9901551427 0)
(-0.5538637656 0.6902904528 0)
(-0.3698952397 0.8653750585 0)
(-0.3663380698 -0.6458723506 0)
(-0.5714022873 0.1719595194 0)
(-0.7351742734 -1.022563581 0)
(-0.9038991849 -0.928426026 0)
(-0.9894415395 -0.891894459 0)
(-1.067742217 -0.8655670325 0)
(-1.126472619 -0.8463027062 0)
(-1.167363138 -0.8352912195 0)
(-1.198678162 -0.8464991963 0)
(-1.182774068 -0.8657966655 0)
(-1.1397371 -0.8481169536 0)
(-1.037211199 -0.8314196036 0)
(-0.8335281156 -0.8582889715 0)
(-0.5364010242 -0.9444531522 0)
(-0.4729959052 -0.9387589208 0)
(-0.4381129729 -0.8953670009 0)
(-0.4981312087 -0.8022338475 0)
(-1.00947524 -0.5793224357 0)
(-0.8475652413 0.5693428098 0)
(-0.8144971051 0.6969703933 0)
(-0.7830835812 0.7888226456 0)
(-0.6844867797 0.768426081 0)
(-0.5323609504 0.6098593347 0)
(-0.1904037617 0.338840154 0)
(0.8770108303 -0.1675201934 0)
(-0.2246817117 -0.002798497231 0)
(-0.2709332754 0.1353131462 0)
(-0.3453464364 0.2898285319 0)
(-0.3515931705 -0.07372552086 0)
(-0.3112143753 0.02686976035 0)
(-0.384011975 0.03754417842 0)
(-0.4121684623 -0.1456474779 0)
(-0.437775713 -0.1639234109 0)
(-0.5645195091 -0.03104670031 0)
(-0.1437667922 -0.01278629908 0)
(0.6803948099 -0.06912327024 0)
(-0.2288902204 -0.1064756276 0)
(0.2054520705 0.2275039528 0)
(-0.9323668914 0.2218067816 0)
(-0.7551671019 0.3013123727 0)
(-0.5394415432 0.3162922153 0)
(-0.5118174563 0.3951079858 0)
(-0.592179109 0.4744206108 0)
(-0.6764081879 0.5464578507 0)
(-0.7489560251 0.6106194338 0)
(-0.8040240324 0.5264715703 0)
(-0.7862570631 0.2487095872 0)
(0.1902491413 0.2871063805 0)
(0.7834542274 0.4171109882 0)
(-1.251475725 0.6265563072 0)
(-0.789034031 0.7868990138 0)
(-0.6466804409 0.8924340741 0)
(-0.7402708325 1.040610555 0)
(-0.7809879513 1.150416047 0)
(-0.7742795714 1.203682783 0)
(-0.7554378845 1.199348702 0)
(-0.7057621012 1.166844616 0)
(-0.6480856288 1.103427675 0)
(-0.6020370543 0.8746282373 0)
(-0.3959173644 0.9119192716 0)
(-0.3356402893 -0.6181043688 0)
(-0.5365244401 -0.142179353 0)
(-0.7031091849 -1.108942907 0)
(-0.8960609237 -1.064692983 0)
(-0.9982263389 -1.054412747 0)
(-1.091266007 -1.038109999 0)
(-1.161921556 -1.008478358 0)
(-1.209573567 -0.9646671526 0)
(-1.237312548 -0.9119271063 0)
(-1.246129953 -0.8550543263 0)
(-1.233381857 -0.7978975515 0)
(-1.191915916 -0.7485217421 0)
(-1.087154541 -0.7347481308 0)
(-0.6897740664 -0.8868839269 0)
(-0.6928576233 -0.9271183635 0)
(-0.7316908703 -0.9314394659 0)
(-0.7900373655 -0.8396286207 0)
(-0.8536801495 -0.5679198145 0)
(-0.7375798114 0.5174972074 0)
(-0.7611547933 0.706581751 0)
(-0.7377099031 0.8375738195 0)
(-0.465974418 0.5665775929 0)
(-0.3597564859 0.4539480091 0)
(-0.03351545933 0.2637109213 0)
(0.8845884215 -0.1726045747 0)
(-0.1787747637 -0.1074882142 0)
(-0.1869481503 -0.01007031247 0)
(-0.3476885588 0.2944835207 0)
(-0.3461275651 -0.1028966315 0)
(-0.3103878859 -0.02337714121 0)
(-0.2942242475 -0.02605212606 0)
(-0.1943214938 -0.05996237796 0)
(-0.0408005699 -0.15795301 0)
(0.480702944 -0.04924664804 0)
(0.3590016207 0.09539258099 0)
(0.8370957883 -0.02739824981 0)
(0.375408838 -0.004334250775 0)
(0.806884018 0.2268157155 0)
(-0.7946417924 0.2023920548 0)
(-0.6910251563 0.3569194598 0)
(-0.4817851442 0.3662638657 0)
(-0.5660616521 0.4524297859 0)
(-0.6976979529 0.5354351801 0)
(-0.8023053897 0.6158939102 0)
(-0.8778740807 0.6969586024 0)
(-0.9164232934 0.7065033907 0)
(-0.878346832 0.4922570912 0)
(-0.02068517033 0.3684364899 0)
(0.03562131054 0.341293392 0)
(-1.963596203 0.6985201391 0)
(-1.552771438 1.086230093 0)
(-1.038725912 1.168476892 0)
(-0.7143199826 1.087287772 0)
(-0.6528553359 1.124414472 0)
(-0.6374222651 1.165869741 0)
(-0.6114621661 1.160426549 0)
(-0.5650687698 1.121444087 0)
(-0.5080852774 1.037033122 0)
(-0.463777847 0.8071767411 0)
(-0.3745575833 0.8675419013 0)
(-0.3057855819 -0.5908352467 0)
(-0.5272086539 -0.3749927021 0)
(-0.6896913414 -1.200269837 0)
(-0.8813335749 -1.194159269 0)
(-0.9810827386 -1.189831782 0)
(-1.063406313 -1.160361736 0)
(-1.121148935 -1.105203516 0)
(-1.156846998 -1.032316141 0)
(-1.175146257 -0.951974577 0)
(-1.178420583 -0.8715990382 0)
(-1.166945902 -0.7952403899 0)
(-1.137485127 -0.7254293985 0)
(-1.077172543 -0.6729666167 0)
(-0.5604918724 -0.716762227 0)
(-0.4980141093 -0.7577869001 0)
(-0.507422486 -0.8263631917 0)
(-0.7070369648 -0.7882537484 0)
(-0.6897664245 -0.5417927989 0)
(-0.517691196 0.305447686 0)
(-0.6562695913 0.6745759199 0)
(-0.5552716352 0.7129896772 0)
(-0.1623041207 0.1400796209 0)
(-0.1250542049 0.1296723661 0)
(0.09257257111 0.1485927521 0)
(0.7119743638 -0.2111460888 0)
(-0.09115445388 -0.3048676443 0)
(-0.1065745083 -0.3049132953 0)
(0.4202301903 0.2231109886 0)
(-0.3313828969 -0.1373459624 0)
(-0.2710781941 -0.08273177239 0)
(-0.147898858 -0.06724396195 0)
(0.1155535196 -0.05987488838 0)
(0.3659561124 -0.08320072177 0)
(0.2199520268 -0.06865962018 0)
(0.7061117115 0.08046930662 0)
(0.9735887729 0.02117638699 0)
(0.6904296698 0.1034010735 0)
(0.6987892491 0.1836280234 0)
(-0.5524921209 0.1881059572 0)
(-0.5858117213 0.3828219275 0)
(-0.4513890069 0.4403204674 0)
(-0.6549924897 0.5099183241 0)
(-0.8429458116 0.5906714238 0)
(-0.9658090562 0.6779597752 0)
(-1.035846929 0.7736129886 0)
(-1.057283538 0.849283037 0)
(-1.007655773 0.7755670033 0)
(-0.9018075716 0.4849132228 0)
(-0.7773526875 -0.2458165162 0)
(-1.711741452 0.7535933774 0)
(-1.427288271 1.453592302 0)
(-1.091543536 1.753065687 0)
(-0.7342163084 1.522394172 0)
(-0.4970120972 1.105780606 0)
(-0.4585567666 1.01286101 0)
(-0.4396346823 0.9935342905 0)
(-0.4003523987 0.9487525068 0)
(-0.3404822111 0.8596757712 0)
(-0.3144010568 0.6085408251 0)
(-0.3564247435 0.7729751898 0)
(-1.059718701 -1.068200613 0)
(-1.073078015 -0.9738367475 0)
(-1.06876318 -0.8819485015 0)
(-1.053049849 -0.793378239 0)
(-1.012595315 -0.7067839866 0)
(-0.9274351794 -0.6306227308 0)
(-0.3871475375 -0.6223930152 0)
(-0.2434600523 -0.5983743396 0)
(0.07335896778 -0.5744769718 0)
(0.6436388223 -0.5392940344 0)
(0.4615467725 -0.4456866509 0)
(-0.1333606818 -0.1826665068 0)
(0.2739256756 -0.4106902386 0)
(-0.05219752796 -0.1357060344 0)
(-0.03819475263 -0.07069195857 0)
(0.03893598504 -0.1084499001 0)
(0.5386670902 -0.1005381622 0)
(0.4105083263 -0.4095407828 0)
(-0.09004042979 -0.4257260489 0)
(-0.1737925371 -0.3165892063 0)
(-0.2069472708 -0.2556751322 0)
(-0.2746378109 -0.1758835067 0)
(-0.1647993724 -0.1083443899 0)
(-0.0783881191 -0.06968213489 0)
(0.006471255834 -0.0143684794 0)
(0.02567904982 0.03865241178 0)
(0.2237967707 -0.04260209012 0)
(0.3444104639 -0.1406567027 0)
(0.2155094941 -0.1941230793 0)
(-0.08275628951 -0.3057960612 0)
(-0.08011459233 -0.3334133766 0)
(-0.7568753232 0.1983521759 0)
(-0.4532799061 0.4013170848 0)
(-0.4757507335 0.4936887899 0)
(-0.8079221866 0.5504297693 0)
(-1.039668996 0.6290363179 0)
(-1.156991345 0.7331588131 0)
(-1.197211118 0.8550771629 0)
(-1.189111272 0.9806313301 0)
(-1.13519513 1.049400337 0)
(-0.8865411563 -0.4465302479 0)
(-0.7202752104 -1.342381857 0)
(-0.6731289468 0.7921654112 0)
(-0.6529608369 1.772410858 0)
(-0.5981558115 2.260283771 0)
(-0.4970100564 2.168310004 0)
(-0.3327441209 1.3426467 0)
(-0.2741405289 0.7683296338 0)
(-0.2595281889 0.7389672216 0)
(-0.2924608324 0.684842921 0)
(-0.30086927 0.6496246316 0)
(-0.2799700072 0.4334242304 0)
(-0.3519669376 0.6680412875 0)
(-0.8743526063 -0.6766257047 0)
(-0.7223233254 -0.560521612 0)
(-0.1234005859 -0.5969125415 0)
(0.134556691 -0.5674998419 0)
(0.4184132115 -0.530118316 0)
(0.6095249709 -0.469641499 0)
(0.3057120606 -0.340668903 0)
(-0.2517184218 -0.2405676042 0)
(0.1855226657 0.3436622223 0)
(0.2286752119 -0.005550037048 0)
(0.002317693744 -0.1026551643 0)
(-0.004012615092 -0.1803983661 0)
(0.08671546948 -0.2299696074 0)
(0.09328679013 -0.3945063981 0)
(-0.2314024553 -0.3621072469 0)
(-0.1619827982 -0.3429138069 0)
(-0.1485292862 -0.2777442156 0)
(-0.1237008233 -0.1591210857 0)
(-0.04688818188 -0.0931379019 0)
(0.0388882453 -0.02471808823 0)
(-0.01758911643 -0.09193243253 0)
(-0.007772614728 -0.1286032072 0)
(0.09804982209 -0.2009098975 0)
(0.09288924812 -0.3718712385 0)
(0.002342212269 -0.4231929127 0)
(-0.1550673441 -0.511199971 0)
(-0.319813762 -0.7300911766 0)
(-0.3563307752 0.1502700956 0)
(-0.1263670871 0.1668390842 0)
(-0.472708279 0.1854056329 0)
(-0.9521649594 0.472270095 0)
(-1.113881413 0.6285287588 0)
(-1.142802326 0.7723459327 0)
(-1.126371458 0.9265348435 0)
(-1.093191163 1.085298087 0)
(-1.056605715 1.226250914 0)
(-1.025185703 1.30476581 0)
(-0.8706925777 1.202890413 0)
(1.376392423 0.8498686971 0)
(0.7175193751 0.8239317234 0)
(0.01647725262 0.71390451 0)
(-0.08148213384 0.5977798894 0)
(-0.1263189493 0.5124148398 0)
(-0.1871771115 0.485468667 0)
(-0.2603655581 0.5003035597 0)
(-0.2956636558 0.5303599399 0)
(-0.3064370095 0.5657325379 0)
(-0.2999092747 0.3716315796 0)
(-0.3499939918 0.58986729 0)
(-0.08009127738 -0.2913544375 0)
(0.3438429904 -0.553748655 0)
(0.5510116587 -0.52305097 0)
(0.6807022257 -0.4851321034 0)
(0.482742579 -0.4351437679 0)
(-1.014900366 -0.477633062 0)
(-0.5184921042 0.4510772234 0)
(0.2087762036 0.005069974423 0)
(0.03802289781 -0.05363951823 0)
(-0.01952503657 0.008202184044 0)
(0.03689330044 -0.2851866611 0)
(-0.01359903466 -0.3365700692 0)
(-0.1205835957 -0.2447372593 0)
(-0.1235590061 -0.1817312273 0)
(-0.07675197117 -0.1467456202 0)
(-0.01659739891 -0.111301879 0)
(0.01859744145 -0.1039149403 0)
(-0.05531456106 -0.183704272 0)
(-0.05467368187 -0.1954094126 0)
(0.02636233311 -0.1602550381 0)
(0.1399864962 -0.1325980413 0)
(0.195330235 -0.1768145422 0)
(0.07449928216 -0.08952683584 0)
(-0.06680209051 0.05741945563 0)
(0.006104968564 -0.1358612189 0)
(0.4109856705 0.1071244179 0)
(-0.01066501279 -0.269476623 0)
(-0.6581866097 -0.3520536213 0)
(-1.003623066 0.4701470326 0)
(-0.9822172722 0.6480228437 0)
(-0.9574020453 0.8064485552 0)
(-0.9303343906 0.9713564005 0)
(-0.9031641896 1.138454361 0)
(-0.8840627949 1.290243365 0)
(-0.9033456843 1.383887085 0)
(-0.8551813734 1.353993075 0)
(0.5198733033 0.9735559853 0)
(-0.2221242923 0.834099412 0)
(-0.2535715239 0.682886403 0)
(-0.2362193532 0.5820483342 0)
(-0.2410232377 0.5121883491 0)
(-0.2621260625 0.4736290317 0)
(-0.2924370268 0.4788782611 0)
(-0.31641259 0.5111653778 0)
(-0.3244315264 0.5549847366 0)
(-0.3166795808 0.3417595421 0)
(-0.3367590736 0.5446568939 0)
(0.6252462948 -0.4800121161 0)
(-0.7936453717 -0.4490096103 0)
(-0.528430729 0.406299459 0)
(-0.3235651985 0.4090639805 0)
(-0.1432870987 -0.02204684269 0)
(-0.04609169993 0.07497284442 0)
(-0.05596022238 -0.2735837497 0)
(-0.196335462 -0.2251360054 0)
(-0.1540107256 -0.1897105741 0)
(-0.1134574993 -0.1308126928 0)
(-0.06431188504 -0.1004269912 0)
(-0.02901201166 -0.004329404516 0)
(-0.06311114066 -0.1708420604 0)
(-0.08751885297 -0.2301119809 0)
(-0.06495315063 -0.2418794209 0)
(0.006106495043 -0.2164383377 0)
(0.1337359793 -0.1437153812 0)
(0.2176797823 -0.1144279271 0)
(0.08242329284 -0.09426325407 0)
(-0.09117849466 -0.1534373461 0)
(-0.04844890639 -0.3422661464 0)
(-0.139890177 -0.4684621198 0)
(-0.7203072307 -0.8562373265 0)
(-0.7645552433 -0.548993868 0)
(-0.8497287143 0.5425234366 0)
(-0.8176375488 0.679431421 0)
(-0.7976847547 0.8332286577 0)
(-0.7701956436 0.9962955602 0)
(-0.7479468042 1.159005554 0)
(-0.7399701857 1.30770393 0)
(-0.9370009338 1.327503948 0)
(-0.9032782702 1.402633669 0)
(-0.776859459 1.254070244 0)
(-0.6196947615 0.9135899119 0)
(-0.508237508 0.6881781064 0)
(-0.4327354802 0.5556861145 0)
(-0.3744759416 0.4729575926 0)
(-0.3381138928 0.4369391903 0)
(-0.3335702028 0.4503389171 0)
(-0.3439690813 0.4920004937 0)
(-0.3451788222 0.5490117079 0)
(-0.3322286168 0.2926142255 0)
(-0.3109768296 0.5285771265 0)
(-0.2419173504 0.1328517413 0)
(-0.1607923755 0.1813210612 0)
(-0.06983792804 -0.06189644092 0)
(-0.06168362572 -0.004112616599 0)
(-0.05090269124 -0.2221238385 0)
(-0.1959949899 -0.1808961291 0)
(-0.159379477 -0.1685759429 0)
(-0.1384908255 -0.1076367984 0)
(-0.1099070946 -0.07583147441 0)
(-0.05845815898 -0.05272148144 0)
(-0.0648270741 -2.592034015e-05 0)
(-0.07813814074 -0.1876343798 0)
(-0.0641812812 -0.2074745643 0)
(0.008420535094 -0.2232452085 0)
(0.1513215738 -0.1816319962 0)
(0.2264745939 -0.1257381443 0)
(0.04462453091 -0.1602331356 0)
(0.1034840419 -0.2594124552 0)
(0.2246506544 -0.2510208898 0)
(0.1216167979 -0.2892864066 0)
(-0.5566074173 -0.766260657 0)
(-0.6117729605 -0.5322071456 0)
(-0.6921226196 0.5391665641 0)
(-0.6772168405 0.6886186117 0)
(-0.66520318 0.8537851984 0)
(-0.6146222724 1.005908947 0)
(-0.592503741 1.140567295 0)
(-0.6041413553 1.266902134 0)
(-1.299269138 1.093013908 0)
(-1.174953234 1.218789401 0)
(-0.918703049 1.312349924 0)
(-0.6523243515 0.9517483132 0)
(-0.5029887401 0.6448850344 0)
(-0.4208637166 0.4929378455 0)
(-0.3677417657 0.4125664548 0)
(-0.3449465023 0.383631888 0)
(-0.3647140318 0.4075187516 0)
(-0.3931179161 0.4660084879 0)
(-0.3928787964 0.5524929831 0)
(-0.364580159 0.2019441873 0)
(-0.2836238847 0.5431439402 0)
(-0.2741578484 -0.2273674184 0)
(-0.1890528829 -0.1833751019 0)
(-0.1596903742 -0.1567272242 0)
(-0.159639584 -0.08526825654 0)
(-0.1214780566 -0.03701387676 0)
(-0.1278358652 -0.1039425205 0)
(-0.09548332424 0.07917724712 0)
(-0.02470566366 -0.1358268651 0)
(-0.1154106905 -0.1429319123 0)
(-0.09556891002 -0.2102922171 0)
(0.03328936549 -0.259073326 0)
(0.2069473038 -0.2339114948 0)
(0.223498538 -0.3328486087 0)
(0.3931896492 -0.3720269447 0)
(0.3630321225 -0.3715869454 0)
(0.1490177396 -0.5011607309 0)
(-0.4317799817 -0.5937074759 0)
(-0.5420659354 -0.4651670105 0)
(-0.5305495101 0.5225936559 0)
(-0.5349330332 0.705131747 0)
(-0.5359231305 0.8950215164 0)
(-0.3546148889 0.9211563028 0)
(-0.3902722873 0.9571352066 0)
(-0.4668222943 1.04679963 0)
(-1.640932896 0.8777396558 0)
(-1.516426644 1.047967873 0)
(-1.14029994 1.175332333 0)
(-0.6659371219 0.9104154431 0)
(-0.4858486752 0.6207688783 0)
(-0.4123288452 0.4850033837 0)
(-0.3682481664 0.4056215515 0)
(-0.3552189532 0.3435862709 0)
(-0.3891876681 0.3421943319 0)
(-0.4223317157 0.4314480733 0)
(-0.4681355367 0.607503815 0)
(-0.4553197776 -0.04614571639 0)
(-0.2705466899 0.5841966721 0)
(-0.1390927183 -0.1420246622 0)
(-0.142631443 -0.05815951941 0)
(0.03797168628 0.04833315282 0)
(-0.1520449337 -0.04162875949 0)
(-0.1677434701 -0.01451743937 0)
(-0.06774369347 -0.1100801213 0)
(-0.1451318887 -0.106806593 0)
(-0.1564775708 -0.2026845956 0)
(-0.1095630638 -0.3691057635 0)
(-0.02302752205 -0.4603497066 0)
(0.1681946002 -0.4833707286 0)
(0.3721728315 -0.4172467371 0)
(0.4089757205 -0.4102258771 0)
(0.2735214585 -0.4768917673 0)
(-0.3604735943 -0.4679491076 0)
(-0.6124920491 -0.4243680448 0)
(0.5105616123 0.4651039343 0)
(0.5313440288 0.5603474467 0)
(0.5301379358 0.6069853739 0)
(-0.1100149089 0.6220362094 0)
(-0.3190373173 0.6161767542 0)
(-0.4357124424 0.6113853869 0)
(-1.629553192 0.7848132684 0)
(-1.542097888 1.04716587 0)
(-1.245715825 1.217846639 0)
(-0.7616770147 0.9981957078 0)
(-0.5130278169 0.6810646597 0)
(-0.4271281238 0.5443842 0)
(-0.3745066989 0.4668772557 0)
(-0.3276003082 0.3956848646 0)
(-0.2967331638 0.3840502334 0)
(-0.3242031157 0.4930066309 0)
(-0.3410902725 0.6855609575 0)
(-0.3352129596 -0.5154591958 0)
(-0.2691824542 0.6139882586 0)
(-0.1417071656 -0.04463960733 0)
(-0.1971870131 0.1463320525 0)
(-0.1274794718 0.004099886578 0)
(0.002352970662 -0.07231409405 0)
(0.06597228896 -0.06318259621 0)
(-0.2224424376 -0.003464250562 0)
(-0.1992472788 -0.1320327129 0)
(-0.1518651509 -0.3486565264 0)
(-0.1656776021 -0.449670227 0)
(-0.1408133999 -0.4146675127 0)
(0.03436382267 -0.3724819661 0)
(0.1681733891 -0.3296065491 0)
(0.08476401404 -0.3549185876 0)
(-0.3626325528 -0.5744981782 0)
(-0.6892118471 -0.5156668812 0)
(-0.4582994417 0.5201993129 0)
(-0.4179324115 0.5252338868 0)
(-0.4264738811 0.5639856906 0)
(-0.4783358311 0.6102374545 0)
(-0.5319854101 0.4907408709 0)
(-0.5357740252 0.3019334623 0)
(-1.34465235 0.7580192117 0)
(-1.280957685 1.115826597 0)
(-1.102337254 1.37856562 0)
(-0.850051967 1.303847965 0)
(-0.619594832 0.9220318903 0)
(-0.4863355354 0.6918611479 0)
(-0.3954832289 0.5818933301 0)
(-0.3154646355 0.4993534552 0)
(-0.2399661618 0.4450854755 0)
(-0.2219573429 0.4942186234 0)
(-0.2231556166 0.6613192448 0)
(-0.2150406356 -0.6087053774 0)
(-0.2697089772 0.6082788649 0)
(-0.07832421541 0.01983761471 0)
(-0.2023714269 0.08737254663 0)
(0.1825980474 -0.3048059639 0)
(0.09334195731 -0.2404111301 0)
(-0.06786268917 0.09896931517 0)
(-0.1065644449 -0.06694024272 0)
(-0.3573958636 0.03428473716 0)
(-0.1348871776 -0.2003738029 0)
(-0.1381668349 -0.2523043667 0)
(-0.1439660757 -0.1758305878 0)
(-0.1892120945 -0.245067687 0)
(-0.2925307897 -0.239716985 0)
(-0.3188550121 -0.3309351302 0)
(-0.4705974442 -0.6263822671 0)
(-0.7021102133 -0.5519428131 0)
(-1.481014972 0.5372289155 0)
(-1.351423386 0.6383465271 0)
(-1.235907887 0.7333676578 0)
(-0.9985722751 0.600570655 0)
(-0.6502930193 -0.3029304796 0)
(-0.4512144999 -0.6687776276 0)
(-0.9270469865 0.7687907867 0)
(-0.8664191783 1.193283247 0)
(-0.7786024692 1.54570115 0)
(-0.7114707377 1.625301801 0)
(-0.680197165 1.351999724 0)
(-0.588657201 0.9492834805 0)
(-0.4387180832 0.7151079954 0)
(-0.3137553799 0.5946401543 0)
(-0.2055469929 0.5027850398 0)
(-0.1489475558 0.4813228589 0)
(-0.1377935798 0.5681158623 0)
(-0.1390583236 -0.6053064946 0)
(-0.2717685923 0.5825813317 0)
(0.008495967326 0.05588191357 0)
(0.08318489142 0.193852118 0)
(0.126134977 0.09581248194 0)
(0.0204656694 -0.01969341374 0)
(0.02024694376 0.1729772978 0)
(-0.5700820539 0.1340174364 0)
(-0.1978266569 0.1920333569 0)
(-0.08999988101 0.01394486819 0)
(-0.1001232197 0.02329630747 0)
(-0.06709938947 -0.2226614173 0)
(-0.2694639821 -0.5109551687 0)
(-0.3409814058 -0.6560065798 0)
(-0.4049239367 -0.7285040608 0)
(-0.5489847974 -0.6318954004 0)
(-0.9114021617 0.5615738427 0)
(-0.8033846735 0.7326162844 0)
(-0.7378201033 0.8913404123 0)
(-0.5176750685 -0.1640379587 0)
(-0.3829039846 -1.013192217 0)
(-0.3581290005 -0.748857656 0)
(-0.3245479001 0.7769490508 0)
(-0.3313459167 1.271392821 0)
(-0.3468845383 1.686934774 0)
(-0.4139382274 1.794447398 0)
(-0.5449457051 1.629864218 0)
(-0.6355701579 1.245316803 0)
(-0.5027701265 0.8765247509 0)
(-0.3169973259 0.6868377035 0)
(-0.1778701641 0.5799161514 0)
(-0.03441078906 0.5117451959 0)
(0.13897286 0.4529045475 0)
(0.1340604558 -0.289056886 0)
(-0.2683577257 0.5519795233 0)
(0.1954187479 0.02600386078 0)
(0.09280892253 -0.05342868716 0)
(0.1263468946 -0.2792352544 0)
(0.1072816027 -0.5304531961 0)
(0.04361178165 -0.5582985294 0)
(-0.003210845224 0.1177852553 0)
(-0.00493507599 0.5966702979 0)
(0.01178963056 0.5129933007 0)
(-0.02080038607 0.162069971 0)
(-0.1167976028 -0.2350035245 0)
(-0.1416945465 -0.7062295212 0)
(-0.1972984276 -0.82506243 0)
(-0.2520491985 -0.8308293224 0)
(-0.3632264882 -0.6836924018 0)
(-0.6208094224 0.5590683139 0)
(-0.5613342189 0.7577987475 0)
(-0.5234854686 0.934317393 0)
(-0.4878811605 1.111705388 0)
(-0.4100165538 1.264634016 0)
(-0.3939129947 1.27423564 0)
(0.7877168871 0.9014792388 0)
(0.7559230963 1.068238903 0)
(0.3392092492 1.103214101 0)
(-0.2547823972 1.067707127 0)
(-0.630915358 1.027991323 0)
(-0.7595304422 1.009228358 0)
(-0.5733458037 0.9314992898 0)
(-0.3155003459 0.7651625162 0)
(-0.146424476 0.6236614816 0)
(-0.0189960623 0.5266696434 0)
(0.08628668819 0.4794268464 0)
(0.105912881 0.02363003042 0)
(-0.2540285631 0.530599849 0)
(0.2032808448 -0.06227082446 0)
(0.1184667498 -0.1934317362 0)
(0.1413675352 -0.3737804941 0)
(0.1564415612 -0.3674823599 0)
(0.2016899528 -0.2850078465 0)
(0.5495092149 0.1308184331 0)
(0.274694324 0.3372141783 0)
(0.1212394209 0.2583847599 0)
(0.03442958393 -0.03131671066 0)
(-0.1017302664 -0.4169011946 0)
(-0.1269007385 -0.6737555595 0)
(-0.1810600079 -0.6289946021 0)
(-0.1756805411 -0.7605285979 0)
(-0.2208404666 -0.7679963876 0)
(-0.2606426362 0.550468564 0)
(-0.2609520057 0.7985816605 0)
(-0.2616117718 1.009319544 0)
(-0.2566933133 1.218476432 0)
(-0.1891473591 1.219388331 0)
(-0.3573133231 1.036978834 0)
(0.8493695018 0.9633724855 0)
(0.4775659199 1.012076741 0)
(-0.111868523 0.9976459769 0)
(-0.5551942283 0.9750456091 0)
(-0.777180285 0.96721826 0)
(-0.7861062134 1.030558096 0)
(-0.6665136846 1.095936983 0)
(-0.3326996475 0.9128647121 0)
(-0.1086547523 0.7138040707 0)
(0.02052316474 0.5814311785 0)
(0.09550571336 0.5159806566 0)
(0.09990073479 0.2354535938 0)
(-0.2312674328 0.5226437054 0)
(0.119004374 -0.1357632345 0)
(0.105259928 -0.2246776147 0)
(0.01661480392 -0.1914748436 0)
(-0.05808602872 -0.07915014396 0)
(0.5649575836 0.1400572778 0)
(0.3412760219 0.2443358537 0)
(0.1597514151 0.1635705827 0)
(0.06516162394 0.04650018745 0)
(-0.06396694297 0.04322186404 0)
(-0.1041377659 0.01484069445 0)
(-0.2691708941 0.05729763599 0)
(-0.1895731642 -0.1941752653 0)
(0.2639320343 -0.552067625 0)
(0.5887687366 0.5489841661 0)
(0.5228698373 0.718717583 0)
(0.4799106945 0.8886326634 0)
(0.4431789898 1.074060572 0)
(-0.01903557485 0.8666024665 0)
(-0.4113962205 0.7035406547 0)
(-0.3691236648 0.7438546456 0)
(-0.707653614 0.738764531 0)
(-0.8688169779 0.7620572054 0)
(-0.8674895494 0.8637093124 0)
(-0.8106749778 0.9715231966 0)
(-0.7293213662 1.071252393 0)
(-0.6204348116 1.164448922 0)
(-0.4462144613 1.183277873 0)
(-0.1913673125 0.9682558917 0)
(-0.05651554673 0.8006693334 0)
(0.007703655368 0.7036432353 0)
(-0.005579473945 0.5126412596 0)
(-0.219343712 0.5450557915 0)
(0.06674790018 -0.06521630086 0)
(-0.1452589022 -0.08814972211 0)
(-0.162485509 -0.004951983614 0)
(0.2384021847 0.126482226 0)
(0.02301427709 0.194159514 0)
(0.121844976 0.1054820358 0)
(0.00969240615 0.01264933185 0)
(-0.07031472698 0.07032290045 0)
(-0.09746892104 -0.03496318536 0)
(0.05168966613 0.05893482467 0)
(0.2262513346 -0.1571155427 0)
(0.3693375909 -0.1969080767 0)
(0.872162501 0.3976789493 0)
(0.8798206956 0.6132919492 0)
(0.8299284556 0.7419199327 0)
(0.7912765537 0.8440242291 0)
(0.008112261779 0.6125495894 0)
(-0.4042007075 0.5570285297 0)
(-0.7226957443 0.6013401684 0)
(-0.8321730471 0.7376700145 0)
(-0.8260821786 0.861163226 0)
(-0.7682640664 0.9668104119 0)
(-0.6952018255 1.060875568 0)
(-0.6141165513 1.147572621 0)
(-0.5217068915 1.226125017 0)
(-0.4225836844 1.291340799 0)
(-0.341166324 1.308629255 0)
(-0.2739572229 1.220175864 0)
(-0.248511301 1.114183756 0)
(-0.2549016475 0.8095501683 0)
(-0.2374158453 0.5964306977 0)
(0.07139727016 -0.1116063846 0)
(0.06277121614 -0.05913065965 0)
(-0.1778238527 0.03922376716 0)
(0.0002665236857 0.01686387241 0)
(0.08716843677 0.1177492225 0)
(-0.02561368896 0.1295166734 0)
(0.07584236997 0.08782711992 0)
(0.08743964837 0.1187653487 0)
(0.07994626565 0.1197627813 0)
(0.1903532203 0.08827310838 0)
(-0.04062203833 0.1773334693 0)
(0.09731980054 0.2007784164 0)
(0.5415170888 0.2958796213 0)
(0.6297603317 0.2784954889 0)
(0.5697991182 0.2637897126 0)
(0.5164973606 0.2972135112 0)
(0.1854577049 0.282612473 0)
(-0.2546188492 0.4329862688 0)
(-0.6178265577 0.6856202799 0)
(-0.7109195515 0.8706026469 0)
(-0.6818452684 0.9847967907 0)
(-0.623209935 1.069172497 0)
(-0.5578593628 1.145706564 0)
(-0.4862084478 1.22154924 0)
(-0.4066011984 1.292031355 0)
(-0.3338185519 1.342563599 0)
(-0.3062833639 1.36214119 0)
(-0.2784656184 1.29115081 0)
(-0.2965437474 1.171071908 0)
(-0.3342282207 0.780774825 0)
(-0.2217773788 0.6197313512 0)
(-0.01977672776 0.04298526306 0)
(0.07297566858 -0.05921624714 0)
(-0.1354872645 -0.08565731684 0)
(0.03115613897 0.04391165073 0)
(0.110260667 0.006397084256 0)
(0.153286024 0.1192344998 0)
(0.1506964753 0.1724681319 0)
(0.09731089457 0.1061569568 0)
(0.06431125474 0.02647899854 0)
(0.07046060154 -0.02436323765 0)
(-0.1408839122 0.1872204347 0)
(-0.3163317206 0.1680331465 0)
(0.5511892859 0.2949068965 0)
(0.07308894101 -0.1245209517 0)
(0.01989396107 -0.2239330293 0)
(-0.5356426083 -0.6708512483 0)
(-0.7644862801 0.6882232727 0)
(-0.6836799708 0.8001380929 0)
(-0.622181576 0.9086158705 0)
(-0.5670397102 1.008079855 0)
(-0.5130293603 1.092036856 0)
(-0.4598893132 1.163859846 0)
(-0.4067836582 1.231552752 0)
(-0.349455013 1.302190601 0)
(-0.2863303728 1.373135256 0)
(-0.2354549466 1.42788039 0)
(-0.2203455145 1.452055549 0)
(-0.2389079064 1.438090021 0)
(-0.2807501541 1.314541395 0)
(-0.3470440151 0.8719343961 0)
(-0.1976617552 0.6756745978 0)
(0.2374216608 0.09989457308 0)
(0.1254382424 0.01183109949 0)
(-0.03770634383 0.02425120897 0)
(-0.1182291134 0.007402427224 0)
(0.04888109996 -0.08231527454 0)
(0.04872909659 -0.08467573244 0)
(-0.502664341 -0.1657817328 0)
(-0.4907263453 0.1379971329 0)
(-0.9380728513 0.09375634328 0)
(-0.6787409199 0.03942719825 0)
(-0.3910962469 -0.4317944807 0)
(-0.4473462573 0.6995775526 0)
(-0.4046972032 0.8442560103 0)
(-0.3747473686 0.9690976194 0)
(-0.3464458736 1.085674582 0)
(-0.3136824616 1.186096543 0)
(-0.2775169205 1.268870545 0)
(-0.2403509793 1.339187745 0)
(-0.2025576763 1.408904624 0)
(-0.1605597811 1.495255219 0)
(-0.1174405478 1.593123342 0)
(-0.09423035867 1.658272105 0)
(-0.098144627 1.665584295 0)
(-0.1468713921 1.568278651 0)
(-0.2329081976 1.197406553 0)
(-0.1817982527 0.7509047879 0)
(0.1303465849 0.04226695556 0)
(0.1164564623 -0.03521432469 0)
(-0.1146207576 -0.00297043841 0)
(0.004616536707 0.04698001596 0)
(0.221040765 0.001187858194 0)
(-0.2823626854 -0.4525676096 0)
(-0.9486930501 -0.3858621126 0)
(-1.594079336 0.4485507365 0)
(-1.304917606 0.5275166064 0)
(-0.9636930737 0.5385517176 0)
(-0.6970406074 0.5768077261 0)
(-0.2448886366 0.6711012257 0)
(-0.03359510914 0.8457180092 0)
(-0.01306936082 1.026107579 0)
(-0.003764688396 1.192842662 0)
(0.01241738862 1.356569039 0)
(0.03699958077 1.510292894 0)
(0.06961974003 1.644319331 0)
(0.1102579033 1.748724219 0)
(0.1520131153 1.810064416 0)
(0.1829838646 1.814994739 0)
(0.1742857634 1.744034732 0)
(0.1075042014 1.614931701 0)
(-0.016406881 1.43460111 0)
(-0.1356897123 1.071822289 0)
(-0.1647017216 0.8096747931 0)
)
;

boundaryField
{
    walls
    {
        type            noSlip;
    }
    wallFilmFace_top
    {
        type            slip;
    }
    region0_to_wallFilmRegion_wallFilmFace
    {
        type            slip;
    }
    mirrorFace_top
    {
        type            slip;
    }
    region0_to_wallFilmRegion_mirrorFace
    {
        type            slip;
    }
    procBoundary0to1
    {
        type            processor;
        value           nonuniform List<vector> 
52
(
(-0.2781242675 -0.5690442435 0)
(-0.5244459039 -0.5501991482 0)
(-0.6932965626 -1.282623429 0)
(-0.8521603783 -1.304829563 0)
(-0.9348652725 -1.290843026 0)
(-0.9959096225 -1.239241192 0)
(-1.035623155 -1.160328436 0)
(-1.035623155 -1.160328436 0)
(-0.9608697639 -1.089857601 0)
(-1.00073104 -0.9867537675 0)
(-0.9503739414 -0.8889024691 0)
(-0.9322635236 -0.7872785494 0)
(-0.9322635236 -0.7872785494 0)
(-0.7566275218 -0.6372213305 0)
(-0.5519843056 -0.4446151134 0)
(-0.5519843056 -0.4446151134 0)
(-0.3476065835 -0.001247831722 0)
(0.3990103523 -0.5483862358 0)
(0.6283579353 -0.5238617939 0)
(0.7417723 -0.4995113198 0)
(0.7417723 -0.4995113198 0)
(0.6122260494 -0.4759783534 0)
(-0.4345856082 -0.2852348495 0)
(-0.4345856082 -0.2852348495 0)
(-0.08137458684 -0.08079708186 0)
(-0.0547977363 -0.07488265783 0)
(0.05719486822 0.1264492287 0)
(-0.04018132068 -0.0735193827 0)
(-0.04018132068 -0.0735193827 0)
(-0.2384236121 -0.04322222887 0)
(-0.3258078992 -0.1603740561 0)
(-0.3258078992 -0.1603740561 0)
(-0.1094789599 -0.1276478393 0)
(-0.1094789599 -0.1276478393 0)
(-0.002112150735 -0.08146105693 0)
(0.1294212288 -0.201992719 0)
(0.1294212288 -0.201992719 0)
(0.117829324 0.1754119106 0)
(0.1470028664 -0.07654921537 0)
(0.1182755089 -0.06785661545 0)
(0.1182755089 -0.06785661545 0)
(0.09226103548 0.003287889315 0)
(0.09226103548 0.003287889315 0)
(0.09452241785 -0.05109349699 0)
(0.0623811126 0.07952623141 0)
(0.1043190072 -0.03032269571 0)
(0.1079756703 -0.01099574668 0)
(0.1608349577 0.0687539464 0)
(0.151781735 0.1029707996 0)
(0.1481991614 0.130005291 0)
(0.1481991614 0.130005291 0)
(0.130981039 0.1532658235 0)
)
;
    }
    procBoundary0to2
    {
        type            processor;
        value           nonuniform List<vector> 
26
(
(0.06769822936 -0.1016516 0)
(0.1232593847 -0.0854025506 0)
(0.01992246154 0.03714167335 0)
(0.1069136387 0.1191736833 0)
(-0.01637010003 0.1171277157 0)
(-0.07470073265 -0.5099624443 0)
(-0.1909744338 0.1783341634 0)
(-1.074015905 0.5308142739 0)
(-1.044183068 0.7558888194 0)
(-0.9432715473 0.9585863838 0)
(-0.8188965833 1.13643999 0)
(-0.5609232287 1.112783517 0)
(-0.1052332252 0.9533750097 0)
(0.2336825665 0.9842905002 0)
(0.3056198285 1.139225548 0)
(0.3059840441 1.300723962 0)
(0.2988401275 1.449959649 0)
(0.2955221567 1.579123912 0)
(0.2981454074 1.673905346 0)
(0.3031185699 1.709200866 0)
(0.2809681955 1.653788431 0)
(0.2110994556 1.511585275 0)
(0.1222799164 1.35491104 0)
(-0.007471262038 1.184330904 0)
(-0.1471325169 0.7749049654 0)
(-0.1428192443 0.8837608595 0)
)
;
    }
}


// ************************************************************************* //
