/*--------------------------------*- C++ -*----------------------------------*\
  =========                 |
  \\      /  F ield         | OpenFOAM: The Open Source CFD Toolbox
   \\    /   O peration     | Website:  https://openfoam.org
    \\  /    A nd           | Version:  8
     \\/     M anipulation  |
\*---------------------------------------------------------------------------*/
FoamFile
{
    version     2.0;
    format      ascii;
    class       volScalarField;
    location    "0.4/wallFilmRegion";
    object      rho;
}
// * * * * * * * * * * * * * * * * * * * * * * * * * * * * * * * * * * * * * //

dimensions      [1 -3 0 0 0 0 0];

internalField   nonuniform List<scalar> 
1342
(
994.511469
994.511469
994.5114692
994.5114694
994.5114691
994.5114691
994.511469
994.5114685
994.5114685
994.5114685
994.5114685
994.5114685
994.5114685
994.5114685
994.5114697
994.5114735
994.5114691
994.5114689
994.5114705
994.5114712
994.5114697
994.5114689
994.5114684
994.5114685
994.5114685
994.5114686
994.5114686
994.5114686
994.5114686
994.5114686
994.5114686
994.5114685
994.5114692
994.5114734
994.5114704
994.5114697
994.5114711
994.5114754
994.5114746
994.5114692
994.5114687
994.5114684
994.5114685
994.5114687
994.5114687
994.5114687
994.5114685
994.5114685
994.5114687
994.5114698
994.5114718
994.5114688
994.5114686
994.5114685
994.5114685
994.5114685
994.5114685
994.5114687
994.5114705
994.5114773
994.5114693
994.5114684
994.5114684
994.5114698
994.5114686
994.5114685
994.5114685
994.5114684
994.5114684
994.5114685
994.5114686
994.5114689
994.5114733
994.5114697
994.5114684
994.5114685
994.5114685
994.5114684
994.5114684
994.5114684
994.5114684
994.5114684
994.5114685
994.5114686
994.511823
994.5118562
994.5118335
994.5118297
994.5114689
994.5114685
994.5114684
994.5114684
994.5114684
994.5114684
994.5114684
994.5114684
994.5114685
994.5114685
994.5114699
994.511469
994.5114699
994.51147
994.51147
994.5114702
994.511469
994.5114694
994.5114702
994.5114696
994.5114693
994.5114691
994.5114687
994.5114736
994.5114714
994.5114709
994.5114708
994.5114707
994.5114708
994.511469
994.5114717
994.5114723
994.5114715
994.5114731
994.5114737
994.5114736
994.5114738
994.5114737
994.5114738
994.5114734
994.5114728
994.5114736
994.5114723
994.5114719
994.5114732
994.5114716
994.5114715
994.5114729
994.5114714
994.5114714
994.5114694
994.5114707
994.5114701
994.5114734
994.511474
994.5114734
994.5114709
994.5114728
994.5114724
994.5114663
994.5114722
994.5114705
994.5114675
994.5114174
994.511417
994.5114709
994.5114188
994.5114354
994.5114709
994.5114394
994.5114374
994.5114705
994.5114329
994.5114228
994.5114703
994.5114319
994.5114434
994.5114702
994.5114357
994.5114621
994.51147
994.5114593
994.5114355
994.51147
994.5114685
994.5114683
994.5114692
994.5114691
994.5114691
994.511469
994.511469
994.511469
994.5114735
994.5114735
994.5114734
994.5114726
994.511473
994.5114726
994.5114722
994.5114724
994.5114723
994.5114168
994.5114722
994.511459
994.5114684
994.5114684
994.5114684
994.5114684
994.5114684
994.5114684
994.5114684
994.5114684
994.5114684
994.5114684
994.5114684
994.5114684
994.5114151
994.5114684
994.5114684
994.5114684
994.5114684
994.5114684
994.5114365
994.5114684
994.5114684
994.5114686
994.5114667
994.5114671
994.511469
994.5114685
994.5114689
994.5114732
994.511473
994.5114729
994.5114726
994.5114727
994.5114725
994.5114723
994.5114724
994.5114723
994.5114657
994.5114721
994.5114227
994.5114684
994.5114684
994.5114684
994.5114684
994.5114684
994.5114684
994.5114684
994.5114684
994.5114684
994.5114684
994.5114684
994.5114684
994.5114684
994.5114684
994.5114684
994.5114684
994.5114684
994.5114684
994.5114684
994.5114684
994.5114684
994.5114638
994.5114684
994.5114257
994.5114687
994.5114675
994.5114686
994.5114691
994.5114691
994.5114692
994.5114727
994.5114727
994.5114726
994.5114724
994.5114725
994.5114724
994.5114723
994.5114723
994.5114556
994.5114684
994.5114684
994.5114684
994.5114684
994.5114684
994.5114684
994.5114684
994.5114684
994.5114684
994.5114684
994.5114684
994.5114684
994.5114684
994.5114684
994.5114684
994.5114684
994.5114684
994.5114684
994.5114684
994.5114684
994.5114684
994.5114684
994.5114684
994.5114684
994.5114274
994.5114396
994.5114663
994.5114689
994.5114686
994.5114688
994.5114692
994.5114691
994.5114692
994.5114725
994.5114725
994.5114711
994.511472
994.5114565
994.511423
994.5114684
994.5114684
994.5114684
994.5114684
994.5114684
994.5114684
994.5114684
994.5114684
994.5114684
994.5114684
994.5114684
994.5114684
994.5114684
994.5114684
994.5114684
994.5114684
994.5114684
994.5114684
994.5114684
994.5114684
994.5114684
994.5114684
994.5114684
994.5114684
994.5114349
994.5114449
994.5114462
994.5114687
994.5114686
994.5114687
994.511469
994.5114687
994.511469
994.5114724
994.511472
994.5114162
994.5114679
994.5114674
994.5114183
994.5114673
994.511467
994.5114684
994.5114664
994.5114635
994.5114684
994.5114533
994.5114442
994.5114684
994.5114691
994.5114676
994.5114684
994.511452
994.5114413
994.5114684
994.5114429
994.511467
994.5114684
994.5114619
994.511467
994.5114452
994.5114742
994.5114731
994.5114484
994.5114721
994.51147
994.5114689
994.5114688
994.5114687
994.511469
994.5114686
994.5114689
994.5114691
994.5114689
994.511469
994.5114697
994.5114695
994.5114698
994.5114695
994.5114695
994.5114699
994.5114696
994.5114696
994.5114699
994.5114696
994.5114696
994.5114698
994.5114696
994.5114696
994.5114703
994.5114697
994.5114703
994.5114738
994.5114738
994.511473
994.5114727
994.5114718
994.5114708
994.5114737
994.5114709
994.5114706
994.5114706
994.5114702
994.5114691
994.5114693
994.5114688
994.5114686
994.5114686
994.5114686
994.5114686
994.5114688
994.5114688
994.5114687
994.5114688
994.5114688
994.5114687
994.5114687
994.5114687
994.5114686
994.5114687
994.5114686
994.5114686
994.5114686
994.5114685
994.5114685
994.5114685
994.5114685
994.511469
994.5114688
994.5114691
994.5114694
994.5114693
994.5114696
994.5114699
994.5114699
994.5114701
994.5114709
994.5114712
994.5114719
994.5114729
994.5114723
994.5114716
994.5114689
994.5114688
994.5114687
994.5114686
994.5114685
994.5114685
994.511469
994.5114697
994.5114689
994.5114688
994.5114686
994.5114685
994.5114685
994.5114685
994.5114698
994.5114706
994.5114703
994.511471
994.5114716
994.5114716
994.5114732
994.5114739
994.5114782
994.5114689
994.5114687
994.5114686
994.5114686
994.5114685
994.5114685
994.5114685
994.5114685
994.5114685
994.5114684
994.5114684
994.5114686
994.5114685
994.5114685
994.5114693
994.5114714
994.5114738
994.5114731
994.5114793
994.5114792
994.511488
994.5114692
994.5114687
994.5114685
994.5114685
994.5114684
994.5114684
994.5114684
994.5114685
994.5114684
994.5114685
994.5114686
994.5114685
994.5114702
994.5114711
994.5118082
994.5114684
994.5114684
994.5114684
994.5114692
994.5118147
994.5114685
994.5114686
994.5114685
994.5114686
994.5114685
994.5114686
994.5114685
994.5114685
994.5114685
994.5114685
994.5114688
994.5114688
994.511469
994.511469
994.511469
994.5114692
994.5114691
994.5114689
994.5114692
994.5114703
994.511473
994.5114689
994.5114697
994.511473
994.5114738
994.5114737
994.5114734
994.511473
994.5114697
994.5114691
994.5114689
994.511469
994.511469
994.5114739
994.5114721
994.5114678
994.5114661
994.51147
994.511471
994.5114707
994.5114704
994.5114703
994.51147
994.51147
994.5114694
994.511469
994.5114689
994.5114689
994.511469
994.5114738
994.511473
994.5114724
994.511471
994.5114684
994.5114684
994.5114684
994.5114684
994.5114684
994.5114684
994.5114388
994.5114677
994.5114689
994.511469
994.5114732
994.5114729
994.5114724
994.5114722
994.5114684
994.5114684
994.5114684
994.5114684
994.5114684
994.5114684
994.5114684
994.5114279
994.5114673
994.511469
994.5114728
994.5114725
994.5114724
994.5114537
994.5114684
994.5114684
994.5114684
994.5114684
994.5114684
994.5114684
994.5114684
994.5114684
994.5114686
994.5114691
994.5114726
994.5114723
994.5114408
994.5114684
994.5114684
994.5114684
994.5114684
994.5114684
994.5114684
994.5114684
994.5114323
994.5114684
994.5114687
994.5114692
994.5114713
994.5114172
994.5114684
994.5114684
994.5114217
994.5114684
994.5114684
994.5114684
994.5114347
994.5114591
994.51147
994.5114686
994.511469
994.5114691
994.5114724
994.5114698
994.5114699
994.5114699
994.51147
994.5114698
994.5114732
994.511474
994.5114737
994.5114736
994.5114703
994.5114687
994.5114686
994.511469
994.5114691
994.5114693
994.5114693
994.5114694
994.5114698
994.511471
994.5114687
994.5114687
994.5114692
994.5114687
994.5114686
994.5114689
994.5114688
994.5114688
994.5114688
994.5114687
994.5114687
994.5114686
994.5114685
994.5114689
994.5114692
994.5114697
994.5114701
994.5114704
994.5114706
994.5114707
994.5114714
994.5114731
994.5114749
994.5114685
994.5114686
994.5114688
994.5114688
994.5114687
994.5114687
994.5114686
994.5114686
994.5114685
994.5114687
994.5114686
994.5114694
994.5114692
994.51147
994.5114684
994.5114684
994.5114684
994.5114695
994.5114727
994.5114853
994.5114858
994.511469
994.5114689
994.5114684
994.5114687
994.5114688
994.5114687
994.5114686
994.5114685
994.5114685
994.5114684
994.5114684
994.5114685
994.5114687
994.5114686
994.5114744
994.5114986
994.5114851
994.5114688
994.5114684
994.5114684
994.5114684
994.5114686
994.5114685
994.5114684
994.5114684
994.5114685
994.5114685
994.5114691
994.5114687
994.5114684
994.5114684
994.5114684
994.5114684
994.5114684
994.5114684
994.5114684
994.5115398
994.5117829
994.5118264
994.5114684
994.5114684
994.5114684
994.5114684
994.5114685
994.5115233
994.5118583
994.5118522
994.5117861
994.5114684
994.5114684
994.5114684
994.5114684
994.5114685
994.5114684
994.5116687
994.5117778
994.5118057
994.5114684
994.5114684
994.5114684
994.5114684
994.5114684
994.5114684
994.5114684
994.5114684
994.5114685
994.5114685
994.5114686
994.5114685
994.5114687
994.5114685
994.5114686
994.5114686
994.5114685
994.5114687
994.5114687
994.5114685
994.5114686
994.5114685
994.5114685
994.5114687
994.5114687
994.5114685
994.5114686
994.5114685
994.5114685
994.5114686
994.5114686
994.5114685
994.5114685
994.5114686
994.5114687
994.5114686
994.5114686
994.5114685
994.5114685
994.5114691
994.5114703
994.5114685
994.5114685
994.5114689
994.5114689
994.5114715
994.511472
994.5114688
994.511469
994.5114691
994.5114691
994.5114721
994.5114721
994.5114691
994.5114693
994.511469
994.5114692
994.511472
994.5114717
994.5114695
994.5114697
994.5114693
994.5114692
994.5114698
994.5114691
994.511469
994.5114693
994.5114691
994.511469
994.511469
994.5114699
994.511469
994.5114705
994.5114712
994.511469
994.511469
994.511469
994.511469
994.5114714
994.511471
994.5114692
994.5114692
994.5114692
994.5114692
994.5114692
994.5114685
994.5114685
994.5114685
994.5114691
994.5114691
994.5114685
994.5114689
994.5114689
994.511469
994.5114689
994.511469
994.511469
994.511469
994.5114689
994.5114689
994.5114689
994.5114691
994.5114687
994.5114685
994.5114686
994.5114692
994.5114687
994.5114688
994.5114685
994.5114686
994.5114686
994.5114693
994.5114688
994.5114689
994.5114685
994.5114686
994.5114686
994.5114694
994.511469
994.511469
994.5114685
994.5114686
994.5114686
994.5114695
994.5114689
994.5114688
994.5114685
994.5114686
994.5114686
994.5114699
994.5114687
994.5114687
994.5114685
994.5114686
994.5114686
994.5114692
994.5114686
994.5114686
994.5114685
994.5114686
994.5114686
994.5114686
994.5114685
994.5114685
994.5114685
994.5114685
994.5114685
994.5114689
994.5114686
994.5114686
994.5114715
994.5114696
994.511471
994.5114689
994.5114688
994.5114689
994.5114703
994.5114755
994.5114736
994.5114686
994.5114687
994.5114686
994.5114689
994.5114699
994.5114695
994.5114689
994.5114686
994.5114686
994.5114692
994.5114695
994.5114688
994.5114688
994.5114708
994.5114729
994.511472
994.5114744
994.5114782
994.5114704
994.5114705
994.51147
994.5114699
994.5114692
994.5114694
994.5114691
994.5114686
994.5114688
994.5114685
994.5114684
994.5114684
994.5114684
994.5114684
994.5114684
994.5114684
994.5114684
994.5114685
994.5114684
994.5114684
994.5114684
994.5114686
994.5114686
994.5114686
994.5114686
994.5114686
994.5114686
994.5114686
994.5114686
994.5114686
994.5114687
994.5114686
994.5114687
994.5114686
994.5114685
994.5114686
994.5114685
994.5114686
994.5114685
994.5114686
994.5114699
994.5114688
994.5114692
994.5114753
994.5114712
994.5114762
994.5114698
994.511471
994.5114701
994.5114689
994.5114697
994.5114687
994.5114685
994.5114685
994.5114688
994.5114687
994.5114685
994.5114687
994.5114728
994.511473
994.5114771
994.5114812
994.5114794
994.5114771
994.5114708
994.5114717
994.5114695
994.5114698
994.5114693
994.511469
994.511469
994.5114689
994.5114688
994.5114685
994.5114685
994.5114686
994.5114686
994.5114684
994.5114684
994.5114684
994.5114684
994.5114684
994.5114684
994.5114684
994.5114684
994.5114684
994.5114684
994.5114684
994.5114687
994.5114686
994.5114687
994.5114687
994.5114687
994.5114687
994.5114687
994.5114687
994.5114686
994.5114686
994.5114686
994.5114685
994.5114685
994.5114685
994.5114684
994.5114685
994.5114686
994.5114687
994.5114688
994.5114686
994.5114691
994.5114747
994.5114722
994.5114707
994.5114737
994.5114716
994.5114686
994.5114698
994.5114686
994.5114685
994.5114688
994.5114687
994.5114686
994.5114685
994.5114685
994.5114685
994.5114686
994.5114688
994.5114697
994.5114715
994.5114685
994.5114685
994.5114684
994.5114684
994.5114765
994.5114782
994.5115063
994.5114714
994.5114728
994.5114691
994.511469
994.5114686
994.5114687
994.5114685
994.5114685
994.5114684
994.5114684
994.5114684
994.5114684
994.5114684
994.5114684
994.5114684
994.5114684
994.5114684
994.5114687
994.5114687
994.5114687
994.5114687
994.5114686
994.5114685
994.5114685
994.5114685
994.5114684
994.5114684
994.5114685
994.5114684
994.5114685
994.5114685
994.5114685
994.5114686
994.5114703
994.5114687
994.5114685
994.5114687
994.5114691
994.5114694
994.5114684
994.5114684
994.5114684
994.5114687
994.5114688
994.5114687
994.5114686
994.5114685
994.5114685
994.5114685
994.5114684
994.5114685
994.5114685
994.5114697
994.5114689
994.5114714
994.5114707
994.5114685
994.5114685
994.5114685
994.5114685
994.5114684
994.5114684
994.5114684
994.5114686
994.5114687
994.5114691
994.5114707
994.5114685
994.5114685
994.5114685
994.5114685
994.5114684
994.5114684
994.5114684
994.5114684
994.5114684
994.5114684
994.5114684
994.5114684
994.5114685
994.5114684
994.5114684
994.5114685
994.5114685
994.5114685
994.5114689
994.5114686
994.5114792
994.5114731
994.5115315
994.5114904
994.5115829
994.5114743
994.5118558
994.5117441
994.5118647
994.5114689
994.5114689
994.5114687
994.5118317
994.5118436
994.5114686
994.5114684
994.5118536
994.5114704
994.5114684
994.5114686
994.5114684
994.5114684
994.5114685
994.5114688
994.5114686
994.5114686
994.5114685
994.5114685
994.5114685
994.5114685
994.5114684
994.5114684
994.5114685
994.5114684
994.5114684
994.5114684
994.5114684
994.5114684
994.5114684
994.5114684
994.5114684
994.5114684
994.5114684
994.5114684
994.5114684
994.5114684
994.5114684
994.5114684
994.5114685
994.5114685
994.5114685
994.5114686
994.5114687
994.5114688
994.5114686
994.5114684
994.5114685
994.5114688
994.5114687
994.5114685
994.5114685
994.5114684
994.5114684
994.5114684
994.5114685
994.5114685
994.511469
994.5114686
994.5114684
994.5114684
994.5114684
994.5114684
994.5114684
994.5114684
994.5114684
994.5114684
994.5114684
994.5114684
994.5114684
994.5114684
994.5114684
994.5114684
994.5114684
994.5114685
994.5114684
994.5117812
994.5115312
994.511777
994.5117899
994.5118311
994.5118385
994.511839
994.5118387
994.5118389
994.5118141
994.5114684
994.5114684
994.5114684
994.5114684
994.5114684
994.5114684
994.5114684
994.5114684
994.5114684
994.5114684
994.5114684
994.5114684
994.5114684
994.5114684
994.5114684
994.5114685
994.5114684
994.5117544
994.5115173
994.5116053
994.5118637
994.511884
994.5118729
994.5118121
994.5118207
994.5117843
994.5118028
994.5117807
994.5117987
994.5117964
994.5114684
994.5114684
994.5114684
994.5114684
994.5114684
994.5114684
994.5114684
994.5114684
994.5114684
994.5114684
994.5114684
994.5114684
994.5114684
994.5114684
994.5114684
994.5114684
994.5114684
994.5114684
994.5114684
994.5114684
994.5117583
994.5114684
994.5114684
994.5117913
994.5114684
994.5114684
994.5118188
994.5114685
994.5114685
994.5114691
994.5114685
994.5114685
994.5114685
994.5114685
994.5114684
994.5114685
994.5114684
994.5114685
994.5114684
994.5114684
994.5114684
994.5114684
994.5114684
994.5114684
994.5114684
994.5114684
994.5114684
994.5114684
994.5114684
994.5114684
994.5114684
994.5114684
994.5114684
994.5114684
994.5114684
994.5114684
994.5114684
994.5114684
994.5114684
994.5114685
994.5114684
994.5114685
994.5114685
994.5114685
)
;

boundaryField
{
    walls
    {
        type            zeroGradient;
    }
    wallFilmFace_top
    {
        type            zeroGradient;
    }
    region0_to_wallFilmRegion_wallFilmFace
    {
        type            zeroGradient;
    }
    mirrorFace_top
    {
        type            zeroGradient;
    }
    region0_to_wallFilmRegion_mirrorFace
    {
        type            zeroGradient;
    }
    procBoundary3to2
    {
        type            processor;
        value           nonuniform List<scalar> 
64
(
994.5114685
994.5114686
994.5114686
994.5114686
994.5114686
994.5114689
994.5114688
994.5114685
994.5114686
994.511472
994.5114741
994.5114733
994.5114733
994.5114742
994.5114739
994.5114733
994.5114731
994.5114729
994.5114728
994.5114727
994.5114727
994.5114726
994.5114725
994.5114725
994.5114725
994.5114725
994.5114725
994.5114725
994.5114719
994.5114719
994.5114688
994.5114688
994.5114688
994.5114689
994.5114689
994.5114685
994.5114686
994.5114685
994.5114696
994.5114687
994.5114687
994.5114685
994.5114685
994.5114684
994.5114684
994.5114685
994.5114685
994.5114687
994.5114687
994.5114686
994.5114686
994.5114686
994.5114686
994.5114686
994.5114689
994.5114687
994.5114688
994.5114686
994.5114688
994.5114687
994.5114684
994.5114684
994.5114684
994.5114685
)
;
    }
}


// ************************************************************************* //
