/*--------------------------------*- C++ -*----------------------------------*\
  =========                 |
  \\      /  F ield         | OpenFOAM: The Open Source CFD Toolbox
   \\    /   O peration     | Website:  https://openfoam.org
    \\  /    A nd           | Version:  8
     \\/     M anipulation  |
\*---------------------------------------------------------------------------*/
FoamFile
{
    version     2.0;
    format      ascii;
    class       volVectorField;
    location    "0.4/wallFilmRegion";
    object      U;
}
// * * * * * * * * * * * * * * * * * * * * * * * * * * * * * * * * * * * * * //

dimensions      [0 1 -1 0 0 0 0];

internalField   nonuniform List<vector> 
1342
(
(1.67835711 0.844748635 -2.903429336)
(0.7805684597 2.216690413 -1.442284864)
(0.3628676006 2.309921868 -2.362664419)
(-0.07880747937 1.502005516 -3.761400295)
(-0.4382609194 1.68369745 -4.031419429)
(-1.056161901 1.372285704 -0.5046023511)
(-1.09610599 0.8846706056 -0.5105541583)
(-1.779096334 -0.007288770181 -5.133163212)
(-1.878250223 -0.007975417822 -5.617756623)
(-1.826271672 -0.008642854109 -6.016259984)
(-1.763106223 -0.009282029459 -6.390576505)
(-1.604596898 -0.01035739108 -7.029627259)
(-1.113106454 -0.0111488862 -7.353297774)
(-0.4651094457 -0.0114171554 -7.325654095)
(0.2541699551 -0.01833484591 -11.41338902)
(1.613370109 -0.01578389723 -9.397251583)
(0.9313815942 -0.09773914341 -4.231436722)
(0.4222138403 -0.1210683914 -2.515249889)
(1.871796558 0.8046470488 -2.859199219)
(0.9522005848 2.166676613 -4.668488887)
(0.2448598159 -0.3521867576 -6.442189717)
(0.2632265971 -1.067446686 -4.413498517)
(0.1501344797 0.0429564032 -3.600385857)
(-0.1920441108 0.4236662551 -3.943745642)
(-0.4444163316 0.5255041693 -4.250537511)
(-2.47713162 0.2659308511 -4.767108351)
(-2.575223766 0.2891949746 -5.345588896)
(-2.487974381 0.3158840964 -5.808756004)
(-2.293332173 0.3266386567 -6.162043153)
(-1.904866473 0.3628358706 -6.574950041)
(-1.229180639 0.3669779685 -6.696356925)
(-0.3281067718 0.4941489825 -9.278295044)
(0.2904815431 0.5946977111 -11.69891518)
(1.9524129 0.4218645045 -8.733398952)
(0.929104287 0.07560539255 -3.969803069)
(0.4107071588 0.002680178201 -3.11145972)
(2.040242993 -0.1446201245 -2.632583319)
(2.2513118 0.8074885245 -3.328837832)
(2.172634665 1.328692025 -4.12766864)
(1.231203984 -0.9399806541 -5.107012222)
(1.085133589 -0.9583599837 -3.791119976)
(0.7286004497 0.2263401666 -3.081458339)
(-0.09663006648 1.589747569 -4.785241781)
(-2.90859964 1.373298613 -5.418882305)
(-2.592307096 1.456548318 -5.745306212)
(-2.06757983 1.526462226 -6.029672309)
(-1.31638786 1.716983247 -6.818881816)
(-0.1656776703 2.943233843 -11.5935111)
(0.3018563212 2.893632336 -11.50594483)
(2.073733887 2.055491864 -8.183539514)
(0.8126961131 0.7752808236 -3.433723502)
(-4.804857781 -3.496552211 -6.647106278)
(-3.588013181 -3.300685724 -6.304073398)
(-2.749863035 -3.135806868 -6.018520151)
(-2.19760668 -3.848404392 -7.350794019)
(-0.1140644028 -5.355418194 -10.25420284)
(3.321276363 -3.727974125 -7.089200118)
(2.081261389 -1.693380153 -3.224966486)
(1.965524805 -0.9339082243 -2.195077922)
(2.746930157 -0.1419419138 -2.882055508)
(4.002631437 -2.559565726 -8.730895401)
(1.088952045 0.8689180291 -2.667209295)
(0.7781761284 1.371958931 -2.906972075)
(0.7664424213 3.159049495 -6.044424929)
(-5.165886329 -4.389663838 -4.794882093)
(-4.650097645 -4.228891191 -4.604332996)
(-4.368141189 -4.997320168 -5.424257657)
(-3.11572296 -6.13755154 -6.694309696)
(-0.0296130565 -7.860271308 -8.553777233)
(5.06003543 -5.548337807 -6.022967209)
(4.593486258 -4.847416552 -5.255358802)
(2.448594167 -1.504321172 -1.980821814)
(2.791772733 -0.9970269742 -2.164629352)
(5.392898281 -4.376210377 -7.334895073)
(1.425321205 1.210239038 -2.115337063)
(1.070942114 2.120777422 -2.705435429)
(-7.268174378 -4.205416397 -2.670612956)
(-7.088455082 -4.934525158 -3.141908645)
(-5.963414256 -5.773847911 -3.654026313)
(-4.012184127 -6.581051926 -4.2015823)
(0.006136501384 -8.019588778 -5.106411364)
(6.851826916 -5.422604237 -3.479072048)
(6.109301102 -6.07406259 -3.886322055)
(2.547180678 -5.346562936 -3.684425222)
(3.530627629 -8.831474881 -4.47746113)
(5.134880998 -6.266630644 -5.236432537)
(7.261201381 -3.393895834 -4.269911173)
(7.15185041 3.936880587 -3.811883387)
(3.28995874 7.624556074 -3.954214298)
(-6.112050197 3.974199476 -1.938940229)
(-6.227339843 5.649409788 -2.753461829)
(-5.161420942 7.049160749 -3.430056459)
(-3.243003754 8.318786966 -4.039154838)
(-0.00101796554 10.185707 -4.945510483)
(3.840415173 7.013869101 -3.430064)
(5.291857532 5.76013795 -2.803414756)
(6.630193126 4.439929135 -2.86491746)
(3.378463054 8.568360073 -5.541184161)
(1.838750736 0.7030404777 -2.818303048)
(1.688822551 1.062606431 -2.968647931)
(1.819791114 0.9203388474 -2.876331651)
(1.81601252 1.16869044 -3.020722317)
(1.634510984 1.603325594 -3.359409281)
(1.45268923 1.863054149 -3.613346836)
(1.001007192 2.048543916 -1.307986359)
(0.1129359997 1.954999236 -3.222268723)
(0.05529880777 0.4047237826 -6.734671429)
(-0.03897614975 -0.5592785706 -6.013834051)
(-0.2218873367 1.423751483 -4.03497024)
(0.04152586026 -0.9365999012 -5.058907206)
(0.117478119 -0.8298165641 -4.687479846)
(-0.2891494523 0.05556949946 -8.892759731e-05)
(-0.1706080729 0.02942581376 -4.662305762e-05)
(-0.08463127746 0.01112430669 -1.791450116e-05)
(-0.1375918779 0.03631054463 -5.788226322e-05)
(-0.05881386959 0.007658560471 -1.208472004e-05)
(-0.03392388045 0.006641068648 -1.05910792e-05)
(0.4286781727 0.05220125036 -8.31201991e-05)
(0.008185100704 0.007888693062 -1.256852193e-05)
(0.07280683552 0.01009579289 -1.596971602e-05)
(0.4652113452 0.0447842599 -7.186639543e-05)
(0.167812808 0.01915810125 -3.030086957e-05)
(0.2199657873 0.02600155873 -4.14604348e-05)
(0.4012895793 0.04206915394 -6.714720263e-05)
(0.2424268702 0.02783114922 -4.413468043e-05)
(0.2505958365 0.02713563271 -4.369397057e-05)
(0.3807728665 0.04149515355 -6.586373134e-05)
(0.2489451288 0.02434700118 -3.869522593e-05)
(0.2416983653 0.02033416615 -3.24619696e-05)
(0.460970914 0.04196924922 -6.693343625e-05)
(0.2410013646 0.01750121439 -2.840065753e-05)
(0.2586872835 0.01718765361 -2.702139065e-05)
(0.6753398134 0.03676878202 -5.708146471e-05)
(0.2972214954 0.01886965138 -3.046873708e-05)
(0.3478722132 0.02085991845 -3.264676465e-05)
(1.079499631 0.02271824659 -1.044270363e-05)
(0.399910089 0.02197012449 -3.510637475e-05)
(0.4770593665 0.02222401351 -3.450718511e-05)
(1.62280908 0.1168085611 -0.0004133995103)
(1.30403296 0.06480407385 -8.783132534e-05)
(1.837290011 0.1183538431 -0.0002061082001)
(-0.2001522557 0.07467536662 -0.0001187216036)
(0.004133521981 0.1414808039 -0.0002254064141)
(-0.03373892637 0.1329987129 -0.0002118477959)
(-0.0002201764796 0.0008118355225 -1.292615552e-06)
(0.09196799239 0.1425730764 -0.0002269090571)
(0.1046810491 0.1143098008 -0.0001822386404)
(-3.432898453e-05 1.667710035e-06 -2.601434132e-09)
(0.0240601925 0.0242831524 -3.868950164e-05)
(1.084363079e-05 9.668117161e-06 -1.538535059e-08)
(0.0001321345603 5.525355012e-06 -8.312547473e-09)
(-5.021559244e-11 -2.218653912e-10 3.527991815e-13)
(-1.077471522e-10 -1.167490448e-09 1.858692545e-12)
(0.006419895448 0.0007044034936 -1.120034435e-06)
(-1.783024298e-10 -1.153983717e-08 1.836978482e-11)
(3.836024137e-09 -8.70565772e-08 1.385780116e-10)
(0.008867630584 0.0008711390356 -1.381907016e-06)
(1.143063506e-08 -1.11993966e-07 1.783001791e-10)
(1.318207797e-08 -9.292229579e-08 1.481068507e-10)
(0.003298378899 0.0002897642917 -4.631132559e-07)
(8.486961716e-09 -5.078645791e-08 8.103018659e-11)
(1.857598198e-09 -8.763826334e-09 1.397418964e-11)
(0.0148991349 0.001145943872 -1.810732763e-06)
(2.160801222e-08 -6.82811662e-08 1.087249392e-10)
(8.951558426e-08 -1.947007808e-07 3.098924965e-10)
(0.08593300809 0.00538122912 -8.560259535e-06)
(5.64824451e-08 -1.136983287e-07 1.810303199e-10)
(3.166935331e-05 -6.845640174e-06 1.091775459e-08)
(0.1609622086 -0.000830327312 1.598688262e-06)
(5.134744658e-06 -1.158939764e-06 1.836237208e-09)
(3.519885952e-06 -4.737737768e-06 7.54681454e-09)
(0.8740175056 0.05722391421 -8.976743529e-05)
(0.02264087812 0.001203671089 -1.962588804e-06)
(0.08868707557 0.008530114982 -1.34110185e-05)
(2.549264758 0.3537445431 -0.0005619928806)
(1.286655195 0.2138401538 -0.0003445517305)
(1.982477159 0.3527472563 -0.0005599173382)
(2.263847851 0.4713906538 -0.0007535874482)
(2.638907627 0.4826050544 -0.0007650396489)
(2.506435275 0.5098125777 -0.0008172525416)
(0.07897508138 0.1953702184 -0.0003111874568)
(0.1026230647 0.2708470153 -0.0004306528015)
(0.1476468484 0.251903031 -0.0004011963956)
(0.1584606643 0.1651661239 -0.0002632079294)
(0.1921136912 0.2317414776 -0.0003693279927)
(0.1991986545 0.2001828733 -0.000319250213)
(0.03075756972 0.02796254567 -4.454374647e-05)
(0.1752846526 0.1610427165 -0.0002564540083)
(0.1121248169 0.09924084431 -0.0001578877494)
(-3.268308436e-12 -1.876383139e-11 2.98719976e-14)
(0.004438989954 0.003880260337 -6.171339428e-06)
(-8.187132038e-10 -3.892400527e-09 6.198628391e-12)
(3.666391595e-14 -1.936068289e-11 3.087043028e-14)
(-1.061831748e-12 -2.151247513e-11 3.421453349e-14)
(-3.994360064e-13 -2.198306896e-11 3.49616292e-14)
(5.367418999e-12 -2.323908383e-11 3.700307841e-14)
(1.504302525e-12 -2.245606689e-11 3.572394001e-14)
(3.553034521e-12 -2.357121662e-11 3.753286043e-14)
(1.17496738e-11 -2.982598146e-11 4.747560609e-14)
(5.763023723e-12 -2.481815651e-11 3.956002027e-14)
(8.388807666e-12 -2.659004221e-11 4.239900544e-14)
(1.976580025e-11 -3.577153925e-11 5.69368913e-14)
(1.156762058e-11 -2.857204821e-11 4.553150727e-14)
(1.564221221e-11 -3.095026595e-11 4.926597819e-14)
(4.512074055e-11 -6.189062876e-11 9.875931729e-14)
(2.108813329e-11 -3.40140459e-11 5.414222177e-14)
(2.829129968e-11 -3.063613562e-11 4.879419661e-14)
(5.141795578e-11 -6.244028025e-11 9.958462726e-14)
(3.77538995e-11 -4.417070723e-11 7.02594723e-14)
(5.010412081e-11 -5.166705345e-11 8.207487241e-14)
(1.213931343e-06 -5.490303654e-07 8.769197897e-10)
(6.742106106e-11 -5.422188994e-11 8.627682887e-14)
(8.527492178e-11 -6.580416682e-11 1.047311052e-13)
(1.082957668 0.2205549339 -0.0003492656482)
(0.009560086232 0.002379492631 -3.77939368e-06)
(0.4905664458 0.1222955531 -0.0001944545548)
(2.659061344 0.586289397 -0.0009352225956)
(1.358796307 0.4695807253 -0.0007483983359)
(1.984567708 0.6696242157 -0.001070168602)
(0.1896032321 0.2936394715 -0.0004680751136)
(0.1578453312 0.3571690325 -0.0005683352459)
(0.2043980762 0.3058753563 -0.0004866936567)
(0.2218358361 0.2172530109 -0.00034584386)
(0.2253436984 0.2542279613 -0.0004048649154)
(0.2157401442 0.2090563721 -0.0003331750301)
(0.1319420776 0.1161308812 -0.0001851764622)
(0.1815937847 0.16480751 -0.0002626317576)
(0.08903467763 0.07914599945 -0.0001262577668)
(1.161389045e-09 -1.296546342e-09 2.069275768e-12)
(0.000334574715 0.0002956131319 -4.703723799e-07)
(-5.498995407e-12 -1.562356184e-11 2.487097827e-14)
(-2.028564195e-13 -1.380416036e-11 2.200098004e-14)
(-1.377719391e-12 -1.010836943e-11 1.60992754e-14)
(-4.868578585e-13 -1.030875242e-11 1.643015377e-14)
(3.094236042e-12 -1.492401797e-11 2.377393021e-14)
(7.735403905e-13 -1.055273778e-11 1.681809313e-14)
(2.077770787e-12 -1.114131423e-11 1.773008025e-14)
(7.253018127e-12 -1.695587707e-11 2.699178125e-14)
(3.570202244e-12 -1.188637586e-11 1.891154764e-14)
(5.361066289e-12 -1.296005087e-11 2.06598708e-14)
(1.321071178e-11 -2.009190705e-11 3.195787171e-14)
(7.640785349e-12 -1.428573655e-11 2.276175086e-14)
(1.061734215e-11 -1.597388609e-11 2.540046703e-14)
(2.325101511e-11 -2.555048038e-11 4.070839514e-14)
(1.462339701e-11 -1.808119585e-11 2.878999029e-14)
(2.002998838e-11 -2.080420587e-11 3.312370473e-14)
(4.135638482e-11 -3.5244766e-11 5.622579055e-14)
(2.744341495e-11 -2.415860781e-11 3.836297359e-14)
(3.749359337e-11 -2.834917318e-11 4.523066907e-14)
(7.499636795e-11 -5.132382534e-11 8.180774721e-14)
(5.239622825e-11 -3.348160229e-11 5.333765588e-14)
(7.233039546e-11 -4.007670652e-11 6.372323956e-14)
(0.003401334108 0.0008462397181 -1.348700868e-06)
(1.081707308e-10 -4.845505261e-11 7.720311918e-14)
(2.653301896e-08 -7.316572247e-09 1.168680786e-11)
(1.546783184 0.6443322733 -0.001027952113)
(0.7032987511 0.2980509963 -0.0004752218277)
(1.181105499 0.5448658955 -0.0008694432712)
(1.251484242 2.181972448 -0.00347537467)
(1.870355169 1.856452819 -0.002954110928)
(1.00208895 2.342394001 -0.003730420275)
(0.1880119897 0.2785753335 -0.0004435038877)
(0.1292963786 0.3090551515 -0.0004921599993)
(0.1372967015 0.209526664 -0.0003338413067)
(0.1779813437 0.1737789598 -0.000276738843)
(0.1210100198 0.1371977516 -0.0002187503015)
(0.06250547491 0.06178363057 -9.817173356e-05)
(0.002949236527 0.002691443641 -4.279685727e-06)
(0.001535814616 0.001440582673 -2.297020591e-06)
(-2.009649609e-10 -2.313495739e-10 3.681763388e-13)
(-2.270027867e-12 -5.215034333e-12 8.309884847e-15)
(-3.719562944e-12 -4.224302563e-12 6.728828032e-15)
(-2.679628577e-12 -4.407556341e-12 7.013660838e-15)
(-2.880526217e-13 -5.645056141e-12 8.983936525e-15)
(-1.475891904e-12 -4.194646976e-12 6.666216066e-15)
(-5.150458855e-13 -4.236281166e-12 6.745337411e-15)
(1.841868834e-12 -6.282601498e-12 1.001051713e-14)
(3.992111574e-13 -4.285785077e-12 6.831700453e-15)
(1.253683873e-12 -4.661005981e-12 7.423122659e-15)
(4.616044804e-12 -7.651267572e-12 1.21855162e-14)
(2.307906413e-12 -5.105275947e-12 8.130015721e-15)
(3.530612285e-12 -5.847739824e-12 9.306987837e-15)
(9.211372128e-12 -1.003755913e-11 1.600984503e-14)
(5.264231968e-12 -6.779680206e-12 1.078491101e-14)
(7.620050361e-12 -8.068524427e-12 1.283202549e-14)
(1.769122572e-11 -1.389806303e-11 2.22005331e-14)
(1.097123977e-11 -9.560781448e-12 1.518800566e-14)
(1.590889598e-11 -1.157782847e-11 1.8426802e-14)
(3.444347708e-11 -1.982347776e-11 3.154184911e-14)
(2.255182891e-11 -1.340745005e-11 2.131498895e-14)
(3.336876132e-11 -1.611163394e-11 2.566881107e-14)
(6.831140703e-11 -2.846675282e-11 4.534421919e-14)
(4.671885753e-11 -1.782825723e-11 2.836116505e-14)
(6.385743509e-11 -1.995066647e-11 3.175784521e-14)
(2.316414483e-10 -4.627918039e-11 7.404909739e-14)
(5.610626479e-08 -9.037821948e-09 1.436463058e-11)
(1.144568623e-05 -1.727677196e-06 2.756778854e-09)
(0.6616893969 -0.237566877 0.0003777121377)
(0.5379920801 -0.3455175644 0.0005512052444)
(0.6035011694 -0.2683271202 0.0004280797963)
(0.8674339585 2.391112662 -0.003811049947)
(0.9905759594 0.6994584285 -0.001114860802)
(0.8161558353 2.441591928 -0.00389159338)
(0.02428757724 0.03823556228 -6.088934396e-05)
(0.004075400612 0.0149490458 -2.383280924e-05)
(5.689450534e-07 9.760955563e-07 -1.556996666e-09)
(2.529343918e-05 2.50280381e-05 -3.989320943e-08)
(-2.613792522e-10 -2.652373341e-10 4.226056287e-13)
(-1.112431969e-11 -2.511285534e-12 4.016794907e-15)
(-4.970566754e-12 -2.279161534e-13 3.650637519e-16)
(-7.869820434e-12 -2.026871192e-12 3.213548343e-15)
(-5.472210643e-12 -1.989759358e-12 3.173490718e-15)
(-2.041799664e-12 -3.221614389e-13 5.114221591e-16)
(-3.612659487e-12 -1.604244619e-12 2.555650297e-15)
(-2.262351517e-12 -1.217414287e-12 1.935579327e-15)
(-2.612146915e-13 -2.348475319e-13 3.740687943e-16)
(-1.31060672e-12 -1.479924133e-12 2.357086392e-15)
(-6.19016266e-13 -6.621900019e-13 1.054161357e-15)
(1.080914738e-12 -7.54852043e-13 1.203403724e-15)
(-2.433708069e-14 -5.293559977e-13 8.427889009e-16)
(5.446659121e-13 -9.103746325e-13 1.450164425e-15)
(2.939506129e-12 -1.828922888e-12 2.913038713e-15)
(1.407263224e-12 -1.189294112e-12 1.895513159e-15)
(2.278766536e-12 -1.792302597e-12 2.852355604e-15)
(6.557920727e-12 -3.665371126e-12 5.854335494e-15)
(3.671738979e-12 -2.464138213e-12 3.930821565e-15)
(5.581771417e-12 -3.490097717e-12 5.557484192e-15)
(1.489050331e-11 -6.818754047e-12 1.085266926e-14)
(8.328191603e-12 -9.243513972e-12 1.475014502e-14)
(1.326863218e-11 -1.200068981e-11 1.911334587e-14)
(3.406387571e-11 -1.221718749e-11 1.946879388e-14)
(1.87628716e-11 -1.261789502e-11 2.007674961e-14)
(2.784382146e-11 -1.186833417e-11 1.887517174e-14)
(7.924668196e-11 -2.649177365e-11 4.216418623e-14)
(3.212105343e-07 -5.045875821e-08 8.015236368e-11)
(4.767124819e-07 -3.466195036e-08 5.599647613e-11)
(0.1058612717 -0.03384637439 5.385735056e-05)
(0.3335339566 -0.1186733732 0.0001887777728)
(0.9648769974 -0.2653377963 0.0004231500675)
(0.1261009169 0.2974116017 -0.0004735006257)
(0.5228106215 -0.2837690187 0.0004513335492)
(0.04636225815 0.6234023697 -0.0009934052447)
(0.02279128015 0.1556792559 -0.000248038232)
(0.003616768989 0.05990979826 -9.537356418e-05)
(-2.224223607e-11 6.774493237e-12 -1.074977092e-14)
(-5.474637142e-05 2.720238353e-06 -4.39517815e-09)
(-4.082032686e-05 -1.690817261e-06 2.769279868e-09)
(-1.072151253e-11 3.440943448e-12 -5.460046863e-15)
(-3.037657106e-05 -1.064842927e-06 1.694529303e-09)
(-1.958383614e-05 -2.951567143e-07 4.917284068e-10)
(-4.641553588e-12 4.681155076e-13 -7.485491855e-16)
(-9.976457383e-06 5.61745207e-07 -9.108460876e-10)
(-9.408383252e-07 4.6364121e-07 -7.387408354e-10)
(-2.16315672e-12 -1.891983613e-12 3.010975837e-15)
(-4.088307571e-08 1.116218651e-07 -1.778595244e-10)
(-2.219588636e-10 3.092175836e-08 -4.92381814e-11)
(7.184027866e-13 4.619538131e-12 -7.359331056e-15)
(-1.237132686e-05 -8.436209112e-06 1.343087434e-08)
(-2.763192495e-08 1.841143995e-07 -2.930144659e-10)
(8.187898078e-13 2.043734001e-14 -3.318872041e-17)
(-3.304879965e-09 2.265636595e-08 -3.604897012e-11)
(-7.792394578e-10 2.665688217e-08 -4.24369363e-11)
(2.434788004e-12 2.562463437e-12 -4.0767717e-15)
(3.577747378e-09 1.128441341e-08 -1.795921531e-11)
(1.34391424e-07 1.376075669e-07 -2.189181902e-10)
(1.612856286e-13 7.039432139e-14 -1.122276336e-16)
(3.847014537e-08 1.250707336e-07 -1.991876265e-10)
(6.962123595e-07 5.668709384e-07 -9.037602076e-10)
(3.855824533e-09 1.974425543e-09 -3.142937736e-12)
(0.0002176447328 -3.772628064e-05 6.004391075e-08)
(0.00241914733 -0.0005884886922 9.362839718e-07)
(7.523390915e-10 1.561443231e-10 -2.477205459e-13)
(0.00307332917 -0.002116391715 3.367748469e-06)
(0.00117857085 -0.0005453180733 8.693567928e-07)
(0.02771642307 -0.006001325274 9.614010797e-06)
(0.3796750734 -0.1209456464 0.0001923827248)
(0.5827134675 -0.1574387318 0.0002500619239)
(-0.7460633842 1.073041479 -0.001708878741)
(0.6073010446 -0.2365529941 0.0003781281708)
(-0.5788613983 0.6701645174 -0.001066068874)
(-0.8238297726 1.378865787 -0.002194850159)
(-0.7630261429 0.9433279504 -0.001501437995)
(-0.9618175197 1.301160252 -0.002070672301)
(-0.2094058963 -0.01310587716 2.069117147e-05)
(-0.5601175358 -0.03498489384 5.55405515e-05)
(-0.1088745405 -0.008465056278 1.370249019e-05)
(-0.514387885 -0.02521381623 4.075949022e-05)
(-0.4373759045 -0.02308070041 3.649858572e-05)
(-0.06594052786 -0.006336912838 1.021702436e-05)
(-0.3626472191 -0.02116398189 3.286996969e-05)
(-0.294037699 -0.01863024366 3.036056846e-05)
(-0.02459103728 -0.003014040741 4.792572362e-06)
(-0.2359299336 -0.01695976883 2.668167657e-05)
(-0.182302732 -0.01561762023 2.496228575e-05)
(-0.001774510701 -0.0005590549909 8.931624172e-07)
(-0.1126507046 -0.01491528435 2.390602387e-05)
(-0.05401117453 -0.02133157866 3.391498581e-05)
(-0.002115137841 -0.00582159139 9.28029401e-06)
(-0.06783063477 -0.03045444511 4.83583234e-05)
(-0.03636905899 -0.0311366429 4.960350823e-05)
(-0.002412831469 -0.0003552281522 5.642003435e-07)
(-0.03425333745 -0.04331715467 6.894352999e-05)
(-0.07936370895 -0.01649588903 2.621802342e-05)
(0.008437374324 -0.00349461722 5.573607519e-06)
(-0.06572487326 -0.02175984467 3.472224235e-05)
(0.08452801591 -0.03836302694 6.125649717e-05)
(0.01324748023 -0.003402826146 5.41022143e-06)
(0.09588814549 -0.03157093271 5.0320478e-05)
(0.1574522281 -0.03277785891 5.224353684e-05)
(0.1274416334 -0.03853451011 6.144687446e-05)
(0.244652202 -0.03228251347 5.054511409e-05)
(0.202172296 -0.006384610007 1.040391236e-05)
(0.1138429292 -0.07803700991 0.0001246049162)
(-0.1867514994 0.02491853045 -3.963715521e-05)
(0.1573085973 -0.1204351647 0.0001928484885)
(0.418788766 -0.1880030254 0.0002922697401)
(0.3614446928 -0.2340981217 0.0003958932936)
(0.3409665961 -0.1847758536 0.0002143469065)
(-4.588895868 -0.4693498129 -8.440008052)
(-4.76523745 -1.27021414 -8.213921741)
(-3.698114803 -0.4679572662 -8.47592519)
(-4.31685762 -1.277994656 -8.258761574)
(-3.808883468 -1.252154843 -8.184303073)
(-2.683391131 -0.4369278455 -8.116658794)
(-3.28168728 -1.24133951 -8.019954169)
(-2.748924575 -1.200860297 -7.798215029)
(-1.716392813 -0.3968118647 -7.543127102)
(-2.234168544 -1.162639853 -7.52420901)
(-1.746313903 -1.106738383 -7.210618773)
(-0.9109368941 -0.3510089647 -6.976876075)
(-1.314190311 -1.064310915 -6.910946721)
(-0.9248101726 -1.091735257 -7.002203076)
(-0.3010070893 -0.3297748655 -6.582900981)
(-0.4140694192 -1.305983041 -8.288515693)
(-0.008315664441 -1.014231295 -6.43803501)
(0.9857208626 -0.1418742418 -2.788907257)
(0.5870588424 -0.5964990235 -3.835751181)
(1.003685373 -0.422233879 -2.720187489)
(1.453613794 -0.1025443993 -2.610928623)
(1.273163733 -0.4012513921 -2.543111854)
(1.497001874 -0.3848086232 -2.52303155)
(1.731432481 0.2009502115 -2.656882368)
(1.671022248 -0.2373475575 -2.554292192)
(1.796492768 -0.07293221675 -2.608381051)
(1.99730285 0.3236947076 -2.78175624)
(2.020178219 0.5116891798 -2.872692506)
(2.028023796 0.7993846031 -3.048245354)
(1.961751926 1.260461451 -3.440921976)
(1.243861582 2.083089539 -4.312367381)
(1.593149859 1.797383329 -4.509785475)
(-4.937016522 -2.011036116 -7.889120584)
(-3.917819016 -1.971488817 -7.803549289)
(-2.81513783 -1.852341293 -7.404083689)
(-1.796695091 -1.72502319 -6.818797131)
(-1.013298298 -1.886061868 -7.465019373)
(0.70430723 -1.707032306 -6.837812428)
(1.040909943 -0.6792566837 -2.682065058)
(1.549630028 -0.6067108198 -2.421210857)
(-5.095275386 -2.859451301 -7.447448939)
(-4.58083446 -2.857140546 -7.427071571)
(-1.965923872 -2.504987859 -6.473274644)
(-1.662616004 -2.67164034 -6.884072421)
(-1.189235589 -3.110685685 -8.003218338)
(-0.2123961157 -3.840827171 -9.885665584)
(1.610512736 -0.8777275144 -2.295757713)
(1.935510205 -0.3253326429 -2.537230445)
(1.814941437 -0.7507162341 -2.354731453)
(2.005972564 -0.5804605606 -2.433920218)
(2.111060183 0.06394574783 -2.74289604)
(2.136539208 -0.3913711584 -2.545965884)
(2.239338369 0.507066075 -3.04820985)
(2.395695159 0.04841991337 -2.86225003)
(2.537164033 0.5236799067 -3.324198842)
(-5.383889774 -3.530783078 -6.712514919)
(-4.194706977 -3.416975803 -6.505568877)
(-3.06541989 -3.175427508 -6.063757462)
(-3.786743418 -3.809423296 -5.554117839)
(-3.519437172 -3.751406869 -5.480065903)
(-2.549224218 -3.365962507 -6.462609708)
(-3.387238881 -3.961921485 -5.773767723)
(-1.506907341 -4.452267835 -8.544160437)
(2.622791493 -4.179780708 -7.948319898)
(-0.07814073164 -6.636237271 -9.6964287)
(3.31578755 -5.127611724 -7.493163244)
(3.117683569 -2.981100886 -5.691613981)
(4.085954485 -4.700049786 -6.872824264)
(4.067602616 -4.198853724 -6.146686163)
(1.753770557 -1.097054667 -2.117621464)
(2.128409507 -0.7617293052 -2.309872231)
(2.478392203 -0.4165417726 -2.60123632)
(2.450196139 -0.8168215825 -2.320084544)
(2.77827904 0.07476752162 -3.086288447)
(2.940452791 -0.3449474631 -2.788070645)
(3.310930411 -0.07259532735 -3.209972304)
(4.874022873 -3.493318075 -8.281782898)
(-5.809105094 -4.54550197 -4.958842336)
(-5.6959092 -5.239333118 -4.240836904)
(-3.869704295 -5.532496353 -6.049257108)
(-5.224517446 -5.753730618 -4.644256653)
(-0.002771875841 -8.458963844 -6.837290709)
(5.716255804 -5.751122387 -4.652922679)
(5.039681478 -5.341773946 -5.805882248)
(5.986086739 -5.820050443 -4.699333006)
(5.847577338 -5.928897791 -4.795820825)
(3.528010978 -3.475836088 -3.821822019)
(5.407886481 -5.828308749 -4.707269477)
(2.597582928 -1.167314016 -1.989128517)
(4.141423353 -0.9829887041 -2.20207526)
(6.294213611 -4.230026297 -5.7749972)
(-8.079637739 -4.47789224 -2.217970511)
(-7.108330821 -5.219987001 -2.57345387)
(7.584401599 -4.644439843 -2.284947555)
(2.554961616 -7.277217529 -4.130257204)
(5.43985981 -6.021805509 -3.866946736)
(-2.267200817 0.0009750789595 -1.468122866e-06)
(-3.653275696 -0.01604750575 -8.891587465)
(-1.882148774 0.001506214275 -2.565109388e-06)
(-2.825976902 -0.01538265055 -8.751078864)
(-1.456569335 0.001972669151 -1.836152434e-06)
(-1.976440486 -0.01433179964 -8.356807478)
(-1.014968936 0.002633246095 -5.738464579e-06)
(-1.217915862 -0.01314854467 -7.852363822)
(-0.5961478404 0.002492455682 -4.556079934e-06)
(-0.6242949485 -0.01212603175 -7.40727295)
(0.4273238649 -0.02076016373 3.226806702e-05)
(0.5596483401 -0.006013220165 -3.960027691)
(0.8522301133 -0.02212000643 3.568016462e-05)
(1.102441041 -0.004139316478 -2.961782662)
(1.138810726 -0.006971510337 2.02624564e-05)
(1.442357816 0.1332703648 -2.883539271)
(1.692827178 0.6280966235 -2.842785783)
(1.353254301 0.07211819882 4.124929303e-05)
(1.62483111 0.4336657843 -2.852400969)
(-0.3801139505 0.05349060258 -8.447781014e-05)
(-0.2515998469 0.04293949947 -6.788913602e-05)
(0.1392556132 0.04946104869 -7.864222574e-05)
(0.5187170825 0.0483550884 -7.611082612e-05)
(0.4214145637 0.04309456873 -6.824954751e-05)
(0.3867667695 0.04168807966 -6.640324036e-05)
(0.3938308488 0.04253437748 -6.790997255e-05)
(0.5675203342 0.0397808719 -6.450670927e-05)
(0.7762319752 0.03203539965 -5.01637655e-05)
(1.491443988 0.07337447132 0.0001254181818)
(1.721932984 0.2219819446 -0.0005209698174)
(1.44904436 1.41398379 -0.8796285834)
(1.911239232 0.3660897255 -0.000582572071)
(1.453262646 1.168821938 -0.8707727933)
(-0.05922482423 0.1021528062 -0.0001626865844)
(-0.0006951113626 0.05272634388 -8.393881124e-05)
(-9.167289503e-05 1.377813193e-05 -2.214452007e-08)
(5.864763475e-06 -1.295762303e-06 2.057888708e-09)
(0.001342842766 0.0001295149053 -2.079601406e-07)
(0.009053753347 0.0009520004734 -1.526262958e-06)
(0.006891285246 0.0006569733938 -1.04733272e-06)
(0.007398441348 0.0006149261832 -9.918855683e-07)
(0.01379588384 0.0009258860171 -1.486541454e-06)
(0.1152927743 0.003314350451 -5.353310002e-06)
(0.6012116499 0.0382249268 -6.117368663e-05)
(2.504128284 0.3031984967 -0.0004890415558)
(2.267627086 0.4215137186 -0.0006715482443)
(1.308790674 1.664576839 -1.026117872)
(1.149492747 1.822573698 -1.108835571)
(2.339954088 0.4995272027 -0.0007908852187)
(0.05415024794 0.2055135411 -0.0003275559602)
(0.1455332541 0.1917193544 -0.0003050667896)
(0.1301409409 0.1225341875 -0.000195129373)
(1.007000343e-05 8.696514835e-06 -1.386026361e-08)
(-1.100612224e-12 -1.798540181e-11 2.86726978e-14)
(2.555974423e-12 -2.070302783e-11 3.299630829e-14)
(8.374759074e-12 -2.620561428e-11 4.169150187e-14)
(1.530716392e-11 -3.263884219e-11 5.19701943e-14)
(1.760155884e-11 -3.904499085e-11 6.220656369e-14)
(5.364668499e-11 -4.876074284e-11 7.76862418e-14)
(3.162092462e-07 -2.216644594e-07 3.533522155e-10)
(0.5947119173 0.1406165048 -0.0002248423157)
(1.878914105 0.5142250861 -0.0008164893325)
(1.883927319 1.376995205 -0.002190549083)
(0.1382371054 0.3247844647 -0.0005176831112)
(0.2227828319 0.2571991511 -0.0004093049881)
(0.1939573056 0.1756608347 -0.0002791927871)
(0.009048084048 0.007865813157 -1.255349494e-05)
(-9.586884439e-13 -1.342976927e-11 2.14219307e-14)
(1.387111969e-12 -1.414288329e-11 2.25375861e-14)
(5.012253391e-12 -1.577471533e-11 2.512024602e-14)
(9.908306318e-12 -1.832386236e-11 2.917853858e-14)
(1.753760946e-11 -2.236817259e-11 3.562685512e-14)
(3.099670164e-11 -2.977339857e-11 4.746063287e-14)
(5.683201042e-11 -4.265185078e-11 6.786765592e-14)
(4.127408908e-07 -1.561601154e-07 2.493826003e-10)
(0.9698412764 0.3439862072 -0.000547839827)
(1.888667319 1.655652209 -0.002631561642)
(0.1566078535 0.3533312705 -0.0005624049095)
(0.195825122 0.2200301505 -0.0003510010336)
(0.1143816599 0.1059292977 -0.0001686077871)
(-2.62996169e-10 -1.175532816e-10 1.87073814e-13)
(-1.374201433e-12 -5.481435883e-12 8.73466597e-15)
(7.743650282e-13 -5.823132812e-12 9.261213136e-15)
(3.103628663e-12 -6.835569167e-12 1.087825341e-14)
(6.609817816e-12 -8.681461965e-12 1.383563637e-14)
(1.276421455e-11 -1.170142768e-11 1.865109681e-14)
(2.450602958e-11 -1.638524159e-11 2.605251162e-14)
(4.848853662e-11 -2.284865529e-11 3.645847539e-14)
(9.410130511e-11 -3.784045721e-11 6.005149168e-14)
(0.5199670703 -0.2188458212 0.0003477807884)
(1.415127208 1.210284418 -0.001923794924)
(0.06970292035 0.1901462929 -0.0003025158875)
(0.003526633368 0.003944167967 -6.282785145e-06)
(-2.145539945e-11 -3.457341317e-11 5.508098008e-14)
(-3.40036539e-12 -4.045148805e-13 6.465632149e-16)
(-1.04363821e-12 -1.279095316e-13 2.038713906e-16)
(4.226559382e-13 -3.013915498e-13 4.798190744e-16)
(1.947988467e-12 -1.154148746e-12 1.837790342e-15)
(4.445160925e-12 -2.586296055e-12 4.121263023e-15)
(9.732881079e-12 -4.849670568e-12 7.72254483e-15)
(2.204530854e-11 -8.454831591e-12 1.346868412e-14)
(5.124961164e-11 -1.80733896e-11 2.887106198e-14)
(0.001103012359 -0.0003714695473 5.900405042e-07)
(0.4254474089 -0.2979277588 0.0004743864459)
(-0.1310457357 0.5542362474 -0.0008823477634)
(1.595084575e-06 3.926367624e-05 -6.248510721e-08)
(-1.754652072e-11 4.474108419e-12 -7.120530725e-15)
(-6.949762749e-12 2.209663919e-12 -3.532157423e-15)
(-2.780831147e-12 -9.634772122e-13 1.535824249e-15)
(-6.447026784e-13 1.87967121e-12 -2.992013352e-15)
(3.037320148e-13 2.300877001e-12 -3.669321263e-15)
(1.620594075e-12 4.775956986e-13 -7.605810117e-16)
(3.578310894e-12 -1.981717764e-12 3.15909564e-15)
(1.891845932e-10 1.791901984e-10 -2.852403673e-13)
(1.89626918e-08 1.090365012e-08 -1.740159769e-11)
(0.008341673649 -0.00189103355 2.992853438e-06)
(0.648118499 -0.2132542576 0.000339542373)
(-0.8383573104 1.22828594 -0.001957941101)
(-1.05782521 1.764952747 -0.002811224066)
(0.0407075203 0.4280630585 -0.000682697684)
(-0.1331835418 -0.009205686243 1.459053716e-05)
(-0.08643490221 -0.007479514214 1.17580863e-05)
(-0.04794023092 -0.00514930291 8.093790749e-06)
(-0.008263430975 -0.0007733217364 1.234333522e-06)
(-0.01950980521 -0.01454428634 2.31557724e-05)
(-0.0008488088271 -0.001077194715 1.716910095e-06)
(-0.002023722779 -0.0004271462113 6.795017379e-07)
(0.002440343757 -0.002130983274 3.390848893e-06)
(0.06300187708 -0.01143227105 1.817720418e-05)
(-0.003584657698 -0.04188894097 6.680899611e-05)
(0.3553453436 -0.211764066 0.0003395557809)
(0.3653657074 -0.1379927383 0.0002171405934)
(-0.9525644126 1.02898585 -0.00163851784)
(-0.6243213874 0.0007409963226 -7.766664287e-07)
(-0.4144819552 0.06171942023 -9.893933255e-05)
(-0.3932997595 0.072549262 -0.0001159190805)
(-0.3933284279 0.1280777482 -0.0002041959279)
(-0.3274388153 0.01206425575 -1.925390487e-05)
(-0.1051193625 -0.03058633608 4.875678555e-05)
(-0.1837199831 -0.06839228187 0.0001086427009)
(0.2550579323 -0.0692267148 0.0001103603341)
(0.394369131 -0.05155091438 8.183320838e-05)
(0.0590374793 -0.1040888774 0.0001662645735)
(0.3529574921 -0.2512641839 0.0005127601214)
(-1.05871085 0.5386200094 -0.6810456269)
(-0.3287380594 0.1366702906 -0.0002117123946)
(-4.896060493 -0.4557326337 -8.205641093)
(-4.175047274 -0.4754060656 -8.522851223)
(-3.194685291 -0.4552662987 -8.33061919)
(-2.186697578 -0.4160647418 -7.849096026)
(-1.290249687 -0.369620803 -7.214908134)
(-0.5286074023 -0.3678250034 -7.374254287)
(0.5931639739 -0.1883192073 -3.712956668)
(1.239797929 -0.1309907651 -2.634993857)
(1.613496683 0.04276751315 -2.623884465)
(1.803047493 0.3708993959 -2.702151011)
(1.863241477 0.6173857353 -2.777792532)
(1.9482541 0.1326722748 -2.690155257)
(1.802418043 1.271939263 -3.113915419)
(1.685639274 1.544097347 -3.339205719)
(1.360605632 1.971259903 -3.878548759)
(1.891286215 1.59983924 -4.076852578)
(-0.5679723167 0.6309204574 -4.708508931)
(-0.5643556731 0.5264585549 -5.055450794)
(-4.454963754 -2.01429915 -7.899084288)
(-3.367340969 -1.924334009 -7.629970765)
(-3.445627434 -2.752671334 -7.127237404)
(-2.283330398 -1.798086598 -7.119881961)
(-2.361208491 -2.567183321 -6.602268301)
(-1.407317383 -1.714384608 -6.742809842)
(-0.3000424667 -2.329435421 -9.328022896)
(0.9050670753 -1.152863518 -4.562469102)
(1.991719601 -2.339399768 -6.079174169)
(1.315485427 -0.6171433238 -2.44037622)
(1.374959723 -0.9044382383 -2.338416539)
(1.722627409 -0.4575787966 -2.470512907)
(0.661061535 0.5171427097 -3.093871779)
(0.545834967 0.6619382955 -3.163909587)
(0.3550598408 0.9939052606 -3.325517495)
(0.4547462979 1.087757018 -4.195656482)
(2.37664923 -0.6016530045 -2.453565271)
(3.596969313 0.1248350191 -3.854952532)
(2.999040128 0.3827944355 -3.549088689)
(2.192886548 -1.032637024 -4.424041308)
(2.664839843 -1.054687761 -4.088339685)
(1.256745447 0.4586266656 -2.607730754)
(-3.422317999 2.416647803 -4.617251204)
(-3.594153324 2.871725224 -4.173501886)
(-2.966372077 2.552811188 -4.870278565)
(-2.366217892 2.841313981 -5.37368612)
(-2.744591435 3.832348919 -5.576754364)
(-1.782180906 4.413304618 -8.377840491)
(-0.08246635997 6.127411362 -11.66631168)
(-0.06416677335 7.485955694 -10.97029293)
(0.9615981255 4.975555008 -9.458036597)
(2.36269274 3.764283134 -7.171047593)
(2.928684853 4.786455361 -6.998804678)
(0.731469588 1.275594866 -2.589405025)
(4.595545575 -0.5962802603 -3.228770378)
(3.45938276 -0.4939814414 -2.766813647)
(3.446062023 -1.181198515 -3.935157864)
(1.681717235 0.6309926513 -2.017714866)
(1.512443114 1.018899953 -1.947703322)
(1.698664671 0.7248837406 -1.666972259)
(-3.54415312 3.534335952 -3.851257329)
(-4.455764173 4.544254671 -3.690529469)
(-2.663472855 8.126271834 -6.582268826)
(-0.02239665729 9.941114482 -8.076622238)
(2.098073813 6.563612438 -7.114306948)
(4.3910899 6.172695905 -4.995815487)
(1.383838158 7.773695622 -8.98353685)
(1.791099796 8.953978043 -8.259220691)
(-9.577641807 -3.586210031 -1.269127356)
(-8.612716026 -4.089533324 -1.439593365)
(-6.928155909 -4.575437251 -1.60764651)
(-4.221273898 -6.344137373 -3.115774544)
(-4.610404895 -5.071280083 -1.775733025)
(0.00220993988 -7.745075776 -3.815873045)
(-0.01906231649 -6.119981903 -2.148554906)
(-15.02477095 -8.338669539 -2.918362088)
(-9.683636148 -8.961024435 -3.175275428)
(-4.095000423 -9.780087174 -3.035612352)
(-11.11474329 -1.874355758 -0.2871916032)
(-9.675915108 -2.117908068 -0.3300354913)
(-7.643911693 -2.372825573 -0.3474618354)
(-5.055999952 -2.630054747 -0.4013078487)
(-0.04599283674 -3.233119654 -0.4854141021)
(-20.8809196 -4.049183963 -0.5991059912)
(-13.70678591 -4.657888923 -0.7040843962)
(-5.653504924 -5.768633865 -0.325386529)
(4.915144095 -4.904072961 -2.19043192)
(-10.7303289 1.854784208 -0.09498561111)
(-9.392678057 2.208671783 -0.1191237625)
(-7.37691271 2.582071598 -0.1300800862)
(-4.79629536 3.003682497 -0.1595212919)
(0.001124888586 4.008007724 -0.2035872668)
(8.261310975 1.506491395 -0.08320990726)
(-25.18387917 0.2303716528 -0.03007072561)
(5.08990697 0.2967957854 -0.5104515032)
(4.16927418 7.09291603 -1.542753011)
(-8.646624237 3.850418693 -0.9679549219)
(-7.928394877 4.745536344 -1.192031482)
(-6.287897968 5.540183804 -1.399086463)
(-3.998101055 6.380356748 -1.599723513)
(0.01359689781 7.973745126 -1.994416347)
(5.699571008 4.788713733 -1.195199147)
(6.581184328 4.440667258 -1.12055678)
(6.75045126 4.343531046 -1.7566752)
(5.074503668 6.619276192 -3.077672996)
(-2.429680109 0.0009015500941 -9.139243514e-07)
(-4.009883465 -0.01610950048 -8.81154036)
(-0.4767150976 -0.06010432742 9.57435366e-05)
(-4.426022061 -0.01596902221 -8.586403086)
(-2.080577144 0.001243452426 -1.148083604e-06)
(-3.250848725 -0.01580250797 -8.863581922)
(-0.28437174 -0.1032892152 0.0001645229045)
(-0.07365352882 0.05065290425 -8.048929205e-05)
(-4.044029378 -0.01594800651 -8.705183403)
(-3.596756378 -0.01568489121 -8.689788183)
(-1.673508044 0.001666094821 -9.804387749e-07)
(-2.395830759 -0.01488348516 -8.57615167)
(-0.5726075566 0.06225569316 -9.883151509e-05)
(-0.5969573903 0.06459283308 -0.0001042892565)
(-3.117116852 -0.01522871617 -8.567562458)
(-2.626390514 -0.01466388692 -8.366890792)
(-1.235394631 0.002353193373 -4.061237286e-06)
(-1.579950591 -0.01374429076 -8.110231906)
(-0.5384591869 0.06577434805 -0.0001044118043)
(-0.4512731688 0.06681083799 -0.0001057702869)
(-2.146580786 -0.01400263684 -8.10778991)
(-1.692336618 -0.0133075422 -7.810093627)
(-0.8004639179 0.002768969149 -5.11985453e-06)
(-0.8973021621 -0.01258616485 -7.603628431)
(-0.3093986022 0.06754347422 -0.0001079318783)
(-0.08678150127 0.06685944716 -0.0001066353601)
(-1.27987234 -0.01258754153 -7.491430216)
(-0.9160073184 -0.01191711241 -7.19019482)
(-0.4033105559 0.001923577383 -2.621793934e-06)
(-0.3990197367 -0.01188271856 -7.337072108)
(0.2057306301 0.06162385291 -9.819778969e-05)
(0.6785201546 0.0315494019 -5.115002817e-05)
(-0.5976014488 -0.01159353617 -7.086864676)
(-0.3691015568 -0.01116800108 -6.887393168)
(0.6679728298 -0.02158501623 3.414375735e-05)
(0.8827389334 -0.004595853008 -3.174421792)
(0.8864261514 -0.04664627409 7.393911824e-05)
(0.8909713429 -0.1073683341 0.0001714753311)
(0.6112691362 -0.005529687178 -3.66853466)
(0.9782118061 -0.004053065425 -2.859599592)
(1.003763343 -0.02012118078 3.54630511e-05)
(1.288484377 0.01180103601 -2.898740564)
(0.8643543247 -0.1492410345 0.0002370822812)
(0.8398309403 -0.1684281328 0.0002707968521)
(1.220094291 -0.003715848699 -2.725859588)
(1.426303656 0.01444862187 -2.698580367)
(1.265860018 0.01640898833 0.0001421151773)
(1.556959001 0.2889341629 -2.891339409)
(0.8272335274 -0.1681990105 0.0002788746845)
(0.8768689166 -0.1378120115 0.0002906387213)
(1.584456908 0.1487096025 -2.699046544)
(1.697034637 0.3072376 -2.717863074)
(1.390342789 0.05673765938 0.0001023776578)
(1.511854273 0.11500588 -0.0004083298861)
(1.76508337 0.4735363588 -2.748060206)
(1.609994604 0.2106282319 -0.0004368888742)
(1.81762772 0.3072267178 -0.0004903894903)
(1.867016958 0.2291951482 -0.0003763437177)
(1.964191613 0.2901534877 -0.0004642854231)
(2.026547985 0.3907886817 -0.0006212054732)
(2.140455457 0.434505945 -0.000694151945)
(1.725976608 1.379128917 -3.126358861)
(1.839008109 1.300438952 -0.002067137565)
(1.272398334 2.031627808 -3.800384482)
(1.062706014 2.208783099 -4.175469981)
(1.884063569 1.466509099 -0.002340257655)
(1.89212108 1.489568632 -0.002376674933)
(0.6133917136 2.358513571 -1.683293903)
(1.612262202 1.86409599 -0.002965713207)
(0.8065783884 2.3224975 -4.45125817)
(0.5549632224 2.179651864 -5.111585377)
(0.8076267022 2.487436682 -0.003960261948)
(-0.4244632978 2.373347535 -0.00378466236)
(-0.6804322425 1.9371827 -0.7184040539)
(-0.8426864665 1.762477093 -0.5541082053)
(0.8530730788 2.526765797 -0.004028285983)
(-0.02514010968 0.07952291922 -4.281212794)
(-0.06871268374 0.1826605547 -4.312365867)
(-0.1188570256 0.2266052884 -4.201143376)
(-1.011101089 1.607468634 -0.5488247973)
(-1.066379549 1.374566665 -0.002187271903)
(-0.2829570922 0.438921552 -3.768247313)
(-0.6677017867 0.6985059163 -0.00111192625)
(-0.9246545511 0.5854029703 -0.0008138316885)
(-1.067461932 0.7024433125 -0.5909107934)
(-0.9650011333 0.6208591251 -0.0009872274314)
(-1.071305624 1.064824958 -0.505799596)
(-1.033470207 1.063272957 -0.001695073312)
(-1.118768588 0.8170693159 -0.001301715724)
(-0.5891985604 0.756830564 -0.6466972706)
(-0.6901357916 0.6798608317 0.2009337297)
(-0.6733826961 0.5392380945 -0.2076797351)
(-0.7285928795 -0.00391926268 6.881672343e-06)
(-1.049950252 -0.03777983883 6.129121889e-05)
(-1.734537078 -0.0071137447 -5.021117669)
(-2.098462898 -0.006394572841 -4.690138703)
(-0.5047885324 0.03162513755 -5.050307935e-05)
(-0.9929179848 -0.04254391266 6.43707319e-05)
(-0.9040332705 -0.0469910509 7.604521592e-05)
(-1.836009402 -0.007564940384 -5.348804077)
(-2.187393918 -0.006621713156 -4.874089166)
(-2.26406236 -0.007017909723 -5.141623266)
(-0.4184710867 0.06194406021 -9.75467224e-05)
(-0.8239520905 -0.05250270801 8.276512085e-05)
(-0.7519369008 -0.05857413879 9.524811769e-05)
(-1.874576351 -0.008367069295 -5.858250472)
(-2.308653906 -0.007520960028 -5.443323025)
(-2.306166993 -0.007930262283 -5.713681858)
(-0.3683178105 0.09292668012 -0.0001472437397)
(-0.7014492039 -0.0626877189 9.924733107e-05)
(-0.6961528503 -0.0565448228 9.143698569e-05)
(-1.778548215 -0.008879054136 -6.156400673)
(-2.263718631 -0.008244756263 -5.915079043)
(-2.205686404 -0.008547219742 -6.079686816)
(-0.432460454 0.129604784 -0.000207720683)
(-0.7530942955 -0.03831640508 6.134040168e-05)
(-0.8091571642 -0.01491314135 2.298734777e-05)
(-1.725088972 -0.009779900442 -6.713548382)
(-2.136864525 -0.008890221449 -6.2744012)
(-2.019952306 -0.009339206081 -6.518136968)
(-0.3049145857 -0.05377724139 8.601166165e-05)
(-0.8092253206 0.00147263598 -4.576124675e-06)
(-0.7399988611 0.004619931522 -6.797761084e-06)
(-1.395161799 -0.01082982051 -7.257652481)
(-1.822490299 -0.009835715662 -6.749709027)
(-1.545606808 -0.01023582967 -6.905426779)
(-0.2872138677 -0.06797124858 0.0001085172929)
(-0.6216652268 0.003449875915 -5.353982701e-06)
(-0.4711930952 0.001617174281 -1.971830754e-06)
(-0.7924349299 -0.01125020993 -7.320341126)
(-1.206091305 -0.01044718728 -6.940642261)
(-0.8340695743 -0.01059100087 -6.919164698)
(0.1192346835 -0.0954795124 0.0001517016296)
(-0.2862157072 -0.0001705709816 -1.255037835e-07)
(0.07391691413 -0.004343046259 6.869760656e-06)
(-0.1780528068 -0.01121930652 -7.086871843)
(-0.4258847685 -0.01220376206 -7.800847579)
(-0.1920503185 -0.01026735632 -6.519660903)
(0.3511298716 -0.05551560011 8.887984273e-05)
(0.3007536869 -0.0004678153919 1.569357223e-07)
(0.5139158472 0.005276886133 -8.157309447e-06)
(0.9244288337 -0.01853170637 -11.35633754)
(0.2920279078 -0.01873638404 -11.67889368)
(1.132495548 -0.0186193722 -11.32628703)
(0.2354679394 -0.08687689776 0.0001381463882)
(0.7678232698 0.01052668261 -1.353340923e-05)
(0.7193583682 -0.0126728817 1.8097505e-05)
(1.440623399 -0.02867896836 -6.214856642)
(1.87589236 -0.01500968413 -8.830804518)
(1.573367274 -0.03056555681 -5.923302743)
(0.2293823562 -0.1675173566 0.0002777437985)
(0.523608617 -0.04152337264 6.608762933e-05)
(0.3739572349 -0.07916647976 0.0001563990228)
(0.5983031064 -0.1246325673 -3.223290659)
(0.9607903521 -0.0990930678 -4.161312169)
(0.5853989973 -0.112924949 -3.389831667)
(-0.9132294204 0.3568517923 -0.9204742051)
(0.2438589855 -0.1570458367 0.000245612114)
(0.3071168024 -0.07910226308 9.813127177e-05)
(0.0662370636 -0.03859039939 -3.963628471)
(0.420536065 -0.1229782759 -3.150199759)
(-0.5466005947 0.3471900543 -2.880526183)
(-0.3834390664 0.1854894536 -4.531791142)
(1.877945075 1.056486191 -3.023481313)
(2.071893913 1.044756237 -3.314135215)
(1.542208004 1.795997439 -3.605749521)
(1.87537463 1.445542838 -3.659228837)
(2.307642884 1.065080364 -3.709818397)
(0.6305471044 1.415569972 -6.059584817)
(1.387044184 1.663557731 -5.250190227)
(2.033117044 0.6608043225 -6.162864298)
(1.205730682 0.2103413214 -7.032983595)
(0.1940558292 -0.9218279541 -5.149142525)
(0.8058293032 -0.7975865334 -5.77420645)
(0.6958904266 -1.00445321 -4.6349509)
(0.3197281313 -0.8927979858 -4.038418899)
(0.7085760303 -1.03456676 -4.07191298)
(0.7235663442 -0.8279873767 -3.729733391)
(0.1067934674 0.1320623788 -3.574560824)
(0.08404417228 0.2216349027 -3.618248157)
(0.5034081354 0.1378878055 -3.291795072)
(0.4334597262 0.2259368881 -3.277578833)
(0.3130621095 0.5692391691 -3.414601862)
(-0.07210715213 0.3734886323 -3.764774002)
(0.3708393728 0.3213817664 -3.328549149)
(-0.351938298 0.5135151758 -4.145575399)
(-0.1141461005 0.9791860843 -3.932099227)
(-0.001294201323 0.7941761541 -3.661480117)
(0.09107033291 0.7541705609 -3.602778511)
(-2.381235107 0.2515835602 -4.546806617)
(-2.547073262 0.276918477 -5.048919269)
(-2.552481139 0.3082593366 -5.606772422)
(-2.799595088 0.8551320821 -5.447317629)
(-2.401501982 0.3222832669 -5.976689434)
(-2.70986112 0.8852377774 -5.644619216)
(-2.593424892 0.916039297 -5.81192395)
(-2.137642198 0.346768508 -6.379535778)
(-2.449491548 0.9448970091 -5.987825939)
(-2.25679036 0.9775454255 -6.178752339)
(-1.596744052 0.3699721434 -6.686960808)
(-1.989445244 0.9879492937 -6.336392659)
(-1.648363504 0.9964203905 -6.40762532)
(-0.8246802308 0.3786912142 -7.024998386)
(-1.253256339 1.015955865 -6.531012454)
(-0.8242276388 1.215299409 -7.829419527)
(-0.1975853354 0.325979354 -6.210433687)
(-0.2326700238 1.665546112 -10.7356789)
(-0.1944705141 0.9092034964 -5.864353076)
(1.191625874 0.560724316 -11.38982364)
(0.2895982816 1.814714363 -11.66772198)
(1.261598447 1.77983778 -11.38617415)
(1.600500379 0.245649794 -5.801664062)
(2.020791924 1.334561037 -8.524293344)
(1.584440065 0.8526912774 -5.539847064)
(0.5577554261 0.04056537479 -3.235451632)
(0.8823293997 0.4954048789 -3.719041911)
(0.5749357119 0.3710498891 -3.189534402)
(-0.2103500613 0.2562757096 -4.689019214)
(0.4332144955 0.4212576062 -3.35534588)
(-0.2732709724 1.097585161 -5.536161914)
(-0.3326393559 0.9882352684 -4.43503939)
(-0.4079418331 1.055342321 -5.058681788)
(-4.019317628 -2.813844646 -7.311053512)
(-2.880195854 -2.670111131 -6.883595299)
(1.544727836 -2.888023023 -7.467253465)
(1.527703803 -1.347865059 -3.493654251)
(2.240179357 0.3115033249 -2.923474081)
(2.347650786 -0.1586247832 -2.714484387)
(2.553671245 0.3295614091 -3.154841127)
(2.587352298 0.8104424292 -3.746365134)
(2.595460028 0.9733359131 -4.13622777)
(3.123982728 0.5968737609 -4.121045329)
(2.711652758 0.8709340328 -4.943840784)
(2.060370767 1.436280095 -4.587826199)
(1.647772687 -0.774136749 -7.228745622)
(2.706345303 -0.03532136536 -6.562265821)
(2.500154406 -1.429116595 -7.130258017)
(1.699830503 -0.9701154071 -4.653306005)
(1.107788844 -1.002091211 -4.271889638)
(1.416536043 -0.9679632532 -3.993112298)
(1.849309635 -0.9433311667 -3.68459456)
(1.056498242 -0.7726418994 -3.495347377)
(1.419855808 -0.6719621736 -3.256698681)
(1.335573835 -0.8617225058 -3.544419643)
(1.749665497 -0.8307204345 -3.343180539)
(0.7513189466 0.3455150825 -3.056993868)
(1.067816203 0.3330177657 -2.86203625)
(0.9759974017 0.5025373824 -2.820870261)
(0.9261169658 0.6725327098 -2.864307274)
(0.7756379918 0.9041281737 -2.968811355)
(0.9689564511 1.089495545 -2.742358444)
(0.3562536243 1.490326527 -3.509660843)
(0.1620173157 1.100474719 -3.57694783)
(0.02454627282 1.229859867 -3.86802781)
(0.6027549466 1.067495244 -3.070620139)
(0.5017095665 1.226416465 -3.199278809)
(-3.213048807 1.891508142 -4.941721717)
(-3.021620973 1.324944895 -5.229770715)
(-2.766150106 1.410757307 -5.581978453)
(-3.081326475 1.954070353 -5.121928001)
(-2.918838127 2.016262952 -5.272524831)
(-2.720301348 2.067906307 -5.421317358)
(-2.467507387 2.114510427 -5.557625518)
(-2.3669867 1.497099052 -5.910561567)
(-2.144752159 2.154735871 -5.663978397)
(-1.80509394 2.317345297 -6.064881119)
(-1.699845686 1.549512057 -6.12233173)
(-0.8757198601 2.270011593 -8.964437545)
(-1.477966585 2.883807439 -7.541371431)
(-0.9655104857 3.703437687 -9.667653998)
(-0.1247770845 4.530272821 -11.79177877)
(0.1105601636 2.332777319 -6.065508147)
(-0.1317627642 1.427448859 -5.656286945)
(1.423241236 4.212036289 -10.92795199)
(1.337301024 2.830260004 -11.25857706)
(0.4253322474 4.193523489 -10.89915777)
(2.126254985 2.984674216 -7.731385324)
(1.512104819 1.284300288 -5.129568722)
(1.42077456 1.782186315 -4.637846747)
(0.6189479509 0.763569629 -3.183364383)
(0.7640712722 1.131270951 -3.09828167)
(0.8778247116 1.340306584 -3.700491931)
(-0.1694732155 1.71045798 -5.603916436)
(0.656999451 1.757645786 -4.763502586)
(0.04227966446 2.205334867 -5.534214102)
(0.1752211383 1.720022347 -4.231866787)
(-5.53322329 -4.14773255 -6.046064846)
(-4.919531189 -4.085831383 -5.953769634)
(-4.2994249 -3.96175808 -5.778804221)
(-3.118486457 -4.398559337 -6.416461679)
(-2.588890155 -4.966728412 -7.254633023)
(-1.72807617 -5.624780525 -8.242564997)
(3.399146901 -3.247141426 -4.752493216)
(2.133064385 -1.647603959 -2.432135963)
(2.075776093 -1.163825117 -2.044305543)
(2.280939773 -1.008408069 -2.165126312)
(-4.747157242 -4.213234523 -4.599598887)
(-4.604160757 -4.511463396 -4.926177403)
(-2.060109428 -6.805329442 -7.398504458)
(4.434824776 -5.812906322 -6.326962142)
(2.851400502 -0.5875949583 -2.547156578)
(3.300192752 -0.7054428 -2.495112209)
(3.97961096 -0.3592482857 -3.502254119)
(3.708640818 0.1666842366 -4.591266674)
(3.08083937 0.6713122927 -4.559553745)
(3.301482351 -1.789424464 -7.167338157)
(3.953130408 -1.91380224 -6.45781418)
(2.629618145 -0.7497466737 -2.858734252)
(2.253885785 -0.8594025558 -3.299123488)
(2.113948693 -0.6955449338 -2.963183042)
(2.414780933 -0.5159782102 -2.5381862)
(1.8994443 -0.3679018403 -2.624902827)
(2.06293226 -0.05409074528 -2.188595398)
(1.622250583 -0.4408559192 -2.892598746)
(1.235052586 0.6162523135 -2.567546478)
(1.409515451 0.80607947 -2.2687505)
(1.495535032 0.534685246 -2.364816627)
(1.235960681 1.593023985 -2.273839546)
(1.29338749 1.00618295 -2.418570282)
(1.122416768 1.346073925 -2.500028933)
(-3.965567167 3.182476955 -3.462800509)
(-3.369681447 2.958140128 -4.2817341)
(-3.70904596 3.271301536 -3.558246071)
(-3.105122133 3.021466623 -4.391300262)
(-2.86937912 3.212696952 -4.664955229)
(-3.429073276 5.286715168 -5.764017847)
(-3.020881602 6.245894691 -6.806412848)
(-2.012655559 5.70395091 -8.320672485)
(-2.335426824 7.1374513 -7.756752284)
(-0.04031302637 8.97246924 -9.71394252)
(0.9040118597 5.357608538 -7.854499163)
(1.285415195 7.018507255 -7.590959698)
(1.467466959 5.691828687 -8.342119013)
(2.084067803 6.185771882 -9.043907308)
(4.003040182 5.983520189 -6.481166438)
(3.720472928 3.794929029 -4.146145079)
(1.319698342 1.620976354 -2.59907407)
(4.499331209 2.311675766 -3.148769212)
(0.5477289002 1.956047881 -3.589535607)
(0.3202983941 2.961702734 -5.528815693)
(0.5629457417 6.132582285 -8.139264539)
(0.7608492813 5.668960062 -8.30580126)
(0.6801853972 1.524690864 -3.05315694)
(0.9410971303 1.678387602 -2.735753771)
(0.8352326403 1.870235398 -2.971217963)
(-3.587458596 2.350314043 -4.45163681)
(-3.774039723 2.778361678 -4.033460437)
(-3.218160071 2.492696987 -4.748399048)
(-2.660287202 2.622742953 -4.982527782)
(-2.152984997 3.507079302 -6.642849491)
(-2.517455919 4.761200134 -6.942210062)
(-1.109545402 5.298814068 -10.04766161)
(-1.21437909 6.578209378 -9.624498122)
(0.5951334523 3.909855607 -7.4292123)
(1.690577987 5.393068678 -10.27087239)
(1.298910628 2.014492886 -3.865076396)
(1.701338073 2.565478032 -3.775240397)
(1.197703456 2.04255897 -4.421819862)
(1.933606979 3.121939572 -5.129196338)
(-6.125500149 -4.527865287 -3.641818363)
(-5.862581894 -4.352291995 -3.507759204)
(-5.918108163 -4.446558962 -3.582709283)
(-5.920190584 -4.785199789 -3.858320728)
(-4.516211728 -6.269764943 -5.079932106)
(-3.584088647 -6.822239352 -5.492577465)
(-2.379470631 -7.397830521 -5.971846999)
(4.445426679 -5.052939751 -4.127587247)
(3.169712946 -2.625552887 -2.514192443)
(3.104271059 -1.338284099 -1.778131503)
(3.319943718 -1.035835895 -2.090142715)
(-7.104521619 -4.045303331 -2.563139453)
(-8.171938888 -3.881499119 -1.899544804)
(-7.298219747 -4.533140731 -2.892495372)
(-8.234375625 -4.145292631 -2.030901515)
(-6.637418167 -5.356413025 -3.397675037)
(-7.699437733 -4.852382799 -2.383484477)
(-5.085018604 -6.171843723 -3.929958683)
(-6.324122845 -5.586008859 -2.758445997)
(-5.360936108 -5.953078051 -2.944209944)
(-2.691575035 -7.050824923 -4.491514102)
(-2.843978836 -6.784840618 -3.328582562)
(6.970253846 -5.018167193 -3.200437396)
(6.598193372 -5.818488776 -3.730163529)
(7.260923971 -5.269386365 -2.571117588)
(6.923937154 -5.83391112 -2.842149986)
(4.824029963 -5.976645963 -3.856911733)
(6.391813446 -6.250727315 -3.0414275)
(4.695064393 -6.270512579 -3.111479191)
(2.455327854 -5.839400954 -4.193100099)
(1.718736976 -6.254854534 -3.236271886)
(4.53590403 -0.7326713673 -2.565795654)
(2.93667779 -7.732294924 -4.968002256)
(5.172719798 -2.654505892 -4.529672827)
(3.520863808 -7.712241031 -5.451886052)
(4.81465974 -4.128218864 -5.912937061)
(4.364565463 -0.6524843794 -4.504266401)
(4.41722633 -7.371101346 -4.931221841)
(5.765876175 -5.103579646 -6.25539286)
(6.137335278 -4.910012635 -4.696060614)
(5.242752138 -2.574970128 -6.501015968)
(6.164936188 -3.555351407 -6.355473183)
(5.318956956 -1.8688101 -4.658626078)
(7.146336617 -2.946308849 -5.02749651)
(8.159239061 0.128964902 -5.21821345)
(2.973734423 -0.6693975998 -2.445448447)
(2.609311967 -0.3243556685 -2.089659335)
(7.111818397 3.535635244 -4.752933397)
(6.109737939 4.004226132 -4.544284581)
(2.072033349 0.350644084 -1.747824029)
(3.060278978 9.89112103 -5.366057808)
(1.727373948 0.8625613403 -1.486542605)
(1.61990104 1.203669482 -1.656292303)
(1.519231981 2.364723572 -2.225449509)
(3.880860149 8.863345713 -5.624458378)
(-5.138124646 3.074376344 -1.952901789)
(-4.386317339 3.326801271 -2.691220064)
(-5.156974131 3.520265538 -2.242827757)
(-4.310234915 3.68595221 -2.985946236)
(-5.440754165 4.415185723 -2.805028597)
(-5.535110171 5.360285515 -3.405725194)
(-5.303759297 6.208511261 -3.935869831)
(-4.29266 7.67956694 -3.736685672)
(-4.108231343 6.485577187 -5.272764776)
(-4.775503902 6.956477778 -4.413401237)
(-4.003703028 7.641193707 -4.840759825)
(-3.024983873 8.289088413 -5.273841017)
(-1.58471031 8.906141359 -7.237246402)
(-1.827858631 8.994977777 -5.735051522)
(2.568833701 8.105951476 -3.934224207)
(-0.007037673633 10.05347785 -6.41022813)
(2.188079418 8.171598396 -5.212676296)
(4.725699659 6.242294483 -3.035612175)
(2.686984543 7.208777102 -5.83831917)
(3.35809864 7.166749576 -4.564977607)
(3.479693499 6.697706486 -5.426494472)
(4.201047305 6.45383354 -4.100026226)
(4.864758212 5.929031045 -3.773883337)
(5.689769615 5.304348021 -3.42800904)
(7.144471386 3.256147327 -3.503332679)
(6.8855506 4.056849475 -3.346263749)
(5.922241295 5.146287481 -4.487958693)
(2.287499594 9.256639731 -7.222294033)
(1.345796505 3.805820162 -3.249393046)
(0.9960057052 5.507040245 -5.763191351)
(2.490000949 10.15220917 -6.254955751)
(1.488411306 1.331858528 -1.858424523)
(1.316674371 2.160298909 -2.34113486)
(-4.1828186 3.082962177 -3.357943922)
(-4.625640782 3.223173565 -2.595237494)
(-3.553084886 4.301429766 -4.666147716)
(-4.435252063 5.55671749 -4.503816869)
(-3.506316408 7.344459688 -5.941638837)
(-1.386963252 7.995035474 -8.66378116)
(1.679950493 8.060840803 -6.535669206)
(2.796856008 6.554967174 -7.114831353)
(5.824881724 4.987973015 -4.085572064)
(3.51022202 5.035261765 -6.436742289)
(4.782525931 5.802820464 -5.787706119)
(-9.744882806 -3.342316071 -1.175751746)
(-10.6731127 -2.708289429 -0.6955216601)
(-9.193886783 -3.833523204 -1.370623217)
(-10.34062257 -2.89476059 -0.7489789469)
(-9.817857008 -3.090989171 -0.775628344)
(-7.852309698 -4.32993735 -1.536249243)
(-9.122310365 -3.280579228 -0.8315957053)
(-8.267923503 -3.469798708 -0.8851283116)
(-5.848780174 -4.8168654 -1.693680178)
(-7.263797797 -3.661269337 -0.9284968459)
(-6.115533925 -3.853956909 -0.9744718019)
(-3.14129644 -5.365062779 -1.888324927)
(-4.818079826 -4.052874777 -1.027323046)
(-3.300133144 -4.285562338 -1.099084089)
(8.111701419 -4.155747732 -1.473646918)
(-0.02846082261 -4.919675787 -1.253991566)
(8.647224647 -3.210907725 -0.8077202106)
(-12.37574956 -8.644346749 -3.060548612)
(-18.405839 -6.528048163 -1.610664504)
(-15.10722504 -6.864240074 -1.77064533)
(-6.95904745 -9.319624405 -3.213731645)
(-11.71156433 -7.249538727 -1.848493276)
(-8.256324193 -7.707757741 -1.875730507)
(0.5550344538 -10.06689926 -3.606842499)
(-4.614431477 -8.355166209 -1.663431433)
(0.7469850731 -9.260578349 -2.52471501)
(4.126414613 -6.551011429 -2.786342237)
(-11.59324758 -1.758529454 -0.2646202404)
(-12.62820133 -0.2599465558 -0.01720626853)
(-10.47225749 -1.997108867 -0.2912517445)
(-12.04528416 -0.2409767464 -0.02220385475)
(-11.3057772 -0.2266687277 -0.01707736785)
(-8.731656071 -2.243985834 -0.345145259)
(-10.41096716 -0.2143974058 -0.02730502741)
(-9.364097207 -0.2061756235 -0.003202796187)
(-6.419126204 -2.499358739 -0.3737505683)
(-8.17181093 -0.199495513 -0.002012222039)
(-6.845296983 -0.1940913906 -0.01642062883)
(-3.483428645 -2.787119321 -0.4259313384)
(-5.390897379 -0.1912848788 -0.02041793112)
(-3.742545836 -0.1912457621 -0.01091742543)
(9.255003554 -1.95732468 -0.2902292845)
(-0.1126208152 -0.192615487 -0.009342869355)
(10.01181151 -0.1943381605 0.008417326005)
(-17.37482017 -4.324715056 -0.6732510864)
(-22.50312601 -0.1084138319 0.004523621964)
(-19.30301817 -0.1169271649 0.001635475783)
(-9.879518371 -5.090992732 -0.6807721117)
(-15.95958643 -0.1266511433 -0.01604466458)
(-12.40196283 -0.1455653593 0.108867299)
(0.9787118269 -6.941345007 -1.253698591)
(-8.23594132 -0.1961177915 0.7918491333)
(1.171466604 -0.1811851273 -0.2315553259)
(5.843280192 -4.024028428 -2.747221172)
(6.218246137 -0.07267825659 -1.773546761)
(7.232621022 -0.01820982615 -2.708120762)
(8.390865913 0.07104776992 -4.225432168)
(-11.08079154 1.671354684 -0.08878167443)
(-9.808148444 2.753582773 -0.4205142929)
(-10.15710703 2.031392075 -0.1059808396)
(-9.675321928 3.099527259 -0.4674387885)
(-9.266063988 3.414811398 -0.5227132413)
(-8.460470401 2.392077496 -0.1099014363)
(-8.624153648 3.716465712 -0.5663162865)
(-7.788758116 4.014348371 -0.6105416435)
(-6.154099155 2.782885777 -0.1425535442)
(-6.789709682 4.318444113 -0.6579381074)
(-5.645496253 4.636687313 -0.7067647049)
(-3.240626579 3.278968349 -0.1662311952)
(-4.358676027 4.982159493 -0.7707041023)
(-2.86489558 5.409750883 -0.827493583)
(8.6110256 0.8329977955 -0.02510707685)
(0.01259272032 6.408008031 -0.9891087722)
(6.136579199 3.321058771 -0.5081522324)
(7.841042298 2.736973148 -0.1362057588)
(6.829978271 3.281376803 -0.4839910182)
(7.298451541 3.358859847 -0.5035893966)
(-30.05353001 0.2545551101 0.2679862927)
(7.143969158 3.74489135 -0.5598024797)
(7.032307505 4.028130095 -0.6786686295)
(1.120659019 10.29591015 -0.7360765026)
(7.005679316 4.07687171 -1.302696167)
(6.637749782 4.563460679 -1.961384327)
(5.547139581 5.56641739 -2.364067032)
(4.322896833 7.895017178 -2.485710796)
(4.419645013 8.063227725 -2.821017381)
(6.27844987 6.052936949 -4.177851982)
(3.95444591 9.265846781 -4.132612608)
(-8.546555022 3.322972503 -0.8306174178)
(-7.333872028 3.44555163 -1.212011398)
(-5.743424143 3.226617922 -1.577015197)
(-8.426263434 4.318144577 -1.089706616)
(-7.637757212 4.171635792 -1.468628633)
(-7.612525745 4.807167211 -1.690694263)
(-6.330548578 4.845460249 -2.349509281)
(-7.201224466 5.148276009 -1.289128764)
(-7.275490921 5.361098409 -1.898144297)
(-6.672720943 5.868137916 -2.065624763)
(-5.821877199 6.383843925 -3.100652109)
(-5.218358622 5.948121629 -1.482791907)
(-5.853012679 6.336220828 -2.245627721)
(-4.858545315 6.803772536 -2.404755316)
(-2.565866958 6.901924973 -1.729106295)
(-3.703895764 7.295488828 -2.576472429)
(-2.331961968 7.871208443 -2.778628006)
(-1.978362377 9.033832857 -4.388172785)
(4.512721531 5.38778771 -1.342332506)
(0.01072798881 8.938722257 -3.149597348)
(3.564942957 6.714779893 -2.349106543)
(6.466014232 4.368667898 -1.102149592)
(4.866439751 5.857625618 -2.067735073)
(5.702374742 5.250778429 -1.84133715)
(6.625508159 4.517899193 -1.203568195)
(6.032234129 5.048217385 -1.762275747)
(6.247354509 4.915928375 -1.781107344)
(5.826855677 5.318313287 -2.652236918)
(6.529371625 4.586133657 -2.466528484)
(6.565522128 4.506955635 -2.23628797)
(6.512761154 4.557532864 -2.800307246)
(4.194482952 7.81067262 -4.265730227)
(6.033701604 5.26905227 -3.816235922)
)
;

boundaryField
{
    walls
    {
        type            noSlip;
    }
    wallFilmFace_top
    {
        type            slip;
    }
    region0_to_wallFilmRegion_wallFilmFace
    {
        type            slip;
    }
    mirrorFace_top
    {
        type            slip;
    }
    region0_to_wallFilmRegion_mirrorFace
    {
        type            slip;
    }
    procBoundary3to2
    {
        type            processor;
        value           nonuniform List<vector> 
64
(
(-1.721118132 -0.007115429402 -5.013824716)
(-2.280492418 0.2541729091 -4.425145669)
(-2.788097688 0.7284402934 -4.636614092)
(-2.847164992 0.8170715297 -5.200797894)
(-3.092099116 1.27092797 -4.998968507)
(-5.872126191 -3.495886205 -6.652083615)
(-6.443650914 -4.581234768 -5.011947553)
(-7.174595537 -4.146839067 -2.630564005)
(-5.671829934 2.891997781 -1.415351854)
(-0.7763852788 0.05664703601 -9.041626851e-05)
(-0.1250003634 -0.3696767934 0.0005889484619)
(-0.3880732746 0.04934322589 -7.831557745e-05)
(-0.3880732746 0.04934322589 -7.831557745e-05)
(-0.07220191964 0.09709268842 -0.0001547652551)
(-0.005739056614 0.1819726062 -0.0002895313737)
(0.0628251861 0.2526394075 -0.0004027823528)
(0.09866094014 0.3089169228 -0.0004918010209)
(0.1136390845 0.3583261261 -0.0005710529987)
(0.1194924091 0.397326716 -0.0006330393309)
(0.1182773488 0.417128741 -0.0006638725918)
(0.0973872179 0.4214163345 -0.000671492855)
(0.074693628 0.382536695 -0.0006087336077)
(0.05054419971 0.3040011722 -0.0004843766976)
(0.05054419971 0.3040011722 -0.0004843766976)
(-0.03038242553 0.4580585609 -0.0007303510967)
(-0.02769174211 0.4455042539 -0.000708771278)
(-0.02769174211 0.4455042539 -0.000708771278)
(0.09595293549 0.4616371983 -0.0007367133293)
(0.2518854117 0.231758925 -0.0003685363396)
(0.2518854117 0.231758925 -0.0003685363396)
(-5.075274753 -0.4418161731 -7.832220209)
(-5.104523098 -1.233471809 -8.015595274)
(-5.104523098 -1.233471809 -8.015595274)
(-5.31129916 -1.957178428 -7.729233114)
(-5.506260564 -2.811387375 -7.322085234)
(-2.535697127 0.001302213318 -3.977835777e-06)
(-4.290931187 -0.01590034074 -8.606440375)
(-2.175576342 0.0758999151 -0.0001182729784)
(-0.6854565072 0.01530980329 -2.440133833e-05)
(-4.705483074 -0.01566907183 -8.322547027)
(-3.701752325 2.226836319 -4.278144596)
(-8.007621342 -3.788196044 -1.860383287)
(-9.687234216 -3.125152225 -1.102912419)
(-11.89311477 -1.648087244 -0.2567896124)
(-11.17039873 1.46962164 -0.07714834373)
(-8.118355851 2.726140035 -0.687054532)
(-2.175576342 0.0758999151 -0.0001182729784)
(-4.705483074 -0.01566907183 -8.322547027)
(-1.248608035 -0.03383646573 5.425962481e-05)
(-2.018909853 -0.006319298583 -4.626637248)
(-2.69696158 0.6839882847 -4.395373948)
(-2.84222288 0.7649585506 -4.918975477)
(-2.847164992 0.8170715297 -5.200797894)
(-3.299887386 1.799364401 -4.732334207)
(-6.065604983 -4.134350395 -6.018596254)
(-3.90140768 2.662978052 -3.869140787)
(-4.336993848 2.959105994 -3.231645355)
(-6.763639559 -4.716521869 -3.786416066)
(-4.817016488 3.10190077 -2.516590372)
(-5.353714697 2.935504243 -1.875936704)
(-10.79678157 -2.531698777 -0.6522921636)
(-13.05256047 -0.2846874379 -0.01595248869)
(-9.623420553 2.362648304 -0.3623880451)
(-6.846265879 2.707418679 -0.962340092)
)
;
    }
}


// ************************************************************************* //
