/*--------------------------------*- C++ -*----------------------------------*\
  =========                 |
  \\      /  F ield         | OpenFOAM: The Open Source CFD Toolbox
   \\    /   O peration     | Website:  https://openfoam.org
    \\  /    A nd           | Version:  8
     \\/     M anipulation  |
\*---------------------------------------------------------------------------*/
FoamFile
{
    version     2.0;
    format      ascii;
    class       volVectorField;
    location    "1.4/wallFilmRegion";
    object      contactForce:contactAngle;
}
// * * * * * * * * * * * * * * * * * * * * * * * * * * * * * * * * * * * * * //

dimensions      [1 -2 -2 0 0 0 0];

internalField   nonuniform List<vector> 
1342
(
(0 0 0)
(17.24616157 42.0556616 -1450.050546)
(2.421768165 19.31241949 -1736.894263)
(-0.796498382 -6.752926856 -1380.95721)
(3.512743498 -17.4077037 -935.6156859)
(0.8365531219 2.631469035 -632.4337213)
(-30.4937228 27.14651766 -1136.883344)
(0 0 0)
(0 0 0)
(0 0 0)
(1847.151516 -0.8996787659 0.1087263646)
(0 0 0)
(0 0 0)
(0 0 0)
(0 0 0)
(0 0 0)
(0 0 0)
(0 0 0)
(0 0 0)
(0 0 0)
(0 0 0)
(0 0 0)
(0 0 0)
(0 0 0)
(0 0 0)
(0 0 0)
(0 0 0)
(0 0 0)
(888.8082511 -0.1292557862 -0.1013704125)
(0 0 0)
(0 0 0)
(0 0 0)
(0 0 0)
(0 0 0)
(0 0 0)
(0 0 0)
(0 0 0)
(0 0 0)
(0 0 0)
(0 0 0)
(0 0 0)
(0 0 0)
(0 0 0)
(0 0 0)
(1207.866738 282.4124781 -894.6821276)
(0 0 0)
(0 0 0)
(0 0 0)
(0 0 0)
(0 0 0)
(0 0 0)
(0 0 0)
(0 0 0)
(0 0 0)
(0 0 0)
(0 0 0)
(0 0 0)
(0 0 0)
(0 0 0)
(0 0 0)
(0 0 0)
(0 0 0)
(0 0 0)
(0 0 0)
(0 0 0)
(0 0 0)
(0 0 0)
(0 0 0)
(0 0 0)
(0 0 0)
(0 0 0)
(0 0 0)
(0 0 0)
(0 0 0)
(0 0 0)
(0 0 0)
(0 0 0)
(0 0 0)
(0 0 0)
(0 0 0)
(0 0 0)
(0 0 0)
(0 0 0)
(0 0 0)
(0 0 0)
(0 0 0)
(0 0 0)
(0 0 0)
(0 0 0)
(0 0 0)
(0 0 0)
(0 0 0)
(0 0 0)
(0 0 0)
(0 0 0)
(0 0 0)
(0 0 0)
(0 0 0)
(0 0 0)
(0 0 0)
(0 0 0)
(0 0 0)
(0 0 0)
(0 0 0)
(1.083759059 -5.354452443 -1284.914129)
(-0.2621211791 2.518347139 -754.4889525)
(0 0 0)
(0 0 0)
(0.4903572128 -7.525821787 -594.8385802)
(0 0 0)
(0 0 0)
(0.08339554517 -1156.698302 1.842507124)
(-1271.701493 -0.073170079 5.297858159e-05)
(0 0 0)
(0 0 0)
(0 0 0)
(0 0 0)
(0.1817905637 -1479.344265 2.353998728)
(0 0 0)
(0 0 0)
(0 0 0)
(0 0 0)
(0 0 0)
(0 0 0)
(0 0 0)
(0 0 0)
(0 0 0)
(0 0 0)
(0 0 0)
(0 0 0)
(0 0 0)
(0 0 0)
(0 0 0)
(0 0 0)
(0 0 0)
(0 0 0)
(0 0 0)
(0 0 0)
(0 0 0)
(0 0 0)
(1012.844877 -903.0430571 1.450897605)
(0 0 0)
(549.7678215 0.08975001459 2.198552572e-05)
(0 0 0)
(0 0 0)
(0 0 0)
(-1993.193317 1815.682203 -2.890943878)
(0 0 0)
(0 0 0)
(0 0 0)
(0 0 0)
(0 0 0)
(0 0 0)
(0 0 0)
(0 0 0)
(0 0 0)
(0 0 0)
(0 0 0)
(0 0 0)
(0 0 0)
(0 0 0)
(0 0 0)
(0 0 0)
(0 0 0)
(0 0 0)
(0 0 0)
(0 0 0)
(0 0 0)
(0 0 0)
(0 0 0)
(0 0 0)
(0 0 0)
(0 0 0)
(0 0 0)
(-4.378597942 -1143.63318 1.82238206)
(0 0 0)
(0 0 0)
(0 0 0)
(611.0443425 4.877818723 -0.007157379077)
(0 0 0)
(0 0 0)
(0 0 0)
(0 0 0)
(0 0 0)
(0 0 0)
(0 0 0)
(0 0 0)
(-887.5056969 -0.0005235594066 -4.35417839e-05)
(0 0 0)
(0 0 0)
(0 0 0)
(0 0 0)
(0 0 0)
(0 0 0)
(0 0 0)
(0 0 0)
(0 0 0)
(0 0 0)
(0 0 0)
(0 0 0)
(0 0 0)
(0 0 0)
(0 0 0)
(0 0 0)
(0 0 0)
(0 0 0)
(0 0 0)
(0 0 0)
(0 0 0)
(0 0 0)
(0 0 0)
(0 0 0)
(0 0 0)
(0 0 0)
(0 0 0)
(0 0 0)
(0 0 0)
(0 0 0)
(452.7015127 0.9111851688 -0.001655144705)
(0.004923420967 -1147.800717 1.827702848)
(-1279.509479 -1192.204527 1.8971342)
(0 0 0)
(-0.0001784016711 -1097.360157 1.747273981)
(0 0 0)
(0 0 0)
(0 0 0)
(0 0 0)
(0 0 0)
(0 0 0)
(0 0 0)
(0 0 0)
(0 0 0)
(0 0 0)
(0 0 0)
(0 0 0)
(0 0 0)
(0 0 0)
(0 0 0)
(0 0 0)
(0 0 0)
(0 0 0)
(0 0 0)
(0 0 0)
(0 0 0)
(0 0 0)
(0 0 0)
(0 0 0)
(0 0 0)
(0 0 0)
(0 0 0)
(0 0 0)
(0 0 0)
(0 0 0)
(0 0 0)
(0 0 0)
(912.3011119 -2.042903451 0.002615839962)
(0 0 0)
(1362.843792 -2.449923009 0.002879373284)
(0 0 0)
(0 0 0)
(0 0 0)
(0 0 0)
(0 0 0)
(0 0 0)
(0 0 0)
(0 0 0)
(0 0 0)
(0 0 0)
(0 0 0)
(0 0 0)
(0 0 0)
(0 0 0)
(0 0 0)
(0 0 0)
(0 0 0)
(0 0 0)
(0 0 0)
(0 0 0)
(0 0 0)
(0 0 0)
(0 0 0)
(0 0 0)
(0 0 0)
(0 0 0)
(0 0 0)
(0 0 0)
(0 0 0)
(0 0 0)
(0 0 0)
(0 0 0)
(0 0 0)
(0 0 0)
(0 0 0)
(0 0 0)
(0 0 0)
(0 0 0)
(0 0 0)
(513.1529633 0.5940761834 -0.001151299317)
(0 0 0)
(1306.313912 2.11971692 -0.003050028602)
(0 0 0)
(0 0 0)
(0 0 0)
(0 0 0)
(0 0 0)
(0 0 0)
(0 0 0)
(0 0 0)
(0 0 0)
(0 0 0)
(0 0 0)
(0 0 0)
(0 0 0)
(0 0 0)
(0 0 0)
(0 0 0)
(0 0 0)
(0 0 0)
(0 0 0)
(0 0 0)
(0 0 0)
(0 0 0)
(0 0 0)
(0 0 0)
(0 0 0)
(0 0 0)
(0 0 0)
(0 0 0)
(0 0 0)
(0 0 0)
(0 0 0)
(0 0 0)
(0 0 0)
(0 0 0)
(0 0 0)
(0 0 0)
(0 0 0)
(0 0 0)
(0 0 0)
(745.9962697 -2.003267771 0.003414508039)
(1199.755312 1117.416265 -1.7789322)
(0 0 0)
(0 0 0)
(0 0 0)
(0 0 0)
(0 0 0)
(0 0 0)
(0 0 0)
(0 0 0)
(0 0 0)
(0 0 0)
(0 0 0)
(0 0 0)
(0 0 0)
(0 0 0)
(0 0 0)
(0 0 0)
(0 0 0)
(0 0 0)
(0 0 0)
(0 0 0)
(0 0 0)
(0 0 0)
(0 0 0)
(0 0 0)
(0 0 0)
(0 0 0)
(0 0 0)
(0 0 0)
(0 0 0)
(0 0 0)
(0 0 0)
(0 0 0)
(0 0 0)
(0 0 0)
(0 0 0)
(0 0 0)
(0 0 0)
(0 0 0)
(1351.76746 1190.589525 -1.897351136)
(0 0 0)
(0 0 0)
(0 0 0)
(-0.7746670776 886.5862211 -1.412334151)
(0 0 0)
(0 0 0)
(0 0 0)
(-0.08633006656 711.8767502 -1.13419912)
(0 0 0)
(0.01875677343 539.1672498 -0.8585979975)
(0.06411784168 893.127831 -1.422039991)
(0 0 0)
(0.09089641724 1199.287908 -1.909868449)
(0.05880601362 795.650847 -1.267433653)
(0 0 0)
(0.09799766194 1355.394739 -2.15941775)
(0.08669535265 1209.810507 -1.927049171)
(0 0 0)
(-812.5846574 729.567626 -1.161602459)
(0 0 0)
(0 0 0)
(0 0 0)
(0 0 0)
(0 0 0)
(0 0 0)
(0 0 0)
(0 0 0)
(0 0 0)
(0 0 0)
(0 0 0)
(0 0 0)
(0 0 0)
(0 0 0)
(0 0 0)
(0 0 0)
(0 0 0)
(0 0 0)
(1751.469919 1564.23603 -2.311255134)
(0 0 0)
(0 0 0)
(0 0 0)
(0 0 0)
(0 0 0)
(0 0 0)
(0 0 0)
(0 0 0)
(0 0 0)
(0 0 0)
(0 0 0)
(0 0 0)
(0 0 0)
(0 0 0)
(0 0 0)
(0 0 0)
(0 0 0)
(0 0 0)
(0 0 0)
(0 0 0)
(0 0 0)
(0 0 0)
(0 0 0)
(0 0 0)
(0 0 0)
(0 0 0)
(0 0 0)
(0 0 0)
(0 0 0)
(0 0 0)
(0 0 0)
(0 0 0)
(0 0 0)
(0 0 0)
(0 0 0)
(0 0 0)
(0 0 0)
(0 0 0)
(0 0 0)
(0 0 0)
(0 0 0)
(0 0 0)
(0 0 0)
(0 0 0)
(0 0 0)
(0 0 0)
(0 0 0)
(0 0 0)
(0 0 0)
(0 0 0)
(0 0 0)
(0 0 0)
(0 0 0)
(0 0 0)
(0 0 0)
(0 0 0)
(0 0 0)
(0 0 0)
(0 0 0)
(0 0 0)
(0 0 0)
(0 0 0)
(0 0 0)
(0 0 0)
(0 0 0)
(0 0 0)
(0 0 0)
(0 0 0)
(0 0 0)
(0 0 0)
(0 0 0)
(0 0 0)
(0 0 0)
(0 0 0)
(0 0 0)
(0 0 0)
(0 0 0)
(0 0 0)
(0 0 0)
(0 0 0)
(0 0 0)
(0 0 0)
(0 0 0)
(0 0 0)
(0 0 0)
(0 0 0)
(0 0 0)
(0 0 0)
(0 0 0)
(0 0 0)
(0 0 0)
(0 0 0)
(0 0 0)
(0 0 0)
(0 0 0)
(0 0 0)
(-0.3541159306 688.0041011 -690.200651)
(0 0 0)
(-0.2769672124 538.1341655 -539.8527688)
(0 0 0)
(-0.3605404134 703.1032861 -705.3466446)
(0 0 0)
(-957.3647636 826.4863067 -829.3451529)
(0 0 0)
(0 0 0)
(0 0 0)
(0 0 0)
(0 0 0)
(1960.133313 1694.044785 -1699.793052)
(0 0 0)
(-47.64970683 491.2327869 -494.1984967)
(0 0 0)
(0 0 0)
(-561.1176443 2604.824693 -2883.5618)
(0 0 0)
(0 0 0)
(-697.8102341 -625.9176658 0.9973406444)
(0 0 0)
(0 0 0)
(0 0 0)
(0 0 0)
(0 0 0)
(0 0 0)
(0 0 0)
(1213.485841 -1128.077451 1.984961419)
(0 0 0)
(1028.718348 896.4685606 -1381.784969)
(-435.3055453 440.6021208 -863.1446908)
(0 0 0)
(0 0 0)
(-1070.126662 -0.01343898699 0.0001284164454)
(0 0 0)
(0 0 0)
(0 0 0)
(0 0 0)
(0 0 0)
(0 0 0)
(0 0 0)
(0 0 0)
(0 0 0)
(874.66547 -778.3244117 1.238378738)
(0 0 0)
(2.130015254 -6.922568646 -1056.888501)
(34.65139735 43.32008721 -1946.630862)
(0 0 0)
(0 0 0)
(0 0 0)
(-1564.832524 1430.9592 -2.279404645)
(0 0 0)
(0 0 0)
(0 0 0)
(0 0 0)
(0 0 0)
(0 0 0)
(0 0 0)
(0 0 0)
(0 0 0)
(2113.900976 -1976.000583 3.148430721)
(0 0 0)
(0 0 0)
(0.0008220786554 -1006.371034 1.601993813)
(-819.203442 -750.9935473 1.196252356)
(0 0 0)
(0 0 0)
(0 0 0)
(0 0 0)
(0 0 0)
(0 0 0)
(0 0 0)
(0 0 0)
(0 0 0)
(0 0 0)
(0 0 0)
(0 0 0)
(0 0 0)
(0 0 0)
(0 0 0)
(0 0 0)
(0 0 0)
(0 0 0)
(0 0 0)
(0 0 0)
(0 0 0)
(0 0 0)
(0 0 0)
(0 0 0)
(0 0 0)
(0 0 0)
(0 0 0)
(0 0 0)
(0 0 0)
(0 0 0)
(0 0 0)
(0 0 0)
(0 0 0)
(0 0 0)
(0 0 0)
(0 0 0)
(0 0 0)
(0 0 0)
(0 0 0)
(0 0 0)
(0 0 0)
(0 0 0)
(0 0 0)
(0 0 0)
(0 0 0)
(0 0 0)
(0 0 0)
(0 0 0)
(0 0 0)
(0 0 0)
(0 0 0)
(1157.589661 -9.405665553 0.01451738656)
(0 0 0)
(0 0 0)
(-1177.291904 1081.591324 -1.722502011)
(0 0 0)
(0 0 0)
(0 0 0)
(0 0 0)
(0 0 0)
(0 0 0)
(0 0 0)
(0 0 0)
(0 0 0)
(0 0 0)
(887.631505 775.8983904 -1.259159277)
(0 0 0)
(0 0 0)
(0 0 0)
(0 0 0)
(0 0 0)
(0 0 0)
(-1845.816246 1697.089765 -2.702057786)
(0 0 0)
(0 0 0)
(0 0 0)
(0 0 0)
(985.762955 1057.88162 -1.557535418)
(0 0 0)
(-706.3457762 -1139.070339 -1855.750096)
(0 0 0)
(0 0 0)
(0 0 0)
(0 0 0)
(0 0 0)
(0 0 0)
(0 0 0)
(0 0 0)
(0 0 0)
(0 0 0)
(0 0 0)
(0 0 0)
(0 0 0)
(0 0 0)
(0 0 0)
(0 0 0)
(0 0 0)
(0 0 0)
(0 0 0)
(0 0 0)
(0 0 0)
(0 0 0)
(0 0 0)
(0 0 0)
(0 0 0)
(0 0 0)
(0 0 0)
(0 0 0)
(0 0 0)
(0 0 0)
(0 0 0)
(0 0 0)
(0 0 0)
(0 0 0)
(0 0 0)
(0 0 0)
(0 0 0)
(0 0 0)
(0 0 0)
(0 0 0)
(0 0 0)
(0 0 0)
(0 0 0)
(0 0 0)
(0 0 0)
(0 0 0)
(0 0 0)
(0 0 0)
(0 0 0)
(0 0 0)
(0 0 0)
(0 0 0)
(0 0 0)
(0 0 0)
(0 0 0)
(0 0 0)
(0 0 0)
(0 0 0)
(0 0 0)
(0 0 0)
(0 0 0)
(0 0 0)
(0 0 0)
(0 0 0)
(0 0 0)
(0 0 0)
(0 0 0)
(1598.828438 1182.732135 498.2156535)
(0 0 0)
(0.055359426 587.7893694 330.4590493)
(0 0 0)
(0 0 0)
(0.4916810023 1516.450978 636.8015771)
(1.188349954 1918.260666 803.9130884)
(0 0 0)
(0 0 0)
(0 0 0)
(0 0 0)
(0 0 0)
(0 0 0)
(0 0 0)
(0 0 0)
(0 0 0)
(0 0 0)
(0 0 0)
(0 0 0)
(0 0 0)
(0 0 0)
(0 0 0)
(0 0 0)
(0 0 0)
(0 0 0)
(0 0 0)
(0 0 0)
(0 0 0)
(0 0 0)
(0 0 0)
(0 0 0)
(0 0 0)
(0 0 0)
(0 0 0)
(0 0 0)
(0 0 0)
(-0.4221543048 820.7149997 -823.3338501)
(0 0 0)
(0 0 0)
(0 0 0)
(-0.4250616707 825.7150404 -828.352482)
(0 0 0)
(0 0 0)
(0.1849302964 -1236.263343 1.968875421)
(0 0 0)
(0 0 0)
(-0.3863679086 744.6246422 -747.0009585)
(0 0 0)
(0.1987984069 -1362.664598 2.16956928)
(0 0 0)
(0 0 0)
(0 0 0)
(-0.3420605869 666.5583641 -668.6860666)
(0 0 0)
(0.1200475311 -837.0347714 1.33268668)
(0.08191728055 -570.237933 0.9076488814)
(0 0 0)
(0 0 0)
(0 0 0)
(0 0 0)
(0.1577729984 -1087.322759 1.730748283)
(-3.158527777 2322.122418 -3.715240278)
(0 0 0)
(0 0 0)
(0 0 0)
(0 0 0)
(-3.729288597 2669.201058 -4.26755452)
(-2.948970906 1860.044074 -2.979379391)
(0 0 0)
(0 0 0)
(0 0 0)
(0 0 0)
(-6.889787499 2779.521806 -4.444955761)
(-11.17922034 1817.023283 -2.883744902)
(0 0 0)
(0 0 0)
(-8.001441161 625.2938038 -626.8733552)
(0 0 0)
(-0.6671041275 -1269.580315 2.0227614)
(-3.417617507 -1162.66499 1.854619267)
(0 0 0)
(0 0 0)
(-212.2487378 1107.066695 -1128.511564)
(0 0 0)
(-14.63262172 -1335.954009 2.144043843)
(-46.0114785 -1265.138145 2.043479827)
(0 0 0)
(0 0 0)
(0 0 0)
(-239.5071491 495.7464131 -341.6648851)
(0 0 0)
(-961.6498588 2088.036482 -2416.521789)
(-386.1117529 483.9214722 -384.210795)
(0 0 0)
(0 0 0)
(0 0 0)
(0 0 0)
(0 0 0)
(0 0 0)
(0 0 0)
(0 0 0)
(0 0 0)
(0 0 0)
(7.942227483 30.80560413 -1817.12944)
(0 0 0)
(0 0 0)
(0 0 0)
(0 0 0)
(0 0 0)
(8.686601561 -23.74316138 -772.6583993)
(0.04144859036 1.290904051 -565.776178)
(0 0 0)
(0 0 0)
(0 0 0)
(0 0 0)
(17.32359645 -24.91311687 -1008.697518)
(0 0 0)
(0 0 0)
(0 0 0)
(0 0 0)
(710.259282 -409.9343437 -847.0623378)
(0 0 0)
(0.1315465543 2.167703517 -447.8755437)
(0 0 0)
(0 0 0)
(0 0 0)
(0 0 0)
(0 0 0)
(0 0 0)
(-0.160218995 -308.0925698 -307.1111705)
(0 0 0)
(0 0 0)
(0 0 0)
(-0.3436701338 -686.118075 -683.9335211)
(-0.297509662 -571.649057 -569.831066)
(0 0 0)
(0 0 0)
(0 0 0)
(0 0 0)
(-0.4455918628 -878.7505361 -875.9574248)
(-0.4333223053 -833.9845536 -831.333148)
(0 0 0)
(0 0 0)
(0 0 0)
(0 0 0)
(-0.4021684125 -794.4284789 -791.9027689)
(-0.378798223 -729.483346 -727.1642735)
(0 0 0)
(0 0 0)
(0 0 0)
(0 0 0)
(0 0 0)
(0 0 0)
(0 0 0)
(1063.893553 -0.4367129348 -0.08176170294)
(0 0 0)
(0.1505504805 1043.762083 -1.662088978)
(0 0 0)
(0 0 0)
(-1329.648214 0.6721571495 -0.02679054265)
(0 0 0)
(-854.5907316 0.3897702761 0.07780607797)
(0 0 0)
(-0.4264729493 -820.0984861 -817.4917483)
(-0.1715922924 330.4565327 -1043.461873)
(0 0 0)
(0 0 0)
(0 0 0)
(0 0 0)
(-0.3242899461 656.5788393 -2072.91786)
(-0.2423000406 739.7527818 -2334.833006)
(0 0 0)
(0 0 0)
(0 0 0)
(0 0 0)
(0.0252976621 700.1878471 -2209.081536)
(0.3351580377 301.8145284 -951.0148972)
(0 0 0)
(0 0 0)
(0 0 0)
(0 0 0)
(1.356027821 310.6642712 -974.2984491)
(-12.69476196 762.4869293 -2368.458935)
(0 0 0)
(0 0 0)
(0 0 0)
(0 0 0)
(-94.30600054 364.9206561 -1143.774099)
(-363.2203552 666.81393 -1621.826135)
(0 0 0)
(0 0 0)
(0 0 0)
(0 0 0)
(-498.5871523 -1033.304574 -707.528219)
(-1040.437161 -4835.200024 -5319.169521)
(0 0 0)
(0 0 0)
(0 0 0)
(0 0 0)
(0 0 0)
(0 0 0)
(0 0 0)
(0 0 0)
(0 0 0)
(0 0 0)
(0 0 0)
(0 0 0)
(0 0 0)
(0 0 0)
(0 0 0)
(0 0 0)
(0 0 0)
(0 0 0)
(0 0 0)
(0 0 0)
(0 0 0)
(0 0 0)
(0 0 0)
(0 0 0)
(0 0 0)
(0 0 0)
(0 0 0)
(0 0 0)
(0 0 0)
(0 0 0)
(0 0 0)
(0 0 0)
(0 0 0)
(0 0 0)
(0 0 0)
(0 0 0)
(0 0 0)
(0 0 0)
(1245.114511 -0.04903263633 -0.07075200552)
(0 0 0)
(-844.8370718 0.2609887779 0.1144374097)
(0 0 0)
(-873.4127588 0.07115236782 0.07086481711)
(0 0 0)
(0 0 0)
(0 0 0)
(0 0 0)
(0 0 0)
(0 0 0)
(0 0 0)
(0 0 0)
(0 0 0)
(0 0 0)
(0 0 0)
(0 0 0)
(0 0 0)
(0 0 0)
(0 0 0)
(0 0 0)
(0 0 0)
(0 0 0)
(0 0 0)
(0 0 0)
(0 0 0)
(0 0 0)
(0 0 0)
(0 0 0)
(0 0 0)
(0 0 0)
(0 0 0)
(0 0 0)
(0 0 0)
(0 0 0)
(0 0 0)
(0 0 0)
(0 0 0)
(0 0 0)
(0 0 0)
(0 0 0)
(0 0 0)
(0 0 0)
(0 0 0)
(0 0 0)
(0 0 0)
(0 0 0)
(0 0 0)
(0 0 0)
(0 0 0)
(0 0 0)
(0 0 0)
(0 0 0)
(0 0 0)
(0 0 0)
(0 0 0)
(0 0 0)
(0 0 0)
(0 0 0)
(0 0 0)
(0 0 0)
(0 0 0)
(0 0 0)
(0 0 0)
(0 0 0)
(1007.557117 330.9023586 -732.75415)
(0 0 0)
(-0.05432557356 189.5770834 -419.3407491)
(-1481.704075 487.6369035 -1077.528055)
(-748.1493235 -0.09123434861 0.01190709112)
(0 0 0)
(0 0 0)
(0 0 0)
(0 0 0)
(0 0 0)
(0 0 0)
(0 0 0)
(0 0 0)
(0 0 0)
(0 0 0)
(0 0 0)
(0 0 0)
(0 0 0)
(0 0 0)
(0 0 0)
(0 0 0)
(0 0 0)
(0 0 0)
(0 0 0)
(0 0 0)
(0 0 0)
(0 0 0)
(0 0 0)
(0 0 0)
(0 0 0)
(0 0 0)
(0 0 0)
(0 0 0)
(0 0 0)
(0 0 0)
(0 0 0)
(0 0 0)
(0 0 0)
(0 0 0)
(0 0 0)
(0 0 0)
(0 0 0)
(0 0 0)
(0 0 0)
(0 0 0)
(0 0 0)
(0 0 0)
(0 0 0)
(0 0 0)
(0 0 0)
(0 0 0)
(0 0 0)
(0 0 0)
(0 0 0)
(0 0 0)
(0 0 0)
(0 0 0)
(0 0 0)
(0 0 0)
(0 0 0)
(0 0 0)
(0 0 0)
(0 0 0)
(0 0 0)
(0 0 0)
(0 0 0)
(0 0 0)
(0 0 0)
(0 0 0)
(0 0 0)
(0 0 0)
(0 0 0)
(0 0 0)
(0 0 0)
(0 0 0)
(0 0 0)
(0 0 0)
(0 0 0)
(0 0 0)
(0 0 0)
(0 0 0)
(0 0 0)
(0 0 0)
(0 0 0)
(0 0 0)
(0 0 0)
(0 0 0)
(0 0 0)
(0 0 0)
(0 0 0)
(0 0 0)
(0 0 0)
(0 0 0)
(0 0 0)
(0 0 0)
(0 0 0)
(0 0 0)
(0 0 0)
(0 0 0)
(0 0 0)
(0 0 0)
(0 0 0)
(0 0 0)
(0 0 0)
(0 0 0)
(0 0 0)
(0 0 0)
(0 0 0)
(0 0 0)
(0 0 0)
(0 0 0)
(0 0 0)
(0 0 0)
(0 0 0)
(0 0 0)
(1174.4196 842.1871153 472.9539845)
(-0.03736698066 495.604547 278.407386)
(0 0 0)
(-1427.465793 1023.907193 575.0836009)
(0 0 0)
(0 0 0)
(0 0 0)
(0 0 0)
(0 0 0)
(0 0 0)
(0 0 0)
(0 0 0)
(0 0 0)
(0 0 0)
(0 0 0)
(0 0 0)
(0 0 0)
(0 0 0)
(0 0 0)
(0 0 0)
(0 0 0)
(0 0 0)
(0 0 0)
(0 0 0)
(0 0 0)
(0 0 0)
(0 0 0)
(0 0 0)
(0 0 0)
(0 0 0)
(0 0 0)
(0 0 0)
(0 0 0)
(0 0 0)
(0 0 0)
(0 0 0)
(0 0 0)
(0 0 0)
(0 0 0)
(0 0 0)
(0 0 0)
(0 0 0)
(0 0 0)
(0 0 0)
(0 0 0)
(0 0 0)
(0 0 0)
(0 0 0)
(0 0 0)
(0 0 0)
(0 0 0)
(0 0 0)
(0 0 0)
(0 0 0)
(0 0 0)
(0 0 0)
(0 0 0)
(0 0 0)
(0 0 0)
(0 0 0)
(0 0 0)
(0 0 0)
(0 0 0)
(0 0 0)
(0 0 0)
(0 0 0)
(0 0 0)
(0 0 0)
(0 0 0)
(0 0 0)
(0 0 0)
(0 0 0)
(0 0 0)
(0 0 0)
(0 0 0)
(0 0 0)
(0 0 0)
(0 0 0)
(0 0 0)
(0 0 0)
(0 0 0)
(0 0 0)
(0 0 0)
(0 0 0)
(1775.207864 77.51970425 195.3456472)
(0.4018596361 536.2847571 1330.714187)
(0.1129136928 1528.48801 643.1566776)
(0.04576180185 -832.9187915 -167.4805243)
(-0.03839285527 -553.4732937 -111.2544163)
(0 0 0)
(-0.169228465 -1282.955654 -257.4002614)
(-0.236115588 -1260.841802 -253.1201207)
(0 0 0)
(-0.04630161244 -800.0527614 -161.2135155)
(0.1203876475 -1157.871153 -233.9314369)
(0.2510885057 1421.412793 596.4703819)
(-0.3230994565 -768.5541257 -155.1924758)
(-0.2168087582 -1233.995554 -248.9952172)
(-2849.733913 2109.400568 879.7276991)
(-0.4747372787 -840.8894715 -170.0246038)
(-0.3060400367 -693.4468535 -140.5141081)
(0 0 0)
(-2217.554869 97.42523143 245.434749)
(0 0 0)
(0 0 0)
(0 0 0)
(0 0 0)
(0 0 0)
(0 0 0)
(0 0 0)
(0 0 0)
(0 0 0)
(0 0 0)
(0 0 0)
(0 0 0)
(0 0 0)
(0 0 0)
(0 0 0)
(0 0 0)
(0 0 0)
(0 0 0)
(0 0 0)
(0 0 0)
(0 0 0)
(0 0 0)
(0 0 0)
(0 0 0)
(0 0 0)
(0 0 0)
(0 0 0)
(0 0 0)
(0 0 0)
(0 0 0)
(0 0 0)
(0 0 0)
(0 0 0)
(0 0 0)
(0 0 0)
(0 0 0)
(0 0 0)
(0 0 0)
(0 0 0)
(0 0 0)
(0 0 0)
(0 0 0)
(0 0 0)
(0 0 0)
(0 0 0)
(0 0 0)
(0 0 0)
(0 0 0)
(0 0 0)
(0 0 0)
(0 0 0)
(0 0 0)
(0 0 0)
(0 0 0)
(0 0 0)
(0 0 0)
(0 0 0)
(0 0 0)
(0 0 0)
(0 0 0)
(0 0 0)
(0 0 0)
(0 0 0)
(0 0 0)
(0 0 0)
(0 0 0)
(0 0 0)
(0 0 0)
(0 0 0)
(0 0 0)
(0 0 0)
(0 0 0)
(0 0 0)
(0 0 0)
(0 0 0)
(0 0 0)
(0 0 0)
(0 0 0)
(0 0 0)
(0 0 0)
(0 0 0)
(0 0 0)
(0 0 0)
(0 0 0)
(0 0 0)
(0 0 0)
(0 0 0)
(0 0 0)
(0 0 0)
(0 0 0)
(0 0 0)
(0 0 0)
(0 0 0)
(0 0 0)
(0 0 0)
(0 0 0)
(0 0 0)
(0 0 0)
(0 0 0)
)
;

boundaryField
{
    walls
    {
        type            calculated;
        value           nonuniform List<vector> 0();
    }
    wallFilmFace_top
    {
        type            calculated;
        value           nonuniform List<vector> 0();
    }
    region0_to_wallFilmRegion_wallFilmFace
    {
        type            calculated;
        value           nonuniform List<vector> 0();
    }
    mirrorFace_top
    {
        type            calculated;
        value           uniform (0 0 0);
    }
    region0_to_wallFilmRegion_mirrorFace
    {
        type            calculated;
        value           uniform (0 0 0);
    }
    procBoundary3to2
    {
        type            processor;
        value           uniform (0 0 0);
    }
}


// ************************************************************************* //
