/*--------------------------------*- C++ -*----------------------------------*\
  =========                 |
  \\      /  F ield         | OpenFOAM: The Open Source CFD Toolbox
   \\    /   O peration     | Website:  https://openfoam.org
    \\  /    A nd           | Version:  8
     \\/     M anipulation  |
\*---------------------------------------------------------------------------*/
FoamFile
{
    version     2.0;
    format      ascii;
    class       volVectorField;
    location    "2/wallFilmRegion";
    object      contactForce:contactAngle;
}
// * * * * * * * * * * * * * * * * * * * * * * * * * * * * * * * * * * * * * //

dimensions      [1 -2 -2 0 0 0 0];

internalField   nonuniform List<vector> 
1369
(
(0 0 0)
(0 0 0)
(0 0 0)
(0 0 0)
(0 0 0)
(0 0 0)
(0 0 0)
(0 0 0)
(0 0 0)
(0 0 0)
(0 0 0)
(0 0 0)
(0 0 0)
(0 0 0)
(0 0 0)
(0 0 0)
(-365.3432443 0 0)
(0 0 0)
(0 0 0)
(0 0 0)
(0 0 0)
(0 0 0)
(0 0 0)
(0 0 0)
(0 0 0)
(0 0 0)
(-361.3077654 -331.1987862 9.793266606e-13)
(0 0 0)
(0 541.3081792 -1.600602277e-12)
(0 0 0)
(0 0 0)
(0 0 0)
(0 0 0)
(0 0 0)
(0 0 0)
(0 0 0)
(0 0 0)
(0 0 0)
(0 -627.9161588 0)
(0 0 0)
(0 0 0)
(0 493.6681985 0)
(0 0 0)
(0 0 0)
(0 0 0)
(0 0 0)
(299.068067 0 0)
(664.1288303 0 0)
(0 0 0)
(0 0 0)
(0 0 0)
(0 0 0)
(0 0 0)
(0 0 0)
(0 0 0)
(0 0 0)
(223.0268363 0 0)
(399.7201139 0 0)
(0 0 0)
(0 0 0)
(0 0 0)
(0 0 0)
(0 0 0)
(0 0 0)
(0 0 0)
(0 0 0)
(0 0 0)
(0 0 0)
(0 0 0)
(0 0 0)
(0 0 0)
(0 0 0)
(0 0 0)
(0 0 0)
(0 0 0)
(0 0 0)
(0 0 0)
(0 0 0)
(0 0 0)
(0 0 0)
(0 0 0)
(0 0 0)
(0 0 0)
(0 0 0)
(0 0 0)
(0 -279.4784775 0)
(0 0 0)
(-2.273324781e-13 615.0531284 -1.818659824e-12)
(0 0 0)
(0 0 0)
(0 0 0)
(0 0 0)
(0 0 0)
(0 0 0)
(0 0 0)
(0 0 0)
(0 0 0)
(0 0 0)
(0 0 0)
(0 0 0)
(0 0 0)
(0 0 0)
(0 0 0)
(0 0 0)
(0 0 0)
(0 0 0)
(0 0 0)
(-461.0730171 0 0)
(-795.836927 -729.5171817 0)
(0 0 0)
(0 451.561429 0)
(0 0 0)
(0 0 0)
(0 0 0)
(0 0 0)
(0 0 0)
(0 0 0)
(-557.5142638 0 0)
(-391.2192303 0 0)
(-402.1845521 0 0)
(0 0 0)
(0 0 0)
(0 0 0)
(0 0 0)
(0 0 0)
(0 0 0)
(0 0 0)
(0 0 0)
(0 0 0)
(0 0 0)
(0 0 0)
(0 -543.3209548 0)
(0 0 0)
(0 0 0)
(0 0 0)
(0 251.1446371 0)
(0 0 0)
(0 0 0)
(0 0 0)
(0 0 0)
(0 0 0)
(0 0 0)
(-534.1542473 -489.6413951 0)
(0 0 0)
(0 0 0)
(0 0 0)
(-661.1037679 606.0117894 0)
(0 0 0)
(0 0 0)
(0 0 0)
(0 0 0)
(0 0 0)
(0 0 0)
(0 0 0)
(0 0 0)
(0 0 0)
(0 0 0)
(0 -572.8153697 0)
(0 0 0)
(0 0 0)
(0 0 0)
(0 701.1757414 0)
(0 0 0)
(0 0 0)
(0 0 0)
(0 0 0)
(0 0 0)
(0 -739.4203118 0)
(0 0 0)
(0 0 0)
(0 0 0)
(0 0 0)
(0 0 0)
(-1113.073316 1020.317205 0)
(0 0 0)
(0 0 0)
(0 0 0)
(0 0 0)
(0 0 0)
(0 0 0)
(0 0 0)
(0 0 0)
(0 0 0)
(0 -543.196092 0)
(0 0 0)
(0 0 0)
(-7.62027857e-06 1280.631438 0)
(0 0 0)
(0 0 0)
(0 0 0)
(0 0 0)
(0 0 0)
(0 0 0)
(0 0 0)
(0 -318.9454284 -9.430945334e-13)
(0 0 0)
(0 0 0)
(0 0 0)
(0 0 0)
(0 0 0)
(0 0 0)
(-545.6925702 500.2181885 0)
(-325.5806193 0 0)
(0 0 0)
(0 0 0)
(0 0 0)
(0 0 0)
(0 0 0)
(0 0 0)
(0 0 0)
(0 0 0)
(406.0789058 -372.2389963 0)
(0 0 0)
(0 0 0)
(0 246.4359712 0)
(0 0 0)
(0 0 0)
(0 0 0)
(0 0 0)
(0 0 0)
(0 0 0)
(0 -542.3301428 0)
(0 0 0)
(0 0 0)
(0 0 0)
(0 0 0)
(0 0 0)
(0 0 0)
(0 0 0)
(0 0 0)
(-1029.734136 943.9229614 0)
(-490.0805568 0 0)
(0 0 0)
(0 0 0)
(0 0 0)
(0 0 0)
(0 0 0)
(0 0 0)
(0 0 0)
(1025.896064 -940.4047238 0)
(0 0 0)
(0 686.1062801 0)
(0 0 0)
(0 0 0)
(0 0 0)
(0 0 0)
(0 0 0)
(0 0 0)
(0 -749.083954 0)
(0 0 0)
(0 0 0)
(0 0 0)
(0 0 0)
(0 0 0)
(0 0 0)
(0 0 0)
(0 0 0)
(0 0 0)
(0 0 0)
(-480.0367308 440.0336691 0)
(0 0 0)
(0 0 0)
(0 0 0)
(0 0 0)
(0 0 0)
(0 0 0)
(0 0 0)
(391.1117081 0 0)
(0 0 0)
(0 0 0)
(0 0 0)
(0 0 0)
(0 0 0)
(0 0 0)
(0 0 0)
(0 0 0)
(0 0 0)
(546.4560576 0 1.48117212e-12)
(901.1982994 -826.0984396 2.442702898e-12)
(0 0 0)
(0 0 0)
(0 0 0)
(0 0 0)
(0 0 0)
(0 0 0)
(0 0 0)
(0 0 0)
(0 0 0)
(-934.1605206 856.313809 2.532047178e-12)
(0 0 0)
(0 0 0)
(0 0 0)
(0 0 0)
(0 0 0)
(0 0 0)
(0 0 0)
(0 0 0)
(0 0 0)
(0 0 0)
(0 0 0)
(0 0 0)
(0 0 0)
(0 0 0)
(0 0 0)
(0 0 0)
(0 0 0)
(0 0 0)
(0 -389.3431685 0)
(0 0 0)
(0 0 0)
(0 0 0)
(0 0 0)
(0 0 0)
(0 0 0)
(0 0 0)
(0 0 0)
(0 0 0)
(0 0 0)
(0 412.0168144 0)
(0 0 0)
(0 0 0)
(0 0 0)
(0 0 0)
(0 0 0)
(0 0 0)
(0 0 0)
(0 0 0)
(0 0 0)
(0 0 0)
(0 0 0)
(0 0 0)
(0 0 0)
(0 0 0)
(0 0 0)
(0 0 0)
(0 0 0)
(-946.5368887 -867.658813 0)
(0 0 0)
(0 0 0)
(0 0 0)
(0 0 0)
(0 0 0)
(0 0 0)
(0 0 0)
(0 0 0)
(840.1045809 770.0958686 0)
(564.8564302 0 0)
(0 0 0)
(0 0 0)
(0 0 0)
(-607.1988791 0 0)
(-413.4378056 0 0)
(-252.828001 0 0)
(-486.2995488 0 0)
(0 0 0)
(0 0 0)
(0 0 0)
(0 0 0)
(0 0 0)
(0 0 0)
(0 0 0)
(0 0 0)
(0 0 0)
(0 0 0)
(0 -284.9236141 0)
(0 0 0)
(0 0 0)
(0 0 0)
(0 0 0)
(0 0 0)
(0 0 0)
(0 0 0)
(369.7464145 338.9342127 0)
(324.4122465 0 0)
(0 0 0)
(0 0 0)
(0 0 0)
(-306.9773405 0 0)
(-889.8063684 -815.6558362 0)
(0 0 0)
(0 0 0)
(0 0 0)
(0 0 0)
(-674.4453601 618.241579 0)
(0 0 0)
(0 0 0)
(0 0 0)
(0 0 0)
(0 0 0)
(0 0 0)
(0 0 0)
(0 0 0)
(0 0 0)
(0 0 0)
(0 0 0)
(0 0 0)
(0 0 0)
(0 0 0)
(0 -278.2526129 0)
(0 0 0)
(0 0 0)
(0 0 0)
(0 0 0)
(0 0 0)
(353.3197652 323.8764508 0)
(285.0710901 0 7.726867338e-13)
(0 0 0)
(0 0 0)
(0 0 0)
(0 0 0)
(0 -453.2031735 0)
(0 0 0)
(0 0 0)
(0 0 0)
(0 0 0)
(0 0 0)
(0 0 0)
(0 0 0)
(0 476.9795046 0)
(0 0 0)
(0 0 0)
(0 0 0)
(0 0 0)
(0 0 0)
(0 0 0)
(0 0 0)
(0 0 0)
(0 0 0)
(0 0 0)
(0 0 0)
(0 0 0)
(0 0 0)
(0 -359.1708854 -1.06203778e-12)
(0 0 0)
(0 0 0)
(0 0 0)
(0 0 0)
(-1.272975145e-05 2139.312323 -6.325764709e-12)
(-579.8154197 0 -1.571592836e-12)
(-697.4589036 0 1.890466136e-12)
(0 0 0)
(0 0 0)
(0 0 0)
(0 0 0)
(-639.6657367 -586.3602576 -1.733817444e-12)
(0 0 0)
(0 0 0)
(0 0 0)
(0 0 0)
(0 0 0)
(0 0 0)
(0 0 0)
(0 586.6239151 -1.734597057e-12)
(0 0 0)
(0 0 0)
(0 0 0)
(0 0 0)
(0 0 0)
(0 0 0)
(0 0 0)
(0 0 0)
(0 0 0)
(0 0 0)
(0 0 0)
(0 0 0)
(0 0 0)
(0 -711.7029537 0)
(0 0 0)
(0 0 0)
(0 0 0)
(0 0 0)
(0 0 0)
(0 0 0)
(0 0 0)
(0 716.4066503 0)
(0 0 0)
(0 0 0)
(0 -561.3462829 0)
(0 0 0)
(0 0 0)
(0 0 0)
(0 0 0)
(1338.202869 2.040303467e-11 0)
(0 0 0)
(5.397743534e-12 834.4980732 0)
(-1213.837417 0 0)
(-439.2831274 0 0)
(0 0 0)
(0 0 0)
(0 0 0)
(0 0 0)
(0 0 0)
(0 0 0)
(0 0 0)
(0 0 0)
(0 0 0)
(0 0 0)
(0 0 0)
(0 0 0)
(0 0 0)
(363.3180413 0 0)
(884.8675677 -811.1286022 0)
(0 0 0)
(0 0 0)
(0 0 0)
(0 0 0)
(0 0 0)
(0 564.4287288 0)
(0 0 0)
(0 0 0)
(-581.4404777 -532.9871065 0)
(0 0 0)
(0 0 0)
(0 0 0)
(0 0 0)
(-1702.733222 -8.653626839e-12 0)
(0 0 0)
(0 0 0)
(0 0 0)
(0 0 0)
(0 398.282261 0)
(0 0 0)
(0 0 0)
(0 0 0)
(0 0 0)
(0 0 0)
(0 0 0)
(0 0 0)
(0 0 0)
(0 0 0)
(0 0 0)
(0 0 0)
(0 0 0)
(0 0 0)
(633.1531201 0 0)
(517.5767126 0 0)
(433.8421362 0 0)
(659.8150883 0 0)
(650.3710018 0 0)
(0 0 0)
(0 0 0)
(0 -740.0528151 0)
(0 0 0)
(0 0 0)
(0 0 0)
(0 0 0)
(0 0 0)
(0 0 0)
(0 0 0)
(0 0 0)
(-1.014803938e-05 1705.436112 0)
(305.7899083 0 0)
(0 0 0)
(0 0 0)
(0 0 0)
(0 0 0)
(0 0 0)
(0 0 0)
(0 0 0)
(0 0 0)
(0 0 0)
(0 0 0)
(0 0 0)
(0 0 0)
(0 0 0)
(0 0 0)
(0 0 0)
(0 0 0)
(0 0 0)
(0 0 0)
(0 0 0)
(0 0 0)
(0 0 0)
(0 -336.630655 0)
(0 0 0)
(0 0 0)
(0 0 0)
(566.593982 519.3778159 0)
(595.5609622 0 0)
(1054.179889 -966.3315628 0)
(0 0 0)
(0 0 0)
(0 0 0)
(0 352.335979 0)
(0 0 0)
(0 0 0)
(0 0 0)
(0 0 0)
(0 0 0)
(0 0 0)
(0 0 0)
(0 0 0)
(0 0 0)
(0 0 0)
(0 0 0)
(0 0 0)
(0 0 0)
(0 0 0)
(0 0 0)
(0 0 0)
(0 0 0)
(0 0 0)
(0 0 0)
(0 0 0)
(0 0 0)
(0 0 0)
(472.0687915 0 0)
(566.6015343 0 0)
(1128.88227 0 -0.0005609721533)
(0 0 0)
(0 0 0)
(0 -459.2446984 0)
(0 0 0)
(0 0 0)
(678.2788829 621.7556415 -1.838478586e-12)
(0 0 0)
(0 0 0)
(0 0 0)
(0 0 0)
(0 0 0)
(0 0 0)
(0 0 0)
(0 0 0)
(0 0 0)
(0 0 0)
(0 0 0)
(0 0 0)
(0 0 0)
(0 0 0)
(-699.355644 0 0)
(0 0 0)
(0 0 0)
(0 0 0)
(0 0 0)
(0 0 0)
(0 0 0)
(0 0 0)
(0 0 0)
(0 -388.5406188 0)
(0 0 0)
(0 294.6207968 0)
(0 0 0)
(0 -674.8701645 0)
(0 0 0)
(0 0 0)
(0 627.1362866 -1.854388696e-12)
(0 0 0)
(0 0 0)
(0 0 0)
(0 0 0)
(0 0 0)
(0 0 0)
(0 0 0)
(0 0 0)
(0 0 0)
(0 0 0)
(0 0 0)
(0 0 0)
(0 0 0)
(-736.2137273 -674.8625822 -1.995511317e-12)
(0 0 0)
(-1014.436426 929.9000553 0)
(-277.7578408 0 0)
(0 0 0)
(0 0 0)
(0 0 0)
(0 0 0)
(0 0 0)
(0 0 0)
(0 0 0)
(542.1851574 0 0)
(0 0 0)
(0 0 0)
(0 0 0)
(421.4855794 0 0)
(406.4487193 0 0)
(0 0 0)
(0 0 0)
(0 0 0)
(0 0 0)
(0 0 0)
(0 0 0)
(0 0 0)
(0 0 0)
(0 0 0)
(0 0 0)
(-222.6857126 0 0)
(0 0 0)
(0 0 0)
(0 -332.2294206 0)
(0 0 0)
(0 0 0)
(0 0 0)
(0 0 0)
(-409.0841709 374.9938246 0)
(0 0 0)
(0 0 0)
(0 0 0)
(0 0 0)
(0 0 0)
(0 0 0)
(0 0 0)
(0 0 0)
(0 0 0)
(0 0 0)
(0 0 0)
(0 0 0)
(0 0 0)
(0 0 0)
(0 0 0)
(0 0 0)
(0 0 0)
(0 0 0)
(0 0 0)
(0 0 0)
(0 0 0)
(0 -480.5751629 0)
(0 0 0)
(0 0 0)
(0 0 0)
(0 -266.5862804 0)
(0 0 0)
(0 0 0)
(0 0 0)
(0 0 0)
(0 0 0)
(-413.0837961 378.6601458 -1.119665867e-12)
(0 0 0)
(0 0 0)
(-549.2126624 0 0)
(0 0 0)
(0 0 0)
(0 0 0)
(0 0 0)
(0 0 0)
(0 0 0)
(0 0 0)
(0 0 0)
(0 0 0)
(0 0 0)
(0 0 0)
(0 0 0)
(0 0 0)
(0 0 0)
(0 0 0)
(0 0 0)
(0 0 0)
(0 0 0)
(245.1673452 0 0)
(0 0 0)
(0 0 0)
(0 0 0)
(467.2829302 -428.3426853 0)
(0 0 0)
(0 0 0)
(0 0 0)
(0 0 0)
(0 0 0)
(-902.9288339 827.6847629 0)
(0 -467.8453964 0)
(0 0 0)
(0 549.1257371 0)
(0 0 0)
(0 0 0)
(0 0 0)
(0 0 0)
(0 0 0)
(0 0 0)
(0 0 0)
(0 0 0)
(0 0 0)
(0 0 0)
(0 0 0)
(0 0 0)
(0 0 0)
(-708.0246753 0 -1.919104738e-12)
(0 0 0)
(0 0 0)
(0 0 0)
(0 0 0)
(0 0 0)
(0 0 0)
(0 0 0)
(0 -377.2522697 0)
(0 0 0)
(0 0 0)
(0 0 0)
(0 0 0)
(0 0 0)
(0 0 0)
(0 -783.9700957 0)
(0 0 0)
(-601.1178808 551.024726 0)
(0 0 0)
(0 0 0)
(0 0 0)
(0 0 0)
(0 0 0)
(0 0 0)
(0 0 0)
(0 0 0)
(0 0 0)
(0 0 0)
(0 0 0)
(-389.8259866 0 0)
(-445.9914278 -408.8254769 0)
(0 0 0)
(-751.3512771 688.7386732 0)
(0 0 0)
(0 0 0)
(0 0 0)
(0 0 0)
(0 0 0)
(0 0 0)
(0 0 0)
(561.2410191 0 0)
(615.9176748 -564.591204 0)
(0 0 0)
(0 0 0)
(0 0 0)
(0 0 0)
(-2109.432994 2.144111084e-11 0)
(0 0 0)
(0 0 0)
(-559.8170101 513.1655916 0)
(-417.6551034 0 0)
(0 0 0)
(0 0 0)
(0 0 0)
(0 0 0)
(0 0 0)
(0 0 0)
(0 0 0)
(0 0 0)
(0 -325.6683604 0)
(0 0 0)
(0 0 0)
(0 0 0)
(0 0 0)
(-648.7973181 594.7308738 0)
(-458.8714499 0 0)
(0 0 0)
(0 0 0)
(0 0 0)
(0 0 0)
(0 0 0)
(0 0 0)
(0 0 0)
(479.841464 0 0)
(349.4544466 0 0)
(712.1598348 -652.8131807 0)
(0 0 0)
(0 0 0)
(0 0 0)
(0 0 0)
(0 0 0)
(0 0 0)
(-862.422235 790.553714 0)
(0 0 0)
(0 0 0)
(0 0 0)
(0 0 0)
(0 0 0)
(0 0 0)
(0 0 0)
(0 -602.4157775 0)
(0 0 0)
(0 0 0)
(0 0 0)
(0 0 0)
(0 0 0)
(0 0 0)
(0 294.2008595 0)
(0 0 0)
(0 0 0)
(0 0 0)
(0 0 0)
(0 0 0)
(0 0 0)
(0 0 0)
(0 0 0)
(0 0 0)
(506.3230486 -464.1294604 0)
(0 0 0)
(0 0 0)
(0 0 0)
(0 0 0)
(0 0 0)
(0 0 0)
(0 285.6697432 0)
(0 0 0)
(0 0 0)
(0 0 0)
(0 0 0)
(0 0 0)
(0 0 0)
(0 -481.3396066 0)
(0 0 0)
(0 0 0)
(0 0 0)
(0 0 0)
(0 0 0)
(0 0 0)
(-601.2638998 551.1585768 0)
(0 0 0)
(0 0 0)
(0 0 0)
(0 0 0)
(0 0 0)
(0 0 0)
(0 0 0)
(0 0 0)
(0 0 0)
(0 0 0)
(454.6019008 0 0)
(663.1496912 -607.8872192 0)
(0 0 0)
(0 0 0)
(0 0 0)
(0 0 0)
(-842.2522401 772.064552 0)
(0 0 0)
(0 0 0)
(0 0 0)
(-708.7215373 0 -1.920993566e-12)
(0 0 0)
(0 0 0)
(0 0 0)
(-1221.161317 0 0)
(-1441.938911 0 0)
(-7.064695004e-06 -1187.247947 0)
(0 0 0)
(0 0 0)
(0 0 0)
(0 0 0)
(0 0 0)
(0 0 0)
(0 0 0)
(0 0 0)
(0 0 0)
(0 0 0)
(0 0 0)
(0 0 0)
(0 0 0)
(0 0 0)
(-342.4886759 0 0)
(-932.8435651 -855.1065997 0)
(0 0 0)
(0 0 0)
(0 0 0)
(0 0 0)
(0 0 0)
(0 555.8383467 0)
(0 0 0)
(0 -351.4979617 0)
(0 0 0)
(-737.2188118 675.7839096 0)
(0 0 0)
(0 -706.1447185 0)
(0 0 0)
(0 0 0)
(0 0 0)
(0 0 0)
(0 0 0)
(0 0 0)
(0 0 0)
(0 0 0)
(0 0 0)
(0 0 0)
(0 0 0)
(0 0 0)
(0 0 0)
(0 0 0)
(0 0 0)
(0 0 0)
(0 -761.9057329 0)
(0 0 0)
(0 0 0)
(0 0 0)
(0 0 0)
(0 0 0)
(0 0 0)
(0 0 0)
(-447.4633716 410.1747588 0)
(-303.1450663 0 0)
(0 -250.2465336 0)
(0 0 0)
(0 0 0)
(-751.340333 688.7286411 0)
(0 -479.8435553 0)
(0 0 0)
(0 0 0)
(0 0 0)
(0 0 0)
(0 0 0)
(0 0 0)
(0 0 0)
(0 0 0)
(0 0 0)
(0 0 0)
(0 0 0)
(0 0 0)
(0 0 0)
(0 0 0)
(0 0 0)
(0 0 0)
(-506.2545748 -464.0666928 0)
(0 0 0)
(0 0 0)
(0 0 0)
(0 0 0)
(0 0 0)
(0 0 0)
(0 0 0)
(0 0 0)
(0 0 0)
(-1826.34862 0 0)
(0 0 0)
(0 0 0)
(0 0 0)
(0 656.8185717 0)
(0 0 0)
(0 0 0)
(0 0 0)
(0 0 0)
(0 0 0)
(0 0 0)
(0 0 0)
(0 0 0)
(0 0 0)
(0 0 0)
(0 0 0)
(0 0 0)
(0 0 0)
(0 0 0)
(0 0 0)
(0 -485.7982931 0)
(0 0 0)
(0 0 0)
(0 0 0)
(0 0 0)
(0 0 0)
(0 0 0)
(0 0 0)
(0 0 0)
(0 0 0)
(2285.309489 2.32287893e-11 0)
(0 0 0)
(0 0 0)
(0 0 0)
(0 0 0)
(-1494.051021 7.593062679e-12 0)
(0 0 0)
(0 0 0)
(0 0 0)
(0 0 0)
(0 0 0)
(0 0 0)
(0 0 0)
(0 0 0)
(0 0 0)
(0 0 0)
(0 0 0)
(0 0 0)
(0 0 0)
(0 0 0)
(0 0 0)
(0 -489.0134994 -1.445971354e-12)
(0 0 0)
(0 0 0)
(0 0 0)
(0 0 0)
(0 0 0)
(820.5508546 752.1716153 -2.224107536e-12)
(409.8188244 0 0)
(351.3822543 0 0)
(476.464349 0 0)
(0 -322.4697304 0)
(0 0 0)
(0 0 0)
(0 0 0)
(0 0 0)
(0 0 0)
(0 0 0)
(0 0 0)
(0 0 0)
(0 0 0)
(0 0 0)
(0 0 0)
(974.184202 893.0021836 0)
(0 0 0)
(0 0 0)
(0 0 0)
(0 0 0)
(0 0 0)
(0 0 0)
(0 0 0)
(0 0 0)
(0 0 0)
(476.6498918 -436.9290691 0)
(0 0 0)
(0 0 0)
(0 0 0)
(402.2343192 368.7147939 0)
(0 0 0)
(0 0 0)
(0 0 0)
(0 0 0)
(0 -293.2969988 0)
(0 0 0)
(0 0 0)
(0 0 0)
(0 0 0)
(0 0 0)
(0 0 0)
(0 0 0)
(0 0 0)
(0 0 0)
(0 0 0)
(824.2062272 755.5223777 0)
(-364.322698 0 0)
(0 0 0)
(0 0 0)
(0 0 0)
(0 0 0)
(0 0 0)
(0 0 0)
(0 0 0)
(0 0 0)
(0 0 0)
(0 0 0)
(732.2732838 -671.2505089 0)
(0 0 0)
(1105.719538 1013.576242 0)
(0 0 0)
(0 0 0)
(0 0 0)
(0 0 0)
(0 0 0)
(0 -569.1893614 0)
(0 0 0)
(0 0 0)
(0 0 0)
(0 0 0)
(0 0 0)
(0 0 0)
(0 0 0)
(0 0 0)
(0 0 0)
(0 0 0)
(-1948.769078 9.573895422e-12 0)
(0 0 0)
(0 0 0)
(0 0 0)
(0 0 0)
(0 0 0)
(0 0 0)
(0 0 0)
(0 0 0)
(0 0 0)
(0 0 0)
(0 0 0)
(0 0 0)
(565.2184703 0 0)
(0 0 0)
(-367.96541 0 0)
(0 0 0)
(0 0 0)
(0 0 0)
(0 0 0)
(0 0 0)
(444.1977395 -407.1812605 0)
(0 0 0)
(0 0 0)
(0 0 0)
(0 0 0)
(0 0 0)
(0 0 0)
(0 0 0)
(0 0 0)
(1083.530351 -0.00104321886 0)
(0 0 0)
(0 0 0)
(0 0 0)
(0 0 0)
(0 0 0)
(0 0 0)
(0 0 0)
(0 0 0)
(0 0 0)
(0 0 0)
(0 0 0)
(0 0 0)
(0 0 0)
(0 0 0)
(0 -641.2876365 0)
(0 0 0)
(-619.4309444 567.811698 0)
(0 0 0)
(0 0 0)
(0 0 0)
(0 0 0)
(0 0 0)
(247.1945927 0 0)
(649.8300411 0 0)
(586.4185031 0 0)
(-5.150415878e-06 -865.5578677 0)
(0 0 0)
(0 0 0)
(0 0 0)
(0 0 0)
(0 0 0)
(0 0 0)
(0 0 0)
(0 0 0)
(0 0 0)
(0 0 0)
(0 0 0)
(0 0 0)
(0 0 0)
(0 0 0)
(0 0 0)
(0 0 0)
(0 0 0)
(0 0 0)
(0 0 0)
(0 -354.5732151 0)
(0 0 0)
(0 0 0)
(0 277.6778915 0)
(0 0 0)
(0 0 0)
(0 0 0)
(0 0 0)
(0 0 0)
(0 0 0)
(-486.7589364 -446.1956909 0)
(0 0 0)
(0 0 0)
(0 0 0)
(0 0 0)
(0 0 0)
(0 0 0)
(0 0 0)
(0 0 0)
(0 0 0)
(0 0 0)
(0 0 0)
(0 0 0)
(0 0 0)
(0 0 0)
(0 0 0)
(0 0 0)
(0 0 0)
(0 0 0)
(0 0 0)
(0 0 0)
(0 -242.5904608 0)
(0 0 0)
(412.8766156 378.4702302 0)
(0 0 0)
(0 0 0)
(0 0 0)
(0 0 0)
(0 0 0)
(0 0 0)
(0 -412.3293395 0)
(0 0 0)
(0 0 0)
(0 0 0)
(0 0 0)
(509.1924697 466.7597631 0)
(397.7918524 -364.6425307 0)
(0 0 0)
(0 0 0)
(0 0 0)
(0 0 0)
(0 0 0)
(0 0 0)
(0 0 0)
(0 0 0)
(0 0 0)
(0 0 0)
(0 0 0)
(0 0 0)
(0 0 0)
(0 0 0)
(0 0 0)
(0 0 0)
(556.4875907 0 0)
(0 0 0)
(0 0 0)
(0 0 0)
(0 0 0)
(0 0 0)
(0 0 0)
(0 0 0)
(0 -510.3468554 0)
(0 0 0)
(0 0 0)
(0 0 0)
(0 0 0)
(0 447.968784 0)
(0 0 0)
(528.120572 -484.110526 0)
(0 0 0)
(0 0 0)
(0 0 0)
(0 0 0)
(0 0 0)
(0 0 0)
(0 0 0)
(0 0 0)
(0 0 0)
(0 0 0)
(0 0 0)
(0 0 0)
(0 0 0)
(0 0 0)
(0 0 0)
(0 0 0)
(0 0 0)
(0 0 0)
(0 0 0)
(0 0 0)
(0 0 0)
(0 0 0)
(0 0 0)
(0 -543.9293525 0)
(0 0 0)
(0 0 0)
(0 0 0)
(0 0 0)
(0 715.3496784 -2.115228221e-12)
(0 0 0)
(0 0 0)
(468.9672376 0 0)
(460.8235907 0 0)
(0 0 0)
(0 0 0)
(0 0 0)
(0 0 0)
(0 0 0)
(0 0 0)
(0 0 0)
(0 0 0)
(0 0 0)
(0 0 0)
(0 0 0)
(0 0 0)
(0 0 0)
(0 0 0)
(0 0 0)
(0 0 0)
(0 0 0)
(0 0 0)
(0 0 0)
(0 0 0)
(0 0 0)
(0 0 0)
(226.6751808 0 0)
(691.710324 0 0)
(348.8638013 0 0)
(480.3053946 0 0)
(0 0 0)
(0 0 0)
(0 0 0)
(0 0 0)
(0 0 0)
)
;

boundaryField
{
    walls
    {
        type            calculated;
        value           uniform (0 0 0);
    }
    wallFilmFace_top
    {
        type            calculated;
        value           uniform (0 0 0);
    }
    region0_to_wallFilmRegion_wallFilmFace
    {
        type            calculated;
        value           uniform (0 0 0);
    }
    mirrorFace_top
    {
        type            calculated;
        value           nonuniform List<vector> 0();
    }
    region0_to_wallFilmRegion_mirrorFace
    {
        type            calculated;
        value           nonuniform List<vector> 0();
    }
    procBoundary1to0
    {
        type            processor;
        value           uniform (0 0 0);
    }
    procBoundary1to2
    {
        type            processor;
        value           uniform (0 0 0);
    }
}


// ************************************************************************* //
