/*--------------------------------*- C++ -*----------------------------------*\
  =========                 |
  \\      /  F ield         | OpenFOAM: The Open Source CFD Toolbox
   \\    /   O peration     | Website:  https://openfoam.org
    \\  /    A nd           | Version:  8
     \\/     M anipulation  |
\*---------------------------------------------------------------------------*/
FoamFile
{
    version     2.0;
    format      ascii;
    class       volScalarField;
    location    "0.4/wallFilmRegion";
    object      Cp;
}
// * * * * * * * * * * * * * * * * * * * * * * * * * * * * * * * * * * * * * //

dimensions      [0 2 -2 -1 0 0 0];

internalField   nonuniform List<scalar> 
1369
(
4182.948097
4182.948097
4182.948098
4182.948098
4182.948098
4182.948098
4182.948098
4182.948097
4182.948097
4182.948097
4182.948097
4182.948098
4182.948098
4182.948098
4182.948098
4182.948098
4182.948098
4182.948098
4182.948097
4182.948097
4182.948097
4182.948097
4182.948098
4182.948098
4182.948098
4182.948098
4182.948098
4182.948098
4182.948098
4182.948097
4182.948097
4182.948098
4182.948097
4182.948097
4182.948097
4182.948098
4182.948098
4182.948098
4182.948098
4182.948098
4182.948098
4182.948098
4182.948097
4182.948097
4182.948096
4182.948096
4182.948096
4182.948096
4182.948098
4182.948097
4182.948097
4182.948097
4182.948098
4182.948098
4182.948098
4182.948098
4182.948098
4182.948098
4182.948098
4182.948097
4182.948097
4182.948096
4182.948096
4182.948096
4182.948097
4182.948098
4182.948095
4182.948098
4182.948097
4182.948097
4182.948098
4182.948098
4182.948098
4182.948098
4182.948098
4182.948098
4182.948098
4182.948098
4182.948097
4182.948096
4182.948095
4182.948096
4182.948097
4182.948098
4182.948098
4182.948095
4182.948093
4182.948091
4182.948092
4182.948094
4182.948098
4182.948097
4182.948098
4182.948098
4182.948098
4182.948098
4182.948098
4182.948098
4182.948098
4182.948098
4182.948098
4182.948098
4182.948097
4182.948096
4182.948096
4182.948097
4182.948098
4182.948098
4182.948096
4182.948095
4182.948092
4182.948091
4182.948093
4182.948093
4182.948092
4182.948098
4182.948098
4182.948098
4182.948098
4182.948098
4182.948098
4182.948098
4182.948098
4182.948098
4182.948098
4182.948098
4182.948098
4182.948098
4182.948098
4182.948098
4182.948098
4182.948098
4182.948098
4182.948097
4182.948096
4182.948094
4182.948093
4182.948094
4182.948095
4182.948095
4182.948094
4182.948098
4182.948098
4182.948098
4182.948098
4182.948098
4182.948098
4182.948098
4182.948098
4182.948098
4182.948098
4182.948098
4182.948098
4182.948098
4182.948098
4182.948098
4182.948098
4182.948098
4182.948098
4182.948097
4182.948096
4182.948095
4182.948094
4182.948093
4182.948094
4182.948095
4182.948096
4182.948098
4182.948098
4182.948098
4182.948098
4182.948098
4182.948099
4182.948099
4182.948099
4182.948098
4182.948097
4182.948098
4182.948098
4182.948098
4182.948098
4182.948098
4182.948098
4182.948098
4182.948098
4182.948097
4182.948097
4182.948096
4182.948094
4182.948093
4182.948092
4182.948093
4182.948095
4182.948095
4182.948098
4182.948098
4182.948098
4182.948098
4182.948099
4182.948099
4182.948099
4182.948099
4182.948098
4182.948098
4182.948098
4182.948098
4182.948098
4182.948098
4182.948098
4182.948098
4182.948098
4182.948098
4182.948097
4182.948097
4182.948096
4182.948095
4182.948092
4182.948088
4182.948087
4182.948089
4182.948091
4182.948098
4182.948098
4182.948098
4182.948099
4182.948099
4182.948099
4182.948099
4182.948099
4182.948098
4182.948098
4182.948098
4182.948098
4182.948098
4182.948098
4182.948098
4182.948098
4182.948098
4182.948098
4182.948098
4182.948098
4182.948097
4182.948097
4182.948095
4182.948093
4182.948092
4182.948091
4182.948092
4182.948098
4182.948098
4182.948098
4182.948098
4182.948098
4182.948098
4182.948098
4182.948098
4182.948098
4182.948098
4182.948098
4182.948098
4182.948098
4182.948098
4182.948098
4182.948098
4182.948098
4182.948097
4182.948098
4182.948098
4182.948098
4182.948098
4182.948098
4182.948098
4182.948098
4182.948097
4182.948097
4182.948096
4182.948098
4182.948098
4182.948098
4182.948098
4182.948098
4182.948098
4182.948098
4182.948098
4182.948098
4182.948098
4182.948097
4182.948096
4182.948094
4182.948092
4182.948091
4182.948092
4182.948095
4182.948098
4182.948097
4182.948097
4182.948097
4182.948096
4182.948093
4182.948089
4182.948048
4182.945756
4182.945708
4182.945699
4182.947047
4182.948098
4182.948098
4182.948098
4182.948098
4182.948098
4182.948098
4182.948098
4182.948098
4182.948098
4182.948098
4182.948097
4182.948096
4182.948093
4182.948091
4182.948093
4182.948096
4182.948098
4182.948098
4182.948096
4182.948096
4182.948094
4182.948091
4182.948084
4182.94796
4182.945675
4182.945829
4182.948099
4182.947589
4182.948091
4182.948098
4182.948098
4182.948098
4182.948098
4182.948098
4182.948098
4182.948098
4182.948098
4182.948098
4182.948098
4182.948097
4182.948096
4182.948093
4182.948091
4182.948094
4182.948097
4182.948098
4182.948098
4182.948096
4182.948092
4182.948086
4182.948066
4182.947379
4182.945955
4182.948099
4182.946708
4182.94581
4182.948081
4182.948094
4182.948098
4182.948098
4182.948098
4182.948098
4182.948098
4182.948098
4182.948098
4182.948098
4182.948098
4182.948098
4182.948097
4182.948095
4182.948092
4182.948092
4182.948094
4182.948097
4182.948098
4182.948098
4182.948096
4182.948072
4182.947915
4182.945723
4182.948099
4182.945832
4182.948075
4182.948106
4182.948104
4182.947403
4182.945701
4182.94573
4182.945717
4182.945721
4182.945726
4182.945671
4182.948098
4182.948098
4182.948098
4182.948098
4182.948098
4182.948098
4182.948098
4182.948098
4182.948098
4182.948097
4182.948097
4182.948095
4182.948092
4182.948091
4182.948094
4182.948097
4182.948098
4182.948098
4182.948096
4182.946129
4182.945673
4182.948099
4182.948099
4182.948099
4182.945747
4182.948106
4182.947839
4182.948099
4182.948099
4182.948099
4182.948099
4182.948099
4182.948099
4182.945726
4182.948098
4182.948098
4182.948098
4182.948098
4182.948098
4182.948098
4182.948098
4182.948098
4182.948098
4182.948098
4182.948098
4182.948098
4182.948098
4182.948098
4182.948093
4182.948096
4182.948098
4182.948098
4182.948096
4182.945424
4182.948099
4182.948099
4182.948099
4182.948099
4182.94616
4182.948028
4182.945719
4182.945716
4182.945693
4182.945695
4182.945702
4182.945715
4182.945721
4182.945685
4182.948098
4182.948098
4182.948098
4182.948098
4182.948098
4182.948098
4182.948098
4182.948098
4182.948098
4182.948098
4182.948098
4182.948098
4182.948098
4182.948097
4182.948091
4182.948096
4182.948097
4182.948098
4182.948096
4182.94533
4182.948099
4182.948099
4182.948099
4182.946869
4182.948089
4182.948095
4182.948096
4182.948096
4182.948095
4182.948092
4182.948088
4182.948083
4182.94808
4182.948098
4182.948098
4182.948098
4182.948098
4182.948098
4182.948098
4182.948098
4182.948098
4182.948098
4182.948097
4182.948097
4182.948097
4182.948097
4182.948096
4182.948081
4182.948094
4182.948097
4182.948097
4182.948096
4182.945318
4182.948099
4182.948099
4182.948099
4182.948099
4182.94604
4182.948068
4182.948093
4182.948095
4182.948095
4182.948095
4182.948094
4182.948092
4182.948097
4182.948097
4182.948097
4182.948098
4182.948098
4182.948098
4182.948098
4182.948098
4182.948098
4182.948097
4182.948096
4182.948097
4182.948097
4182.948092
4182.948008
4182.948066
4182.948093
4182.948096
4182.948095
4182.945321
4182.948099
4182.948099
4182.948099
4182.948099
4182.948099
4182.945699
4182.947724
4182.948077
4182.94809
4182.948092
4182.948092
4182.948091
4182.948097
4182.948097
4182.948098
4182.948098
4182.948098
4182.948098
4182.948098
4182.948098
4182.948098
4182.948097
4182.948095
4182.948096
4182.948095
4182.948082
4182.947961
4182.947527
4182.947874
4182.948079
4182.948089
4182.945321
4182.945331
4182.945338
4182.94538
4182.945479
4182.94559
4182.945663
4182.945669
4182.945698
4182.946891
4182.947879
4182.948038
4182.948059
4182.948097
4182.948098
4182.948098
4182.948098
4182.948097
4182.948097
4182.948097
4182.948098
4182.948097
4182.948096
4182.948095
4182.948095
4182.948092
4182.948069
4182.947982
4182.947694
4182.947221
4182.946198
4182.947993
4182.947557
4182.947508
4182.947816
4182.94799
4182.948064
4182.948085
4182.948087
4182.948078
4182.946786
4182.945692
4182.945681
4182.945687
4182.948098
4182.948098
4182.948098
4182.948098
4182.948098
4182.948097
4182.948097
4182.948097
4182.948097
4182.948096
4182.948093
4182.948093
4182.948088
4182.948066
4182.948009
4182.947872
4182.947585
4182.946726
4182.94737
4182.947481
4182.947805
4182.947962
4182.948036
4182.94807
4182.948084
4182.948088
4182.948091
4182.948093
4182.948094
4182.948092
4182.948063
4182.948098
4182.948098
4182.948098
4182.948098
4182.948098
4182.948098
4182.948098
4182.948097
4182.948096
4182.948095
4182.948093
4182.948091
4182.948086
4182.948069
4182.94803
4182.947942
4182.947729
4182.947039
4182.947421
4182.94782
4182.94797
4182.948034
4182.948065
4182.94808
4182.948087
4182.948091
4182.948093
4182.948094
4182.948094
4182.948093
4182.948074
4182.948098
4182.948098
4182.948098
4182.948098
4182.948098
4182.948098
4182.948098
4182.948098
4182.948096
4182.948095
4182.948093
4182.948091
4182.948086
4182.948074
4182.948048
4182.947988
4182.947843
4182.947699
4182.947925
4182.948027
4182.948059
4182.948075
4182.948083
4182.948088
4182.948091
4182.948092
4182.948093
4182.948093
4182.948093
4182.94808
4182.945732
4182.948098
4182.948098
4182.948098
4182.948098
4182.948098
4182.948099
4182.948099
4182.948099
4182.948097
4182.948097
4182.948096
4182.948092
4182.948088
4182.948082
4182.948067
4182.94803
4182.94793
4182.947834
4182.947918
4182.94806
4182.948073
4182.94808
4182.948085
4182.948088
4182.94809
4182.948091
4182.948091
4182.94809
4182.948052
4182.945693
4182.948099
4182.948098
4182.948098
4182.948098
4182.948098
4182.948098
4182.948098
4182.948099
4182.948099
4182.948097
4182.948097
4182.948096
4182.948093
4182.948092
4182.94809
4182.948086
4182.94806
4182.94797
4182.947797
4182.94524
4182.947931
4182.948035
4182.948061
4182.948072
4182.948078
4182.948081
4182.948081
4182.94806
4182.947499
4182.94582
4182.948099
4182.948099
4182.948098
4182.948097
4182.948098
4182.948098
4182.948098
4182.948098
4182.948098
4182.948098
4182.948096
4182.948096
4182.948095
4182.948096
4182.948097
4182.948097
4182.948097
4182.948079
4182.948019
4182.94779
4182.945009
4182.945327
4182.946145
4182.947128
4182.947475
4182.947511
4182.947243
4182.946204
4182.945674
4182.948099
4182.948099
4182.948099
4182.948099
4182.948098
4182.948097
4182.948097
4182.948098
4182.948098
4182.948098
4182.948098
4182.948098
4182.948096
4182.948096
4182.948097
4182.948097
4182.948098
4182.948098
4182.948097
4182.948088
4182.948057
4182.947799
4182.945168
4182.948099
4182.948099
4182.945584
4182.945702
4182.948099
4182.948099
4182.948099
4182.945642
4182.945604
4182.945603
4182.945608
4182.945509
4182.948098
4182.948098
4182.948098
4182.948098
4182.948099
4182.948098
4182.948098
4182.948098
4182.948097
4182.948096
4182.948097
4182.948098
4182.948098
4182.948097
4182.948096
4182.948092
4182.948076
4182.947825
4182.94538
4182.948099
4182.948099
4182.948099
4182.948099
4182.948099
4182.948099
4182.945657
4182.947696
4182.948081
4182.94808
4182.948046
4182.948057
4182.948098
4182.948098
4182.948098
4182.948099
4182.948099
4182.948099
4182.948098
4182.948098
4182.948097
4182.948096
4182.948097
4182.948098
4182.948097
4182.948097
4182.948096
4182.948094
4182.948084
4182.947871
4182.94561
4182.945673
4182.945696
4182.945705
4182.9457
4182.948099
4182.945644
4182.947995
4182.948089
4182.948089
4182.948077
4182.948047
4182.948054
4182.948098
4182.948098
4182.948098
4182.948099
4182.948099
4182.948098
4182.948098
4182.948098
4182.948098
4182.948098
4182.948098
4182.948098
4182.948098
4182.948098
4182.948097
4182.948096
4182.948094
4182.948094
4182.948096
4182.948097
4182.948097
4182.948097
4182.948096
4182.948069
4182.948034
4182.948092
4182.948093
4182.948092
4182.948089
4182.948084
4182.948083
4182.948098
4182.948098
4182.948098
4182.948098
4182.948098
4182.948098
4182.948098
4182.948098
4182.948098
4182.948098
4182.948098
4182.948098
4182.948098
4182.948098
4182.948097
4182.948096
4182.948096
4182.948097
4182.948097
4182.948097
4182.948097
4182.948097
4182.948096
4182.948063
4182.948073
4182.948093
4182.948094
4182.948094
4182.948094
4182.948093
4182.948092
4182.948097
4182.948098
4182.948098
4182.948098
4182.948098
4182.948098
4182.948098
4182.948098
4182.948098
4182.948098
4182.948098
4182.948098
4182.948098
4182.948098
4182.948098
4182.948097
4182.948097
4182.948097
4182.948097
4182.948097
4182.948097
4182.948097
4182.948094
4182.946784
4182.948087
4182.948093
4182.948095
4182.948095
4182.948095
4182.948095
4182.948095
4182.948097
4182.948097
4182.948097
4182.948098
4182.948098
4182.948098
4182.948098
4182.948098
4182.948098
4182.948098
4182.948098
4182.948098
4182.948098
4182.948098
4182.948098
4182.948097
4182.948097
4182.948097
4182.948097
4182.948097
4182.948097
4182.948095
4182.947905
4182.948085
4182.948095
4182.948073
4182.948094
4182.948095
4182.948095
4182.948096
4182.948096
4182.948097
4182.948096
4182.948097
4182.948097
4182.948098
4182.948098
4182.948098
4182.948098
4182.948098
4182.948098
4182.948098
4182.948098
4182.948098
4182.948098
4182.948098
4182.948098
4182.948098
4182.948098
4182.948097
4182.948097
4182.948096
4182.94809
4182.948057
4182.948095
4182.948097
4182.94534
4182.94808
4182.948093
4182.948095
4182.948095
4182.948096
4182.948097
4182.948096
4182.948096
4182.948097
4182.948097
4182.948097
4182.948097
4182.948098
4182.948098
4182.948098
4182.948098
4182.948098
4182.948098
4182.948098
4182.948098
4182.948098
4182.948098
4182.948098
4182.948097
4182.948097
4182.948095
4182.948091
4182.948091
4182.948096
4182.948097
4182.948102
4182.947791
4182.948061
4182.948093
4182.948094
4182.948095
4182.948097
4182.948095
4182.948096
4182.948096
4182.948097
4182.948097
4182.948097
4182.948097
4182.948098
4182.948098
4182.948098
4182.948098
4182.948098
4182.948098
4182.948098
4182.948098
4182.948098
4182.948097
4182.948097
4182.948096
4182.948094
4182.948094
4182.948094
4182.948096
4182.948096
4182.948102
4182.945285
4182.944131
4182.948017
4182.948092
4182.948094
4182.948097
4182.948095
4182.948095
4182.948096
4182.948096
4182.948096
4182.948097
4182.948097
4182.948097
4182.948098
4182.948098
4182.948098
4182.948098
4182.948098
4182.948098
4182.948098
4182.948097
4182.948096
4182.948096
4182.948096
4182.948096
4182.948096
4182.948095
4182.948096
4182.948095
4182.948101
4182.945373
4182.948099
4182.945444
4182.947688
4182.948087
4182.948097
4182.948095
4182.948095
4182.948095
4182.948096
4182.948096
4182.948096
4182.948097
4182.948097
4182.948098
4182.948098
4182.948098
4182.948098
4182.948098
4182.948098
4182.948097
4182.94807
4182.948088
4182.948096
4182.948096
4182.948096
4182.948096
4182.948094
4182.948096
4182.948097
4182.948103
4182.947633
4182.945249
4182.948099
4182.948099
4182.945781
4182.948097
4182.948095
4182.948095
4182.948095
4182.948096
4182.948096
4182.948096
4182.948096
4182.948097
4182.948097
4182.948098
4182.948098
4182.948098
4182.948098
4182.948098
4182.948097
4182.94806
4182.948088
4182.948096
4182.948096
4182.948096
4182.948095
4182.948089
4182.948095
4182.948097
4182.948101
4182.946516
4182.945489
4182.948099
4182.948099
4182.945557
4182.948097
4182.948095
4182.948095
4182.948095
4182.948096
4182.948096
4182.948096
4182.948096
4182.948096
4182.948097
4182.948097
4182.948097
4182.948098
4182.948097
4182.948097
4182.948096
4182.948023
4182.948082
4182.948094
4182.948095
4182.948095
4182.948092
4182.947791
4182.948095
4182.9481
4182.948102
4182.947783
4182.945296
4182.948099
4182.945549
4182.947211
4182.948097
4182.948096
4182.948096
4182.948096
4182.948095
4182.948095
4182.948095
4182.948095
4182.948096
4182.948096
4182.948097
4182.948097
4182.948097
4182.948097
4182.948096
4182.948095
4182.947228
4182.947318
4182.948089
4182.948092
4182.948092
4182.948088
4182.94806
4182.948093
4182.948097
4182.948102
4182.946751
4182.945193
4182.948099
4182.945526
4182.947966
4182.948097
4182.948096
4182.948096
4182.948096
4182.948095
4182.948095
4182.948095
4182.948095
4182.948095
4182.948096
4182.948096
4182.948096
4182.948097
4182.948096
4182.948095
4182.948094
4182.946323
4182.946332
4182.948079
4182.948086
4182.948085
4182.948075
4182.948028
4182.948092
4182.948091
4182.948102
4182.944877
4182.945092
4182.94524
4182.947083
4182.948073
4182.948097
4182.948096
4182.948096
4182.948096
4182.948096
4182.948095
4182.948095
4182.948094
4182.948094
4182.948095
4182.948095
4182.948096
4182.948096
4182.948095
4182.948092
4182.94809
4182.946042
4182.945659
4182.948054
4182.948067
4182.948062
4182.948034
4182.947982
4182.948084
4182.948078
4182.948099
4182.944955
4182.94508
4182.945174
4182.947339
4182.948085
4182.948098
4182.948098
4182.948098
4182.948098
4182.948098
4182.948098
4182.948098
4182.948098
4182.948098
4182.948098
4182.948098
4182.948098
4182.948098
4182.948098
4182.948097
4182.948098
4182.948098
4182.948098
4182.948098
4182.948098
4182.948098
4182.948097
4182.948097
4182.948097
4182.948098
4182.948096
4182.948097
4182.948097
4182.948097
4182.948098
4182.948097
)
;

boundaryField
{
    walls
    {
        type            zeroGradient;
    }
    wallFilmFace_top
    {
        type            zeroGradient;
    }
    region0_to_wallFilmRegion_wallFilmFace
    {
        type            zeroGradient;
    }
    mirrorFace_top
    {
        type            zeroGradient;
    }
    region0_to_wallFilmRegion_mirrorFace
    {
        type            zeroGradient;
    }
    procBoundary1to0
    {
        type            processor;
        value           nonuniform List<scalar> 
52
(
4182.948097
4182.948098
4182.948098
4182.948098
4182.948098
4182.948098
4182.948098
4182.948098
4182.948098
4182.948098
4182.948098
4182.948097
4182.948097
4182.948097
4182.948097
4182.948097
4182.948097
4182.948096
4182.948096
4182.948095
4182.948097
4182.948097
4182.948096
4182.948094
4182.948094
4182.948094
4182.948095
4182.948095
4182.948094
4182.948094
4182.948093
4182.948089
4182.948089
4182.948093
4182.948095
4182.948095
4182.948096
4182.948093
4182.948092
4182.948092
4182.948095
4182.948095
4182.948085
4182.948094
4182.948095
4182.948095
4182.948094
4182.94809
4182.94808
4182.948057
4182.945545
4182.945597
)
;
    }
    procBoundary1to2
    {
        type            processor;
        value           nonuniform List<scalar> 
33
(
4182.945591
4182.94808
4182.94808
4182.948091
4182.948091
4182.94809
4182.948058
4182.945698
4182.945698
4182.945723
4182.945738
4182.948099
4182.948099
4182.948099
4182.948099
4182.945453
4182.948065
4182.948061
4182.948083
4182.948092
4182.948095
4182.948096
4182.948096
4182.948096
4182.948095
4182.948093
4182.948052
4182.947988
4182.94807
4182.948083
4182.948091
4182.948094
4182.948098
)
;
    }
}


// ************************************************************************* //
