/*--------------------------------*- C++ -*----------------------------------*\
  =========                 |
  \\      /  F ield         | OpenFOAM: The Open Source CFD Toolbox
   \\    /   O peration     | Website:  https://openfoam.org
    \\  /    A nd           | Version:  8
     \\/     M anipulation  |
\*---------------------------------------------------------------------------*/
FoamFile
{
    version     2.0;
    format      ascii;
    class       volVectorField;
    location    "0.5/wallFilmRegion";
    object      U;
}
// * * * * * * * * * * * * * * * * * * * * * * * * * * * * * * * * * * * * * //

dimensions      [0 1 -1 0 0 0 0];

internalField   nonuniform List<vector> 
1342
(
(5.301584647 2.661228667 -11.50800977)
(0.007050812219 -0.009088062601 -11.44291818)
(0.05558057212 0.3516947729 -11.7419221)
(-0.05839154735 1.112954465 -12.0684462)
(0.1388127176 -0.5538390099 -4.955782525)
(-0.6060001459 0.7821102624 -0.01948679044)
(-0.6437561481 0.5215321651 -1.888525245)
(-7.047211888 -0.01142909638 -9.408699446)
(-6.288331659 -0.01259976529 -9.939365245)
(-5.406474421 -0.01396174601 -10.50913238)
(-4.394023728 -0.01558322584 -11.18756756)
(-3.201440588 -0.01761091937 -12.10533353)
(-1.602115652 -0.0207495168 -13.53360001)
(1.527757284 -0.02186695523 -13.25162165)
(1.894554777 -0.01761518811 -10.42638865)
(-0.374843984 -0.006353097272 -4.113896588)
(-0.7017220192 0.06108464597 -3.279224026)
(-0.6984214718 0.1794654341 -3.561240734)
(2.079755371 0.5211925496 -10.87393179)
(0.09312678927 -1.09395346 -10.98857688)
(0.470531551 -0.2275912173 -10.91104352)
(0.4594648946 1.159446037 -11.02262178)
(0.0412779164 1.75040391 -10.8058144)
(-1.007721292 1.730637635 -9.853340638)
(-1.037611953 1.161700501 -8.372169051)
(-7.808483799 0.4729296991 -8.401271423)
(-6.932985575 0.4764624642 -8.797383781)
(-5.949299605 0.5010446266 -9.220338647)
(-4.848802565 0.5163541241 -9.745167426)
(-3.573810328 0.5795267962 -10.4959854)
(-1.872495995 0.6412141272 -11.70027289)
(0.9388613007 0.5906430739 -11.09650854)
(0.2857215965 0.4342744755 -8.54189453)
(-0.8396778537 0.346692168 -7.179100711)
(-0.6907751536 0.2934709397 -5.542533892)
(-0.6535648764 0.3575497018 -5.349497582)
(2.526147784 -2.222955214 -10.13268838)
(0.09442472732 -3.423369102 -10.1224871)
(1.316290531 -2.57756303 -9.733229284)
(2.482873276 -0.5750480811 -9.556297082)
(2.530969833 1.322981956 -9.556226134)
(1.921102095 2.220083378 -9.71398158)
(-0.4738600907 2.716010337 -7.649672014)
(-6.611814199 1.879372595 -7.404881881)
(-5.607180174 1.966850982 -7.75379794)
(-4.440518501 2.08302619 -8.227656032)
(-2.956183823 2.211623299 -8.786009574)
(-1.555243051 2.048186194 -8.070288981)
(-1.728571963 1.834991261 -7.305081302)
(-1.823126948 1.736703616 -6.925646174)
(-0.9797383668 1.552715265 -5.940882402)
(-11.03912967 -3.623441211 -6.885861463)
(-10.10172428 -3.771877009 -7.217501802)
(-8.96895412 -4.011081039 -7.692672393)
(-7.586192749 -4.505018378 -8.573427597)
(-5.591889154 -5.666102793 -10.85608263)
(-1.525390832 -5.544193427 -10.55005404)
(0.3997059108 -4.538509722 -8.658477589)
(0.5296397071 -4.085975939 -7.956316366)
(0.04397252513 -5.64481791 -8.812790879)
(3.36118637 -2.686814901 -7.722091155)
(2.617225242 3.960742955 -8.198064243)
(1.402043964 5.009276956 -8.662400444)
(-1.174194198 4.322180397 -6.911456326)
(-13.39563823 -4.028616744 -4.40384917)
(-12.60091606 -4.211635237 -4.57589091)
(-11.64278577 -4.427615716 -4.780749133)
(-10.42549358 -4.627019921 -5.040513953)
(-8.808055133 -4.840405035 -5.24681406)
(-6.8724472 -5.009337902 -5.460455169)
(-4.829390182 -5.298095345 -5.766729381)
(-2.766253682 -5.984618011 -6.110650677)
(-1.311245298 -7.03506675 -7.15274265)
(3.525270082 -3.625014077 -5.190568162)
(3.100001161 4.983558412 -6.12050677)
(1.44427334 6.680313605 -7.239171052)
(-14.89211333 -3.748768517 -2.37833559)
(-14.0327303 -3.902122377 -2.483253948)
(-13.07002002 -4.085768919 -2.587070289)
(-11.98341446 -4.278838769 -2.731644664)
(-10.73830467 -4.520225922 -2.890433009)
(-9.282408369 -4.812330474 -3.096734237)
(-7.529814563 -5.212245034 -3.348570083)
(-5.427505133 -5.986124572 -3.199125684)
(-2.019023584 -5.918836944 -1.657858501)
(2.39001815 -4.479596595 -3.07115564)
(3.9485577 -1.929695542 -2.335344834)
(3.671944363 1.775015139 -1.943826157)
(3.201172769 4.217997354 -2.926253056)
(-15.20956607 4.122051998 -2.01531982)
(-14.49958545 4.341156297 -2.126066176)
(-13.64803656 4.574685466 -2.230346974)
(-12.63791311 4.822646754 -2.340448653)
(-11.43711024 5.094519189 -2.459762792)
(-9.994706263 5.400255026 -2.601923178)
(-8.220154172 5.75795088 -2.830489757)
(-5.811258791 6.589903529 -2.598192057)
(-2.331068084 7.524262461 -3.166738958)
(5.61670715 2.147263979 -11.35809917)
(3.554163061 2.170683556 -11.30545929)
(3.201990773 1.61367137 -11.06174711)
(0.9570752958 0.6040098553 -11.00537038)
(-0.9246489042 -0.9275203345 -11.3984304)
(-0.6251827697 -0.816167652 -11.45192095)
(0.1726087186 0.1256842633 -11.38153343)
(0.03493183681 0.5262521557 -11.89714449)
(-0.027866202 -0.1153926866 -11.42833926)
(-0.008885092462 0.1139476239 -11.59032578)
(-0.231083342 1.41227334 -11.50535196)
(-0.0758668064 1.108086499 -11.59567973)
(-0.2222683546 1.413585865 -11.29290705)
(-0.5384799767 0.0477301339 -7.68651341e-05)
(-0.2575261765 0.0274042451 -4.326389505e-05)
(-0.1988885281 0.01822480224 -2.947771849e-05)
(-0.3972087977 0.04938976537 -7.872328873e-05)
(-0.1608888044 0.01586338387 -2.496366882e-05)
(-0.1158588079 0.01457459018 -2.328747408e-05)
(-0.2452152174 0.05095052638 -8.108307675e-05)
(-0.06109464249 0.01514173331 -2.405768405e-05)
(0.01028684594 0.01678271766 -2.670475621e-05)
(-0.05645333155 0.05217816867 -8.298522476e-05)
(0.07929168379 0.02439769896 -3.872339829e-05)
(0.1194095464 0.0297776108 -4.743006051e-05)
(0.2736455097 0.0614314947 -9.787884579e-05)
(0.1539046956 0.03232002885 -5.134020458e-05)
(0.1946855032 0.0343776012 -5.512168029e-05)
(0.4456176714 0.06023516295 -9.565806542e-05)
(0.2267522845 0.03430552966 -5.456349319e-05)
(0.2501120972 0.03304527149 -5.27139329e-05)
(0.5479278653 0.05280968599 -8.422176013e-05)
(0.2653310116 0.0312373289 -5.033926546e-05)
(0.2745707409 0.02931582109 -4.631338429e-05)
(0.5702402034 0.04461036068 -6.981395866e-05)
(0.280783583 0.0275294285 -4.422387567e-05)
(0.2875095002 0.02594149408 -4.083542583e-05)
(1.213382641 0.06602503568 -7.714559414e-05)
(0.2992171422 0.02435174106 -3.887999019e-05)
(0.3605320466 0.02455262291 -3.844493231e-05)
(2.19249406 0.2234930781 -0.0006783838349)
(1.332386325 0.1110562359 -0.0001617521025)
(2.366922959 0.3140541751 -0.0005254668256)
(-0.2169220249 0.06837941546 -0.0001086719815)
(-0.03541656365 0.1246511243 -0.0001985886921)
(-0.07349851712 0.1186017142 -0.0001888650478)
(-0.00118410537 0.0008941898533 -1.423616807e-06)
(0.08444249716 0.1385969292 -0.0002205886937)
(0.1000176012 0.1133579904 -0.0001807134368)
(-0.0002763534713 2.376752786e-05 -3.743643802e-08)
(0.03416275409 0.03595651941 -5.728912281e-05)
(0.0004466388599 0.0004351963647 -6.925738756e-07)
(0.0002698963381 2.804133861e-05 -4.368139898e-08)
(2.884918517e-10 -1.330931088e-08 2.115900883e-11)
(1.945708634e-10 -3.752935148e-09 5.976130662e-12)
(0.01227364122 0.001675439537 -2.665728488e-06)
(2.424837621e-08 -8.451202687e-08 1.345111123e-10)
(4.049814853e-07 -5.295410909e-07 8.430028804e-10)
(0.0275588122 0.003593375272 -5.706474635e-06)
(1.293678406e-06 -5.457564961e-07 8.678344595e-10)
(2.473445735e-06 -2.398095706e-07 3.847348917e-10)
(0.02965458225 0.003538091709 -5.648807652e-06)
(3.036181555e-06 6.217725217e-08 -1.010199702e-10)
(1.426815237e-06 -1.154954941e-07 1.850813825e-10)
(0.04730145264 0.004637841032 -7.340732289e-06)
(2.787479515e-06 -2.303517113e-07 3.654987777e-10)
(6.793727359e-06 1.549336749e-07 -2.538088191e-10)
(0.09807672742 0.006786368786 -1.079710864e-05)
(2.035299585e-06 -5.329247842e-07 8.486468935e-10)
(0.0001120821837 -1.02400802e-05 1.638577888e-08)
(0.1607424864 0.0002508275708 -1.244374186e-07)
(4.375374508e-05 -1.786937393e-06 2.776316955e-09)
(6.578634499e-06 -5.571864598e-06 8.882159168e-09)
(1.005974212 0.09823910528 -0.0001549266378)
(0.02602767755 0.001407448454 -2.293917454e-06)
(0.09050460469 0.008675787097 -1.363945923e-05)
(3.352539123 0.9647900248 -0.00153569632)
(1.735742361 0.3893190362 -0.0006253939859)
(3.18101255 1.040253662 -0.001653875132)
(3.282664428 1.121613491 -0.001790349066)
(3.381321986 1.159997783 -0.001843129828)
(3.347303711 1.22642952 -0.001960439859)
(0.02262080774 0.1692929048 -0.0002696572521)
(0.03191607245 0.2267528875 -0.0003606144814)
(0.06292788851 0.2162495061 -0.0003442940428)
(0.1383268365 0.159685376 -0.0002544509309)
(0.1319602702 0.217134245 -0.0003460920453)
(0.1623668254 0.1959381582 -0.0003124641423)
(0.07162487464 0.06978243089 -0.0001111676714)
(0.1538008926 0.1616177375 -0.0002573771961)
(0.1242394938 0.1224035516 -0.0001947323002)
(4.163413047e-07 2.228123794e-07 -3.546128311e-10)
(0.08703925888 0.08279594272 -0.0001316889886)
(0.01575597216 0.01475640044 -2.348885667e-05)
(1.060196874e-11 -4.89862256e-11 7.810434158e-14)
(3.255124922e-06 2.871074122e-06 -4.569288014e-09)
(1.031608835e-11 -4.554894075e-11 7.243786894e-14)
(1.986092306e-11 -5.076707099e-11 8.08347891e-14)
(1.413506786e-11 -4.375545143e-11 6.961134674e-14)
(1.784851394e-11 -4.396104677e-11 6.99962904e-14)
(3.342386502e-11 -5.49950521e-11 8.755236691e-14)
(2.34646443e-11 -4.421025072e-11 7.046736038e-14)
(2.997736604e-11 -4.530505437e-11 7.225160343e-14)
(4.9269326e-11 -5.805347112e-11 9.237633538e-14)
(3.775995759e-11 -4.59831403e-11 7.328947024e-14)
(4.761337602e-11 -4.632146625e-11 7.369425554e-14)
(1.074653825e-10 -8.597793371e-11 1.372387496e-13)
(6.061878479e-11 -4.716683473e-11 7.50361719e-14)
(7.764521285e-11 -3.616516581e-11 5.770650464e-14)
(1.123404093e-10 -7.153033847e-11 1.140951692e-13)
(9.921072938e-11 -4.92617608e-11 7.838237513e-14)
(1.258072983e-10 -5.068449769e-11 8.034201734e-14)
(1.492318713e-06 -5.540362132e-07 8.8527352e-10)
(1.59145482e-10 -4.325124455e-11 6.888329412e-14)
(1.93925396e-10 -4.596886637e-11 7.316685547e-14)
(1.365662563 0.3335324152 -0.0005285589208)
(0.009708939559 0.002413983191 -3.834166727e-06)
(0.494328989 0.1230298489 -0.0001956215245)
(3.348376425 1.316789598 -0.002097846961)
(1.988125461 0.7637641516 -0.001217276469)
(3.172771312 1.350268541 -0.002156998167)
(0.07460434776 0.2616249811 -0.0004169016765)
(0.04477680006 0.3229138671 -0.0005140079047)
(0.07763123061 0.2893710654 -0.0004604723189)
(0.1738716621 0.2262701083 -0.0003602000018)
(0.1335516297 0.2745313497 -0.0004371270675)
(0.1751326612 0.2504150329 -0.0003989878852)
(0.1555336988 0.1571226286 -0.0002505115032)
(0.1856232977 0.2170664155 -0.0003459687744)
(0.1728284737 0.1811577931 -0.0002889533682)
(0.08211981122 0.07760857018 -0.0001236557497)
(0.1478577542 0.1462488909 -0.0002327088101)
(0.1117386644 0.1075332386 -0.0001712124256)
(1.179749275e-07 7.970007503e-08 -1.270572645e-10)
(0.04857734099 0.04621390664 -7.35688069e-05)
(0.0001323819682 0.0001239289656 -1.97536679e-07)
(1.752568792e-11 -2.73018872e-11 4.347283056e-14)
(3.835644723e-11 -1.896813392e-11 3.024438747e-14)
(1.822888558e-11 -1.788718744e-11 2.848223658e-14)
(3.022587011e-11 -2.740599404e-11 4.364233382e-14)
(2.342419126e-11 -1.749172512e-11 2.779393809e-14)
(3.141420016e-11 -1.686687923e-11 2.694089165e-14)
(5.013689937e-11 -2.618137809e-11 4.153751573e-14)
(4.188234182e-11 -1.567887707e-11 2.500381647e-14)
(5.576507465e-11 -1.36082566e-11 2.155994594e-14)
(8.376664476e-11 -2.152543202e-11 3.435935707e-14)
(7.475068773e-11 -1.018108538e-11 1.627275615e-14)
(9.837516181e-11 -5.207443478e-12 8.277329116e-15)
(1.364859195e-10 -1.254132339e-11 2.01382644e-14)
(1.26414766e-10 3.026157899e-12 -5.167968199e-15)
(1.597744857e-10 1.275879324e-11 -2.010498397e-14)
(2.073890901e-10 -1.721947337e-12 2.749927828e-15)
(1.983678421e-10 2.549930923e-11 -4.056010389e-14)
(2.406225357e-10 4.413826946e-11 -7.028253313e-14)
(0.003424888802 0.0008525550159 -1.358765283e-06)
(2.97041827e-10 6.468783306e-11 -1.030277459e-13)
(3.416813527e-08 -4.272127594e-09 6.841712121e-12)
(2.919044259 1.479091981 -0.002358845197)
(0.7037928209 0.2981182105 -0.0004753291928)
(1.775116524 0.9026327735 -0.001440147816)
(2.918027713 1.632552657 -0.002599646839)
(2.908914745 1.56682327 -0.002490282112)
(2.716859537 1.741433403 -0.002775962823)
(0.08047340916 0.3110253415 -0.0004952375527)
(0.04612979989 0.3763578583 -0.0005994071657)
(0.07974580935 0.3430681481 -0.0005468717697)
(0.1699102361 0.2680134926 -0.0004268380891)
(0.1243343415 0.3147127868 -0.0005014462183)
(0.1603074753 0.2780399108 -0.0004420500774)
(0.1776886046 0.1951518718 -0.000310353149)
(0.1753754157 0.2367099307 -0.0003772872146)
(0.1702734833 0.1966657904 -0.0003129803829)
(0.1211266976 0.1197303414 -0.0001909218079)
(0.1500683368 0.1590998107 -0.0002534317236)
(0.1173843686 0.1203175049 -0.0001914874362)
(0.0002775961019 0.0002682631354 -4.265238559e-07)
(0.03993326687 0.04031424337 -6.407549875e-05)
(1.324778099e-05 1.350357127e-05 -2.149359174e-08)
(2.012070632e-11 -6.354771927e-12 1.015180025e-14)
(1.623036112e-11 -1.274251223e-12 2.037526741e-15)
(2.235962819e-11 -3.012766849e-13 4.756698771e-16)
(3.582811229e-11 -3.058699287e-12 4.912086143e-15)
(3.04413861e-11 2.383973467e-12 -3.782347165e-15)
(4.112616702e-11 5.915380295e-12 -9.424962549e-15)
(6.399732256e-11 3.895565641e-12 -6.217934325e-15)
(5.610501632e-11 1.074687418e-11 -1.713677636e-14)
(7.543344853e-11 1.685243337e-11 -2.680198598e-14)
(1.155643492e-10 2.431503406e-11 -3.852629857e-14)
(1.108282422e-10 2.658701976e-11 -4.230046367e-14)
(1.419880958e-10 3.415596888e-11 -5.412699515e-14)
(1.903721673e-10 5.632655216e-11 -8.96244249e-14)
(1.736046082e-10 4.095567747e-11 -6.532945247e-14)
(2.238611129e-10 4.641073011e-11 -7.365363099e-14)
(3.02969082e-10 1.160094573e-10 -1.846735569e-13)
(2.503630752e-10 7.17739969e-11 -1.1423952e-13)
(3.114415328e-10 1.692737183e-10 -2.697910137e-13)
(5.45890833e-10 1.803624697e-10 -2.859950818e-13)
(6.841030107e-07 4.385208291e-07 -6.996321491e-10)
(3.853121064e-05 -1.130766027e-06 1.807620251e-09)
(0.6767084497 -0.1853331961 0.0002946178403)
(0.5117293924 -0.331230424 0.0005284121816)
(0.5757929158 -0.2684836823 0.0004283084458)
(2.447145813 1.935196239 -0.003086680917)
(2.625357349 3.259151316 -0.005194466759)
(1.883293732 2.253359215 -0.003593651595)
(0.07840688746 0.3734378892 -0.0005945900352)
(-0.06112199489 0.4884813293 -0.000779057161)
(0.07342898174 0.364159703 -0.0005805493604)
(0.1473205366 0.2755711043 -0.0004392621613)
(0.1110296468 0.3146129129 -0.0005014014328)
(0.130053646 0.2540072443 -0.0004052012297)
(0.1513299261 0.1838144398 -0.000292863804)
(0.1318197818 0.1992294177 -0.0003173671652)
(0.1231651048 0.1572550329 -0.0002505502733)
(0.09178454104 0.09807192913 -0.0001562986949)
(0.0968472733 0.1128839331 -0.0001797165299)
(0.01127871847 0.01261778139 -2.0073579e-05)
(6.496333179e-10 1.039135318e-09 -1.654852219e-12)
(1.113871656e-08 2.684795633e-08 -4.275759323e-11)
(1.673837708e-11 7.053656775e-12 -1.121392561e-14)
(2.883511387e-11 1.373077765e-11 -2.18386945e-14)
(2.378526223e-11 1.242477863e-11 -1.979755967e-14)
(3.341611621e-11 1.768053626e-11 -2.815446475e-14)
(5.154424826e-11 2.375673802e-11 -3.789585601e-14)
(4.581316397e-11 2.451463352e-11 -3.90851639e-14)
(6.080491167e-11 3.264107699e-11 -5.215902304e-14)
(8.803024654e-11 3.972536502e-11 -6.31282111e-14)
(8.148123715e-11 4.367668132e-11 -6.937683025e-14)
(1.077554619e-10 5.797235533e-11 -9.238383881e-14)
(2.828745721e-10 1.663698258e-10 -2.654665782e-13)
(1.486181273e-10 6.906384393e-11 -1.101154704e-13)
(1.645258431e-10 8.380546437e-11 -1.335115955e-13)
(-0.07508064012 0.0693813889 -0.0001106158639)
(5.431964566e-08 1.766383054e-07 -2.812404024e-10)
(-0.01535141914 0.01431219381 -2.276995473e-05)
(-0.5473171376 0.5070320662 -0.0008073387599)
(-0.2109700705 0.1960467048 -0.0003119842169)
(-0.2827315046 0.2599765073 -0.0004148671504)
(-0.9453817094 0.9292872867 -0.001479014666)
(-0.2656377974 0.2883950458 -0.0004591481924)
(-0.3789869216 0.5939999963 -0.0009456946236)
(-0.8398794817 3.136927287 -0.004996167039)
(-0.486103803 0.8606085431 -0.001369575354)
(-0.5970464554 1.14417303 -0.001822858741)
(0.09919784141 0.4585268951 -0.0007306114842)
(0.08018614272 0.4157799571 -0.0006618839287)
(0.07252075594 0.3433269883 -0.0005465497217)
(0.01221429354 0.3360929673 -0.0005349436718)
(0.07428924268 0.3119758534 -0.0004968578439)
(0.1059267897 0.2157172596 -0.0003433479295)
(0.08375797094 0.2405252367 -0.0003831951961)
(0.07216329402 0.1562407931 -0.0002489774379)
(0.07119616739 0.09542101955 -0.0001518652722)
(0.02750684726 0.04605509235 -7.331649739e-05)
(0.0006330923385 0.001041038545 -1.65919047e-06)
(2.843237115e-08 5.063743848e-08 -8.060082837e-11)
(-0.0002089158558 -1.47474035e-05 2.327437128e-08)
(-0.001733279041 -0.00023349112 3.730294631e-07)
(1.599766251e-09 1.883276438e-09 -3.000981635e-12)
(-0.007813609335 -0.001444297122 2.296536525e-06)
(-0.001033050432 -0.0001275894665 2.045599785e-07)
(4.802224315e-11 3.529553643e-11 -5.628732597e-14)
(-8.882509901e-05 -4.482444319e-06 7.11358989e-09)
(-3.998212808e-05 -1.046128074e-06 1.665010667e-09)
(1.167481922e-10 9.306003053e-11 -1.480570008e-13)
(-1.758343897e-05 7.128835464e-07 -1.142687342e-09)
(0.0001350272242 -6.929575232e-06 1.121977672e-08)
(1.263562863e-10 9.935172622e-11 -1.582864518e-13)
(0.0002795416862 -1.996047136e-05 3.157611546e-08)
(0.0004034461457 1.031713213e-06 -1.883224318e-09)
(8.176159808e-06 7.953338057e-06 -1.266716296e-08)
(0.003073124628 -2.674843047e-05 4.155454067e-08)
(0.009667843168 0.006307104057 -1.00412327e-05)
(-0.1513512815 0.1593171268 -0.0002540659199)
(-0.1231049223 0.186874353 -0.0002974028729)
(-0.1918088241 0.2686649705 -0.0004278492756)
(-0.2315807789 0.2377395898 -0.0003788932349)
(-0.2011048529 0.2830933295 -0.0004502342721)
(-0.177462965 0.2903945878 -0.0004622222802)
(-0.01057505344 0.1636030362 -0.0002606483426)
(-0.120134667 0.2886249501 -0.0004604391617)
(0.5126190638 -0.0429257225 6.758145129e-05)
(-0.3871204556 0.6235853663 -0.0009925871087)
(-0.1960500648 0.3708386472 -0.0005902335162)
(-0.2946139073 0.3137517837 -0.0004993410767)
(0.0380554806 0.3674081763 -0.0005856620651)
(0.3303482321 0.07283826152 -0.0001158265559)
(0.05203887198 0.2517266574 -0.0004014403824)
(0.195496041 0.09775365082 -0.0001559784887)
(0.02800606035 0.1083282567 -0.0001725173559)
(-0.05426328822 0.01558516254 -2.469191628e-05)
(-0.3181936764 -0.005989442445 8.807826248e-06)
(-0.4084518868 -0.02290983189 3.744443084e-05)
(-0.1308965368 -0.01087228474 1.728631893e-05)
(-0.4519429678 -0.02905748147 4.564586997e-05)
(-0.4724308889 -0.03416004415 5.46173948e-05)
(-0.1608720691 -0.01972360531 3.161225183e-05)
(-0.4684866019 -0.03818000434 6.138892315e-05)
(-0.4419395931 -0.04101369306 6.498916791e-05)
(-0.1349249884 -0.01976245708 3.163245119e-05)
(-0.3986343392 -0.04291320399 6.776360172e-05)
(-0.3453439576 -0.04424805452 7.099323876e-05)
(-0.0668097753 -0.01383458167 2.199043453e-05)
(-0.284655293 -0.04526756508 7.204455568e-05)
(-0.2158761209 -0.0460550022 7.320265046e-05)
(0.02003358479 -0.0155800229 2.482899398e-05)
(-0.1351324563 -0.04618440914 7.369400465e-05)
(-0.04095836233 -0.04443420317 7.087220562e-05)
(0.07955009965 -0.01761483461 2.799774244e-05)
(0.063696348 -0.04308424305 6.866267679e-05)
(0.09961420726 -0.005584598207 8.947076074e-06)
(-0.1614930132 0.3196059002 -0.0005098481429)
(-0.2712249156 0.4881988298 -0.000776159021)
(-0.6907254151 0.8356210826 -0.001330243604)
(-0.2046467251 0.3774617383 -0.0006018822793)
(-0.9264319995 0.9796098415 -0.001557939585)
(-0.8723187316 0.9050096734 -0.001443628436)
(-0.3529802628 0.655593921 -0.001029489198)
(-0.7721653992 0.7991276234 -0.001272052928)
(-0.6824664925 0.695115311 -0.0008744819932)
(-5.370948621 -0.7006601506 -12.61790846)
(-6.441055267 -1.796578136 -11.61970277)
(-4.381091667 -0.7336341508 -13.28973518)
(-5.924461361 -1.846331468 -11.93319836)
(-5.34485617 -1.868449621 -12.20967493)
(-3.161039708 -0.7341163751 -13.63647815)
(-4.715136152 -1.922476618 -12.4241131)
(-4.028527499 -1.938552876 -12.58423174)
(-1.808194254 -0.7138320087 -13.57939918)
(-3.311712939 -1.958737323 -12.6777137)
(-2.561809974 -1.950887889 -12.7063894)
(-0.4575780757 -0.6500351286 -12.93196834)
(-1.810481496 -1.949818918 -12.66020692)
(-1.026407908 -1.977961051 -12.68883583)
(1.955387785 -1.072782272 -21.47890076)
(-0.270831586 -3.095530399 -19.65223522)
(2.021326243 -3.346043144 -21.24071218)
(7.867198883 -0.9785747421 -19.24264745)
(5.065866492 -3.187231556 -20.50297246)
(8.647369264 -2.925163705 -18.84646505)
(13.68166779 -0.5643757027 -15.62213681)
(12.01116558 -2.678577819 -16.91603142)
(14.40251557 -2.284651477 -15.14232648)
(13.52153538 1.907891987 -13.1452141)
(14.49513413 -0.7474757688 -13.80165706)
(10.67550252 0.03248457054 -12.36696296)
(2.489241357 -0.8735503983 -10.65299072)
(1.052813114 -1.277239402 -10.63257382)
(-0.451991378 -2.16207161 -10.6841374)
(-0.0613993557 -2.375852492 -10.65091714)
(0.001609508416 -1.189907888 -10.91892404)
(0.8413440037 -1.661699277 -10.4028928)
(-7.787065989 -2.624712187 -10.29501598)
(-6.675677711 -2.721811134 -10.78758471)
(-5.341281404 -2.798230049 -11.19285156)
(-3.812265982 -2.912722342 -11.51856101)
(-2.114066367 -3.113418413 -12.32285508)
(1.698367993 -5.039738014 -20.18675077)
(8.495552744 -4.447624092 -17.55679269)
(12.2585079 -3.4330555 -13.72802829)
(-9.159482316 -3.406581422 -8.876257352)
(-8.667932872 -3.492740512 -9.06970862)
(-5.380404671 -3.928556351 -10.16072537)
(-4.565271919 -4.100158323 -10.55535379)
(-3.680265761 -4.476255122 -11.51892127)
(-2.630412711 -6.137380901 -15.80694484)
(7.731022429 -4.361229183 -11.40418503)
(5.672375122 -1.832020933 -10.5961322)
(6.339848285 -3.453581897 -10.37580112)
(2.612929181 -3.325247657 -9.417592521)
(0.6946771637 -2.629909177 -10.16854985)
(0.5542043481 -3.673742176 -9.463058483)
(-0.2070867681 -3.445576508 -10.24772435)
(-0.2294531404 -4.53340203 -9.697841328)
(0.9105913239 -4.030713745 -9.253771764)
(-11.44451122 -3.55237381 -6.757440218)
(-10.5929422 -3.701487443 -7.033759145)
(-9.563014621 -3.892733846 -7.420459182)
(-11.20015347 -4.157537281 -6.060809303)
(-10.7235426 -4.259790761 -6.237591968)
(-8.313166518 -4.188878159 -8.059396302)
(-10.20052296 -4.419663198 -6.429214911)
(-6.738725301 -4.925217662 -9.462960866)
(-3.559451417 -5.965190696 -11.34058926)
(-7.100619017 -5.461026656 -7.949857213)
(-5.670782454 -5.475498939 -8.008661332)
(-0.2425007786 -4.956372239 -9.463918957)
(-4.257068287 -5.244693803 -7.692012497)
(-3.09148944 -5.018649379 -7.351382749)
(0.6901121048 -4.266716075 -8.166163849)
(-0.01586656087 -4.35212139 -8.446550279)
(-0.6721743634 -5.600024132 -8.997469945)
(-1.131222017 -6.222909502 -8.211530924)
(1.039944356 -4.9022096 -8.488561008)
(0.9206549315 -5.679731292 -7.717863695)
(1.454572538 -5.507464028 -7.44245315)
(3.588392634 -3.168938262 -6.460903064)
(-13.74769539 -3.966226893 -4.313961029)
(-12.90238524 -4.303474318 -3.497617599)
(-11.07457068 -4.490472751 -4.944511428)
(-12.39364003 -4.421947928 -3.554617455)
(-9.868891606 -4.901974491 -3.965927546)
(-9.100680066 -5.061254179 -4.088947412)
(-5.863482991 -5.145377816 -5.586077127)
(-8.27098392 -5.233230183 -4.237777937)
(-7.373677631 -5.437304832 -4.39959614)
(-3.778480772 -5.527563946 -5.970309625)
(-6.401673423 -5.666745831 -4.60039654)
(-1.855906115 -6.474812579 -6.520539296)
(-1.918507087 -7.70669752 -4.614861254)
(3.708897436 -3.070494545 -3.591923474)
(-14.78697394 -3.638373641 -1.82215463)
(-13.84508382 -3.801759089 -1.873932253)
(-10.25523859 -4.407923696 -2.158093199)
(-3.857250527 -6.213819252 -2.322789572)
(1.265557735 -4.634301351 -1.783163545)
(-0.7852467014 0.00527305096 -8.373442457e-06)
(-3.779542988 -0.0243092177 -14.03474966)
(-0.5267659107 0.00665479361 -1.06736212e-05)
(-2.894919621 -0.02458087106 -14.50529523)
(-0.2480410297 0.006892276911 -1.074291644e-05)
(-1.812186301 -0.02406375902 -14.51640794)
(0.1315144295 0.0110286256 -1.736737464e-05)
(-0.696465949 -0.02265740198 -13.98339538)
(0.3936818049 0.01535914382 -2.406215515e-05)
(0.2860701922 -0.0317073584 -19.98502334)
(0.647005236 0.0142566295 -2.405325901e-05)
(3.349657768 -0.03122826144 -20.70906605)
(0.9366449501 0.01051668766 -1.619472862e-05)
(7.37589479 -0.02531774402 -18.32046185)
(1.263844626 0.008754491482 -3.554015649e-06)
(10.83354897 1.013295707 -15.53631899)
(7.299405608 2.71179847 -11.8520515)
(1.560980453 0.05422720947 0.0001215428795)
(11.81151548 3.159192145 -13.2512133)
(-0.6046404283 0.04699132383 -7.369569446e-05)
(-0.469184706 0.04855445309 -7.636722838e-05)
(-0.322835224 0.05019322199 -8.006408329e-05)
(-0.1610007655 0.0516825749 -8.259432164e-05)
(0.102358687 0.05542558078 -8.808451607e-05)
(0.3720696454 0.06200042559 -9.872992293e-05)
(0.5043509234 0.05696237223 -9.093769842e-05)
(0.5714942884 0.04845851352 -7.834970102e-05)
(0.578605435 0.04131021633 -6.517240384e-05)
(1.879450713 0.1366975329 7.958383861e-05)
(2.359311571 0.317961046 -0.0007367460837)
(1.319473872 1.09362551 -11.35518365)
(2.932654991 0.6795811227 -0.001081653656)
(2.175843727 1.709807244 -11.32841581)
(-0.112929587 0.09078410795 -0.0001446367929)
(-0.005534171727 0.05206002462 -8.287695933e-05)
(-0.0005677232544 5.653012602e-05 -9.124206001e-08)
(-7.545780861e-05 1.053201395e-05 -1.668509554e-08)
(0.002861365897 0.0003699945735 -5.930953494e-07)
(0.02066377901 0.002789811537 -4.467750529e-06)
(0.03191312235 0.003990380482 -6.35882401e-06)
(0.03710612672 0.004033607322 -6.485866786e-06)
(0.03926685791 0.003469586842 -5.560476602e-06)
(0.1275655623 0.005393194779 -8.67312178e-06)
(0.593189128 0.03888468562 -6.222178438e-05)
(3.270821584 0.8937037097 -0.001432338071)
(3.299510226 0.9997627096 -0.001592695253)
(0.6558811648 0.589976544 -11.25137172)
(0.1761407428 0.2472081157 -11.25865241)
(3.296918583 1.284250718 -0.002038522602)
(0.004975913428 0.1642744054 -0.0002618109422)
(0.114435576 0.1818084676 -0.0002893316516)
(0.1156142037 0.1184440742 -0.0001886071285)
(0.006917788085 0.006611056949 -1.053681069e-05)
(7.473049231e-12 -4.693379771e-11 7.481733356e-14)
(1.434796028e-11 -4.886101478e-11 7.787529879e-14)
(2.636072472e-11 -5.282893515e-11 8.404636661e-14)
(4.014083354e-11 -5.65179263e-11 8.999340972e-14)
(4.83592187e-11 -5.862666818e-11 9.339378211e-14)
(1.101653982e-10 -6.317778623e-11 1.006495562e-13)
(2.199054051e-06 -1.542643369e-07 2.437100826e-10)
(0.604664106 0.1422803197 -0.0002275067777)
(3.203524564 1.226854915 -0.001949003431)
(3.241763137 1.431699476 -0.002276602953)
(0.04819294346 0.290745835 -0.0004635344137)
(0.1357065555 0.2489387011 -0.0003961282767)
(0.1758862304 0.1933407852 -0.0003073639633)
(0.1258285691 0.1216721879 -0.0001941679364)
(0.00869243661 0.008113942916 -1.293792106e-05)
(1.401819098e-11 -2.815345091e-11 4.486592027e-14)
(2.311105599e-11 -2.736341998e-11 4.357753721e-14)
(3.898972362e-11 -2.705718452e-11 4.312606218e-14)
(6.470458517e-11 -2.449897261e-11 3.908934214e-14)
(1.076486953e-10 -1.755948656e-11 2.785101621e-14)
(1.725255064e-10 -6.951157689e-12 1.082565271e-14)
(1.85889122e-06 4.368104969e-07 -6.930836961e-10)
(1.000864677 0.3558121501 -0.0005666739119)
(3.129190368 1.508923499 -0.002396659918)
(0.04535468552 0.3354165553 -0.0005342005375)
(0.1299521323 0.2953523353 -0.0004708501539)
(0.184957605 0.2323417747 -0.0003697654386)
(0.1561588118 0.1592465554 -0.000253450521)
(0.06112731925 0.05970229672 -9.51265171e-05)
(6.319539505e-11 1.157052734e-11 -1.839773476e-14)
(2.651636345e-11 -4.972232595e-12 7.859968316e-15)
(4.802609455e-11 -3.722703658e-13 5.786513356e-16)
(8.475066664e-11 9.724368962e-12 -1.563200485e-14)
(1.492848144e-10 3.703475455e-11 -5.929776363e-14)
(2.484468927e-10 8.822611293e-11 -1.40054709e-13)
(3.240262631e-10 1.297789045e-10 -2.070108973e-13)
(0.5200879328 -0.2293493567 0.0003644969615)
(2.76834718 2.132421896 -0.003389226149)
(0.05230136211 0.437784974 -0.000696494801)
(0.1172621997 0.3255390153 -0.0005186904996)
(0.1580632685 0.2265887374 -0.0003609965265)
(0.1313302979 0.1458741498 -0.0002326939412)
(0.002811780331 0.002967614366 -4.731848131e-06)
(2.152906407e-11 1.077611662e-11 -1.715775025e-14)
(3.894509188e-11 1.812086844e-11 -2.885689259e-14)
(6.768439372e-11 3.071499285e-11 -4.901948238e-14)
(1.115186067e-10 5.08468753e-11 -8.100918846e-14)
(-0.0001256263055 0.0001261088277 -2.009739974e-07)
(-0.3228581736 0.2980824892 -0.0004757934031)
(-0.7864745025 0.7380990133 -0.00117402968)
(-0.9595957169 1.227680816 -0.001954423642)
(-0.9790945953 3.868981263 -0.006159459039)
(-0.02354044927 0.374969964 -0.0005967907983)
(0.1003353754 0.2835810885 -0.0004511747875)
(0.09989833478 0.1591520805 -0.0002530653549)
(0.006832834958 0.008242538152 -1.312618583e-05)
(8.050502283e-08 1.498468804e-07 -2.38567156e-10)
(4.078889904e-11 3.380344202e-11 -5.388227761e-14)
(6.278686982e-11 4.57112985e-11 -7.281115557e-14)
(2.839173125e-10 2.133796422e-10 -3.391595553e-13)
(5.24996186e-08 4.483479911e-08 -7.137292783e-11)
(-0.004606615068 0.005110507188 -8.140946063e-06)
(-0.2240063459 0.2279176147 -0.0003624912587)
(-0.159151542 0.1907432063 -0.0003035683801)
(-0.2932376234 0.5247899901 -0.0008365406178)
(-0.3717374194 0.6524241934 -0.001039152512)
(0.1081346901 0.4756979187 -0.0007586874831)
(0.04032637374 0.3141020347 -0.0005007521194)
(0.02215857029 0.1411420872 -0.0002246408624)
(-0.09297157764 -0.006519090206 1.017750463e-05)
(-0.1547645548 -0.01554744839 2.481169837e-05)
(-0.1581893604 -0.02225092889 3.527757972e-05)
(-0.09421943131 -0.01517121779 2.4167026e-05)
(-0.03917875028 -0.01463202458 2.328707297e-05)
(0.04952854271 -0.01705094064 2.708183104e-05)
(0.1214098367 -0.002928450728 4.59326613e-06)
(-0.1844224351 0.3467909172 -0.0005531978207)
(-0.2772760176 0.5226454309 -0.0008303969139)
(-0.3692461889 0.659495158 -0.001043911515)
(-0.3535367025 0.4102845205 -0.0006533280283)
(-0.6087137123 0.1516690946 -0.0002408190089)
(-0.9875030871 0.001462312432 -3.96635972e-06)
(-0.893986577 -0.04220378977 6.638143068e-05)
(-0.7388272047 -0.04406605647 7.008131856e-05)
(-0.5654638431 -0.04270378041 6.802834858e-05)
(-0.3611162934 -0.04178594684 6.667751686e-05)
(-0.09401429913 -0.04152529819 6.598654639e-05)
(-0.1246073653 0.1369645245 -0.000218222872)
(-0.7263387919 0.4055685889 -0.0006450366957)
(-1.11065774 0.5967396764 -0.0009451193613)
(-0.8205210823 0.6273460073 -0.001268297006)
(-0.6289073166 0.3189174954 -4.506767278)
(-0.6832729284 0.6417680314 -0.001057788206)
(-5.775226455 -0.6785293053 -12.21721251)
(-4.907469242 -0.7233393287 -12.98370371)
(-3.799677759 -0.7379560465 -13.50943276)
(-2.494979972 -0.7240952973 -13.66210288)
(-1.137527444 -0.6850666383 -13.35520525)
(0.1271694943 -1.004674009 -20.14611992)
(4.640430401 -1.054244022 -20.80759099)
(11.03054226 -0.8681898593 -17.37343926)
(15.27132687 0.8423453018 -14.31343327)
(8.849934018 1.866646428 -11.96517064)
(4.298598626 1.246938454 -11.08307307)
(4.906793037 -0.3439704277 -10.906359)
(-0.7904624289 -1.096830164 -11.01700877)
(-0.9618740988 -1.40073593 -11.09496905)
(-0.3147341968 -1.260352991 -10.97617881)
(0.7000531894 -2.122669161 -10.41570132)
(-0.8504472991 0.9590743072 -7.310712891)
(-0.8281938936 0.7429959592 -6.80041895)
(-7.262621064 -2.69103985 -10.54575185)
(-6.037656811 -2.775288542 -10.99791249)
(-7.518848895 -3.652888824 -9.466547881)
(-4.601129943 -2.869639047 -11.35719627)
(-6.148202155 -3.847124737 -9.885596244)
(-2.993920356 -2.978511465 -11.7123885)
(-1.175711969 -4.571463312 -18.30370476)
(5.000445183 -4.88241807 -19.32707743)
(3.508367283 -6.368091237 -16.54085581)
(11.23578399 -3.942414912 -15.57105819)
(7.711782955 -5.013546228 -12.96204484)
(10.88453269 -2.108835342 -12.44267397)
(1.421941095 3.014335972 -9.811647496)
(0.9005904595 3.216533655 -9.755288122)
(0.4238253573 3.540451577 -9.57042006)
(-0.7961195692 2.104925506 -6.362333709)
(-0.2195354946 -5.023659094 -8.725814422)
(2.421523609 -4.697428076 -7.075889004)
(1.512723697 -4.658648457 -8.347820519)
(3.912452006 -1.169659342 -7.680764871)
(4.481174386 -1.290320812 -6.749722293)
(3.469128513 2.762401563 -7.987216245)
(-8.59309797 2.900865799 -5.560048031)
(-9.444060578 3.434369042 -4.999075098)
(-7.786721393 3.034986711 -5.792099052)
(-6.825457395 3.191122585 -6.026172781)
(-7.749729692 3.74409414 -5.445409687)
(-5.711530667 3.267441232 -6.210363286)
(-4.708382935 3.30129292 -6.277234037)
(-5.587708262 3.980878284 -5.82407854)
(-3.99175472 3.407189526 -6.480556597)
(-3.417124904 3.514121408 -6.702726634)
(-3.922899576 4.370301105 -6.408961377)
(-2.327744871 3.807155247 -6.802015881)
(1.350444475 -6.021929755 -5.125222916)
(1.198293755 -6.198978224 -6.632875108)
(4.738396191 -1.489911879 -5.381424447)
(4.347054923 3.258951885 -5.77838312)
(3.405152472 4.455767358 -5.500995427)
(3.905858768 3.597769638 -4.460029198)
(-10.41579342 4.05870596 -4.434158106)
(-12.19035586 4.444107623 -3.617596467)
(-10.55185647 4.975481186 -4.009702381)
(-9.535229493 5.279068046 -4.295869702)
(-6.455555042 5.081525031 -5.490461872)
(-6.835241872 6.24094849 -5.055079364)
(-1.783068331 7.605759331 -7.57792107)
(-2.575401863 8.297145985 -6.111773941)
(-15.90565359 -2.734622668 -0.9678442254)
(-14.92251619 -2.849612716 -1.005066906)
(-13.83108573 -2.974814562 -1.039856807)
(-12.21836439 -4.069108344 -1.998258935)
(-12.61996889 -3.108648193 -1.081416879)
(-10.95523214 -4.267115789 -2.132242334)
(-11.27514082 -3.241754772 -1.158432567)
(-9.775746064 -3.409897386 -1.186584423)
(-8.083736047 -3.587088222 -1.278565818)
(-6.096932511 -4.02060619 -0.8129441287)
(-16.90655142 -1.398222306 -0.2235098804)
(-15.86210332 -1.459805574 -0.2373484541)
(-14.68772218 -1.532939439 -0.217066851)
(-13.36433993 -1.604282669 -0.2556036675)
(-11.86953753 -1.690813911 -0.2389338251)
(-10.1745363 -1.780846055 -0.2628846903)
(-8.234884216 -1.883343125 -0.2842702682)
(-5.935614523 -2.090744805 0.2640290506)
(-2.733377575 -2.330560164 0.4238606317)
(-17.56539117 1.287547053 -0.06737452066)
(-16.50585339 1.338858618 -0.08245615177)
(-15.30658275 1.395695187 -0.07189026409)
(-13.94875715 1.456603608 -0.09719731813)
(-12.40479965 1.526832205 -0.08525742482)
(-10.63737454 1.606755654 -0.07760337299)
(-8.585340839 1.700921513 -0.0905197958)
(-6.109473422 1.851142781 0.5016635832)
(-2.636590704 2.045080329 0.6456991796)
(-16.84021346 2.898168575 -0.7273391825)
(-15.88707666 3.030866348 -0.757604153)
(-14.77071408 3.163500977 -0.8138904751)
(-13.48099712 3.316807158 -0.8339006915)
(-11.99986637 3.480547433 -0.8768498139)
(-10.30387227 3.658915992 -0.9397106158)
(-8.363341202 3.863880924 -0.9880099781)
(-6.130556565 4.235558325 -0.4696380588)
(-3.435522276 4.547131041 -0.1779329402)
(-0.911255182 0.00434229108 -6.716615996e-06)
(-4.132174057 -0.02391870263 -13.67153258)
(-0.6090213417 0.05149565646 -8.215506372e-05)
(-4.644112735 -0.02349158478 -13.23319977)
(-0.6574387148 0.00668036186 -1.039490987e-05)
(-3.367043755 -0.02456105664 -14.3215191)
(-0.5215954962 0.05244324451 -8.334547387e-05)
(-0.4302537641 0.05324014578 -8.397078956e-05)
(-4.250875423 -0.02391037827 -13.63490731)
(-3.793711652 -0.02418595337 -13.96585006)
(-0.3914408626 0.006956920154 -1.069380066e-05)
(-2.368174971 -0.0244136532 -14.57240376)
(-0.3345840332 0.0538284441 -8.552903938e-05)
(-0.2339770723 0.05418794564 -8.686599551e-05)
(-3.273578083 -0.02426193707 -14.19335452)
(-2.689994993 -0.02414060014 -14.30225302)
(-0.08773173095 0.00755912565 -1.206406791e-05)
(-1.243815141 -0.02349238956 -14.33167138)
(-0.1260597695 0.05435896874 -8.647113759e-05)
(0.04694486627 0.05406329247 -8.606498446e-05)
(-2.073605828 -0.0237899295 -14.28391819)
(-1.439275042 -0.02324388607 -14.13192866)
(0.2732377281 0.01370305758 -2.157465259e-05)
(-0.1411422369 -0.02128805343 -13.30339149)
(0.193505881 0.05659217849 -8.991632328e-05)
(0.3226239113 0.06022589627 -9.577582079e-05)
(-0.8285475301 -0.02241410067 -13.80746621)
(-0.2154020573 -0.02104725416 -13.15096452)
(0.5158865245 0.01562674826 -2.547013222e-05)
(1.563914317 -0.0327436012 -21.07683065)
(0.4316607245 0.06231806418 -9.920738851e-05)
(0.5335523427 0.0626953925 -0.0001006121193)
(0.2638281825 -0.03204670811 -20.20481859)
(1.834237731 -0.03319565198 -21.41499961)
(0.7875576462 0.01294391408 -2.09201521e-05)
(5.369311868 -0.0285294475 -19.67007073)
(0.6345917319 0.06200941603 -9.879066653e-05)
(0.7370874412 0.06063533775 -9.575912974e-05)
(4.216655982 -0.0309608643 -20.79680013)
(7.042142099 -0.02715592847 -19.31668406)
(1.093481529 0.008330602789 -9.481072282e-06)
(9.217249135 0.09088303124 -16.89557583)
(0.8408702101 0.05884224988 -9.422635474e-05)
(0.9401468327 0.05710817346 -8.858167995e-05)
(9.797024391 -0.0228626062 -17.5112516)
(12.15150588 0.133045237 -15.76904361)
(1.432093351 0.01397089294 0.000168121238)
(12.3340973 2.295091902 -14.33232735)
(1.035068558 0.05690149695 -8.001418446e-05)
(1.247925582 0.05481085561 1.951230221e-06)
(13.9268304 1.315686569 -14.35304229)
(14.54840115 2.632139133 -13.36979669)
(1.670885191 0.06508133289 0.0001275580414)
(1.906972389 0.1321673644 -0.0004974740551)
(11.14040509 2.988674831 -12.42493942)
(2.109660466 0.2116302345 -0.0004787789072)
(2.678526603 0.4971391817 -0.0007933840472)
(2.700122799 0.487379189 -0.0007931883418)
(2.950740735 0.6562836546 -0.001048253206)
(3.085451039 0.8208320411 -0.001305330039)
(3.209117941 1.038269019 -0.001657040208)
(-0.4359371897 -0.3627401652 -11.18871522)
(3.281594022 1.399018653 -0.002220379384)
(-0.5423253607 -0.8665674243 -11.39276799)
(-0.4100790491 -0.8500859997 -11.35454857)
(3.162784275 1.496339517 -0.002392032576)
(3.20490822 1.463559851 -0.002335995286)
(0.02808828659 0.08043198609 -11.73162547)
(3.06448214 1.562264284 -0.002480876796)
(-0.2971818856 -0.8752459407 -11.44795235)
(-0.1916949992 -0.723225232 -11.58679229)
(1.12837152 2.180666053 -0.003472413171)
(-0.6596366866 1.509002049 -0.0024068576)
(-0.48636374 1.383886739 0.07465051422)
(-0.5186339227 1.076441925 0.1174905224)
(0.8816194638 2.07835174 -0.003313811667)
(-0.4286444987 1.631344529 -11.24126533)
(-0.6136003421 1.731302466 -11.3604347)
(-0.8264488633 1.669007999 -10.95091783)
(-0.5751000553 0.9144173404 0.1132062618)
(-0.2472888047 0.3822433879 -0.0006081153157)
(-1.010393642 1.578475794 -10.38581931)
(-0.362207379 0.5154029895 -0.0008205457678)
(-0.6085365521 0.6159846619 -0.0008876804078)
(-0.6443438641 0.4625847929 -4.228467589)
(-0.5411496177 0.5857367787 -0.0009319005257)
(-0.6386841517 0.6403186518 -0.6678382975)
(-0.3234376934 0.3752662242 -0.0005981553652)
(-0.4301551424 0.4931971958 -0.0007852912349)
(-1.070866683 1.357835186 -9.601782156)
(-1.006198789 0.9773158003 -8.371333368)
(-0.9694175331 0.7588211491 -7.892499811)
(-0.2692090482 0.1455022836 -0.0002314028699)
(-2.306696325 0.008834209441 -1.192474645e-05)
(-7.435566026 -0.01062152565 -9.062969942)
(-8.018055652 -0.009391733499 -8.471392831)
(-1.004478486 0.1110765096 -0.0001770861981)
(-2.333974031 0.01457395428 -3.132366512e-05)
(-2.28912844 0.02761144832 -4.072494635e-05)
(-6.683170246 -0.01192691529 -9.671885233)
(-7.622320408 -0.0101606035 -8.861413049)
(-7.229522006 -0.01079051452 -9.121434341)
(-0.9485877644 -0.03068150155 5.134497028e-05)
(-2.175239713 0.0396481771 -6.536905876e-05)
(-2.02887928 0.03786018381 -5.498505116e-05)
(-5.862905406 -0.01325705107 -10.21597064)
(-6.803311562 -0.0115150669 -9.378728578)
(-6.343457415 -0.01212019111 -9.639886372)
(-0.8218336612 -0.04430129582 7.217126039e-05)
(-1.857625166 0.03155506766 -5.176947055e-05)
(-1.683180599 0.02533307356 -3.703704024e-05)
(-4.918032884 -0.01469659032 -10.82847317)
(-5.849815783 -0.01275504537 -9.914093826)
(-5.32277828 -0.0135285168 -10.21132792)
(-0.6537986218 -0.04342615006 6.747957166e-05)
(-1.502531419 0.01819580777 -2.829621258e-05)
(-1.308539369 0.01018173549 -1.750248968e-05)
(-3.827065636 -0.01646577292 -11.6044515)
(-4.758780624 -0.01434806767 -10.54710054)
(-4.150749428 -0.01528237609 -10.9409966)
(-0.46962947 -0.04210160621 6.756019495e-05)
(-1.095592244 0.002117998338 -6.39341877e-06)
(-0.8569880543 -0.004971689167 8.543171884e-06)
(-2.4877733 -0.01897189756 -12.72817604)
(-3.479510893 -0.01644434718 -11.42358739)
(-2.714022839 -0.01783292697 -12.03749443)
(-0.2369775484 -0.04173102656 6.667116052e-05)
(-0.5826205258 -0.009512836952 1.526121889e-05)
(-0.2027047688 -0.01079745603 1.743887442e-05)
(-0.1046631369 -0.02316547307 -14.58094193)
(-1.760482558 -0.01958720875 -12.85127949)
(-0.1392174865 -0.0220089525 -13.86014835)
(0.02189419701 -0.04042390652 6.424883239e-05)
(0.5564429486 -0.01127101097 1.872453754e-05)
(0.91044166 -0.006079313153 8.99281808e-06)
(2.080256968 -0.02000038445 -11.86798208)
(1.494479697 -0.02069615445 -12.51888543)
(1.799431265 -0.01832928272 -10.95264771)
(-0.4884151171 0.3737728114 -0.0005967343948)
(1.153655161 0.006725923839 -1.297865312e-05)
(1.033186263 0.04056530966 -6.415213695e-05)
(1.109508156 -0.01505882801 -9.113311108)
(1.342636746 -0.01582108864 -9.50302251)
(0.3845192102 -0.01345383613 -8.323805914)
(-1.077522499 0.3094861357 -0.0004920566762)
(-0.9100376219 0.4025412326 -0.0006454642699)
(-0.9318850994 0.4182551386 -0.0006633066959)
(-0.6349960515 0.004282603195 -2.396016921)
(-0.3195782023 -0.01172538109 -7.473636694)
(-0.5914439505 -0.004287291571 -6.381349004)
(-1.049681426 0.6325995421 -0.001054677912)
(-1.039494193 0.483090745 -0.0007606937728)
(-1.026766201 0.5317027912 -0.0008892423398)
(-0.7048568653 0.1178986613 -3.46045144)
(-0.5682144423 0.04343951241 -5.726842664)
(-0.5134008657 0.0807868248 -5.512884192)
(-0.7597475765 0.3152223064 -4.015166666)
(-0.8110839518 0.6580092394 -0.001063032536)
(-0.9299653036 0.5781099511 -0.0004110995125)
(-0.6320448743 0.2225944393 -5.676913684)
(-0.5659332018 0.1374399726 -5.422916463)
(-0.8353570522 0.5250518813 -6.964620272)
(-0.7625852061 0.3740745748 -6.48108609)
(0.007844252681 -0.6045850779 -10.8876102)
(-0.4078152136 -2.749494509 -10.69708813)
(-0.5702440597 -1.230119 -11.04566448)
(0.2310895556 -2.27688624 -10.62905033)
(0.765455088 -3.286367437 -9.904195613)
(0.2675696026 -0.9018863264 -11.07392911)
(1.118552927 -1.488872997 -10.43522475)
(2.086132188 -1.898375074 -9.728839443)
(1.398249317 -1.233834916 -10.47335566)
(0.5253239515 0.05615511935 -11.03917369)
(1.589549259 -0.418452737 -10.2957365)
(1.672627186 -0.0338525226 -10.37956462)
(0.2785744923 1.468088235 -10.77518313)
(1.607416583 1.244193577 -10.35332448)
(1.389327941 1.612174792 -10.17462951)
(-0.1974370283 1.906461337 -10.83086404)
(-0.3883834807 1.961692865 -10.64866944)
(1.166650336 2.027064786 -10.29827593)
(0.8479620277 2.262360585 -10.39651107)
(0.2228265315 2.721397271 -10.03160173)
(-0.7497760032 1.931343579 -10.32213921)
(0.4759444528 2.392213745 -10.35720753)
(-1.041060161 1.38207126 -8.770475345)
(-0.4388464501 2.353873308 -8.817950806)
(-0.3837756445 2.436945618 -9.437867614)
(-0.2056572245 2.639413415 -9.902282641)
(-8.262899069 0.4399493438 -7.982970949)
(-7.383688306 0.4707333248 -8.599531385)
(-6.455320283 0.497876925 -9.000898195)
(-6.66223079 1.283648453 -8.16123474)
(-5.415504922 0.5109578402 -9.463606129)
(-6.166514541 1.307680412 -8.333497921)
(-5.645572155 1.344365383 -8.528929325)
(-4.242221183 0.5495968914 -10.08040414)
(-5.094209676 1.381727221 -8.75888434)
(-4.503719855 1.431665763 -9.032481908)
(-2.814120845 0.6099457478 -11.02230004)
(-3.85469447 1.461072418 -9.370149868)
(-3.119139121 1.521303093 -9.780551887)
(-0.3599078369 0.6709715335 -12.44724982)
(-2.225836234 1.595998354 -10.26021247)
(-0.9967258614 1.648620717 -10.62014688)
(0.821561303 0.5053324027 -9.624967826)
(-0.1725861218 1.464517328 -9.439982174)
(-0.4406531985 1.300202958 -8.387585956)
(-0.454954648 0.3822848381 -7.765375115)
(-0.8185804815 1.207693819 -7.77308955)
(-1.212793697 1.153347325 -7.387773922)
(-0.8255507025 0.289637006 -6.30149043)
(-1.339525752 1.09527106 -7.000640122)
(-1.103155409 0.9823113796 -6.325407194)
(-0.6139857006 0.3475123174 -5.282980401)
(-0.8084960331 0.9756129518 -5.724826425)
(-0.6727439545 0.9289927875 -5.485272258)
(-0.6842824968 0.4778812309 -5.69907495)
(-0.6085506048 1.079168838 -5.49957628)
(-0.5803297766 1.390867051 -6.475312189)
(-0.6688828766 1.821928109 -7.965796971)
(-0.7080871718 1.585400255 -7.321013558)
(-8.120773832 -3.565124615 -9.269549857)
(-6.861903847 -3.751777222 -9.665575715)
(0.375525855 -6.774715404 -17.50925487)
(6.168501916 -5.696822286 -14.76678403)
(-0.1581992049 -3.295837106 -10.22629903)
(-0.1279412174 -4.278300714 -9.587400565)
(0.1813625993 -4.619711091 -9.517492914)
(1.292912093 -3.729744773 -9.100320961)
(1.979262178 -3.284264115 -8.99243798)
(2.305039881 -3.967215531 -8.111903774)
(2.410534349 -2.829363846 -8.758382193)
(1.735965877 -2.283134438 -9.673109064)
(2.133474115 -1.457874823 -9.806862093)
(2.752416339 -2.336491947 -8.812960577)
(3.17963264 -1.729103205 -9.009721349)
(3.36085402 -0.750746136 -8.703280108)
(2.604585624 -0.1104071926 -9.585124766)
(3.198124217 -0.1751851617 -8.763958314)
(4.015871481 0.03137701074 -7.827076312)
(2.282789252 1.734505988 -9.456013885)
(3.136027706 1.878869541 -8.618859083)
(3.13632407 1.390276372 -8.743260674)
(3.965419589 1.330335653 -7.841890282)
(1.814767035 2.660262732 -9.792834367)
(2.962172175 2.494547008 -8.973034926)
(2.557940175 3.05210769 -9.004856417)
(2.09275397 3.592970421 -8.981100915)
(1.64463578 3.910961104 -9.184029708)
(2.042158303 4.583194951 -8.406970226)
(0.2486293159 4.249418196 -8.860770281)
(-0.04622841144 3.25907242 -9.271821195)
(-0.268383358 3.036518455 -8.868148479)
(1.006483706 4.133646766 -9.238484865)
(0.7204239496 4.202375819 -9.257322307)
(-7.669505248 2.478601439 -6.461665497)
(-7.074040297 1.840764849 -7.264839486)
(-6.124636394 1.912794396 -7.567023451)
(-7.245687785 2.512448529 -6.590974799)
(-6.797549819 2.575769091 -6.724988773)
(-6.317599536 2.625848215 -6.885696798)
(-5.799331852 2.686232423 -7.062520606)
(-5.050375865 2.02053242 -7.972936352)
(-5.232275322 2.760367683 -7.253002072)
(-4.601159563 2.847222976 -7.441944695)
(-3.754615424 2.154489276 -8.512808287)
(-2.055258859 2.231243285 -8.811160537)
(-3.89404756 2.899106258 -7.592340559)
(-3.169493721 2.899813553 -7.553350302)
(-2.696023252 2.771067498 -7.214861842)
(-2.522783158 2.692606691 -7.022562059)
(-1.623672143 1.904181914 -7.556392099)
(-2.36904435 2.660353237 -6.899479492)
(-1.855570368 1.794768465 -7.142676762)
(-2.416787768 2.670379116 -6.94581928)
(-2.257637855 2.629403537 -6.822393707)
(-1.469574918 1.626548255 -6.475910299)
(-1.952667471 2.579901064 -6.669599579)
(-0.8250083004 1.770747625 -5.783654476)
(-1.466866309 2.616561545 -6.430289247)
(-1.153313353 2.870024034 -6.372213897)
(-0.5902290451 2.387049342 -7.324533286)
(-1.055095127 3.090962659 -6.731201849)
(-0.6477242732 3.416927131 -7.863771226)
(-0.3561228188 3.77921669 -8.361616057)
(-12.40370769 -3.906575284 -5.695721458)
(-12.03622233 -3.97957517 -5.8001591)
(-11.63607432 -4.058041956 -5.92298625)
(-9.618028267 -4.588347808 -6.703508547)
(-8.954812603 -4.831678532 -7.045607801)
(-8.155214456 -5.114909763 -7.513614955)
(-2.143319529 -4.885208223 -7.159331599)
(-1.342900097 -4.865040204 -7.09899371)
(-0.8414576142 -4.97283936 -7.134850305)
(-0.5011727256 -5.293808718 -7.558521737)
(-13.01501895 -4.110367262 -4.490759598)
(-12.14640048 -4.28711802 -4.701291317)
(-9.672491341 -4.740113956 -5.150457141)
(-7.859010886 -4.909731539 -5.354419386)
(-0.8348107121 -6.714968965 -8.013592649)
(-0.7222937473 -7.422880562 -6.640205376)
(2.120500062 -5.41253815 -6.042719696)
(3.2379186 -3.699336391 -6.959407459)
(2.845471216 -3.246762829 -7.911074159)
(3.614489535 -2.073562334 -7.907419852)
(4.270926823 -2.189578229 -7.0274406)
(4.750566598 -0.08590844419 -5.072013707)
(4.545018882 -0.02552995565 -6.503215209)
(4.489489758 1.404777926 -6.542343498)
(4.70205491 1.489330073 -5.121831116)
(4.28848491 2.245052638 -6.719846676)
(4.566755926 2.440131707 -5.404331462)
(3.736738284 2.107789501 -7.645342097)
(3.150468169 3.501132038 -7.948478637)
(3.413117204 4.002413397 -6.739512166)
(4.126490914 2.933735371 -7.127145192)
(2.232058751 5.946290319 -6.561340675)
(3.02462336 4.458594053 -7.270377306)
(2.327007633 5.264611078 -7.50001057)
(-11.10775728 3.882181342 -4.222376949)
(-9.077441659 3.525571494 -5.095364101)
(-10.77782639 3.976989595 -4.319504627)
(-8.676024018 3.58642665 -5.218843213)
(-8.235265116 3.674795806 -5.325799984)
(-9.587282848 4.249515333 -4.654009227)
(-9.121428062 4.364589448 -4.753698252)
(-6.66441582 3.872163924 -5.645433654)
(-8.626279298 4.489132258 -4.857728293)
(-7.576055586 4.742391762 -5.130157672)
(-5.107729528 4.044641149 -5.963763613)
(-7.025019806 4.878988462 -5.316645061)
(-4.665785533 4.166156644 -6.096100519)
(-4.274276987 4.275683805 -6.248788292)
(-5.287504302 5.509471117 -5.982302451)
(-4.675081741 5.823717656 -6.263057145)
(-2.991416211 4.911632698 -6.695965804)
(-3.95657597 6.448630168 -6.422025876)
(0.1976517515 5.365441938 -8.582408862)
(-0.5125154009 4.536804698 -7.71758921)
(-0.9945440718 6.931193019 -8.169324145)
(-1.571091741 6.488577279 -8.347475945)
(1.039571421 5.131725572 -8.837492354)
(1.553843292 5.897339324 -7.954882293)
(1.101038377 6.027265241 -8.296161527)
(-8.953301844 2.878681561 -5.434733501)
(-9.782029926 3.369580005 -4.891809528)
(-8.207148897 2.980454014 -5.664211319)
(-7.327886228 3.111629742 -5.911588177)
(-6.280410095 3.246225803 -6.130093405)
(-7.221473797 3.811192833 -5.552461135)
(-5.169731128 3.298979876 -6.237973479)
(-6.108432666 3.913878772 -5.737169713)
(-4.32467406 3.336484803 -6.370366081)
(-3.706400395 3.467827432 -6.599585567)
(-3.002259583 3.571201821 -6.78723409)
(-3.541100585 4.515159967 -6.574116092)
(-1.531487644 3.885835132 -6.934233821)
(-2.281825877 5.263774659 -6.975938392)
(-14.5818348 -3.992601694 -3.198040454)
(-14.20673862 -4.05963041 -3.269335663)
(-13.80450014 -4.140033131 -3.334684229)
(-13.3711663 -4.226085388 -3.404043298)
(-11.83944186 -4.501356287 -3.676454661)
(-11.23661963 -4.650870646 -3.728692839)
(-10.58019402 -4.769466361 -3.841759202)
(-5.350251468 -5.980146037 -4.796696291)
(-4.223676648 -6.562713205 -4.801689929)
(-3.018427996 -7.078656356 -5.11304214)
(-2.186065703 -7.468800929 -5.557556587)
(-15.28810452 -3.680229623 -2.325944317)
(-15.63296404 -3.518756719 -1.716385145)
(-14.47423155 -3.816847427 -2.440429513)
(-15.22112106 -3.584093019 -1.753975956)
(-13.56541376 -3.991611822 -2.532885673)
(-14.32893528 -3.727997912 -1.826697351)
(-12.54375716 -4.168812731 -2.672963297)
(-13.33372471 -3.882350848 -1.918145298)
(-12.79243964 -3.961702465 -1.979067436)
(-11.38352252 -4.403455699 -2.790856731)
(-11.60749012 -4.178374663 -2.032523195)
(-10.04129543 -4.653343336 -2.991494297)
(-8.449473022 -4.997616023 -3.21453371)
(-9.497521006 -4.551888476 -2.221714202)
(-8.668436931 -4.717333145 -2.303318236)
(-6.516417537 -5.48651893 -3.447285271)
(-7.745349467 -4.911771929 -2.413741296)
(-6.688984073 -5.196408969 -2.475593864)
(-4.294332884 -6.347220172 -3.078985388)
(-5.425570978 -5.728849697 -2.229006159)
(0.3925729191 -7.056115886 -5.079861675)
(-2.355982709 -6.592224802 -2.678139457)
(1.866455237 -5.723364255 -4.334921111)
(0.4321560588 -6.126431023 -3.313929289)
(2.750187841 -4.729872308 -4.783681808)
(3.224129644 -4.244732594 -5.762014552)
(0.7612762372 -5.679140948 -2.653890221)
(3.479119563 -3.951781429 -4.151222193)
(3.138179321 -3.356321698 -2.645326818)
(4.470267731 -2.446489192 -5.629937823)
(3.994319789 -2.700713201 -4.246981851)
(4.639861415 -1.719609039 -4.079632642)
(4.006913785 -1.654905443 -2.819384802)
(3.952679809 -0.1464091345 -2.539908999)
(4.591245456 -0.1283548957 -3.719425214)
(4.545190267 1.57658673 -3.77082264)
(3.880463871 1.685599052 -2.579595698)
(3.809180919 2.822293458 -2.888044823)
(4.519880863 2.657625131 -4.146028383)
(1.169436997 6.376236384 -3.111090379)
(3.553037756 4.079332973 -3.809956175)
(3.364475598 4.808091079 -4.433385832)
(2.198053228 6.317181019 -4.858343149)
(2.626683165 5.178786344 -3.47485498)
(-14.83147216 4.065531134 -2.585312355)
(-12.83224402 4.232025061 -3.423606483)
(-14.54704221 4.172008952 -2.662949247)
(-12.52547919 4.338184416 -3.516349722)
(-14.23405663 4.291437747 -2.726022375)
(-13.89100938 4.402032185 -2.811470573)
(-13.5172045 4.534235149 -2.868154938)
(-13.16436707 4.696377285 -2.283930853)
(-11.431558 4.6754974 -3.825534398)
(-13.11023682 4.652354508 -2.958043377)
(-12.66820276 4.79106095 -3.026280507)
(-12.186728 4.914428108 -3.133801259)
(-10.06289199 5.112940616 -4.152915463)
(-11.66102181 5.058172879 -3.228357979)
(-10.74988868 5.219629194 -2.573885437)
(-11.08319138 5.214096722 -3.324367605)
(-10.44368342 5.378937413 -3.438355)
(-9.157967696 5.556381622 -2.727957177)
(-8.322194846 5.695561241 -4.621244437)
(-9.731305808 5.571223662 -3.539372324)
(-7.616259477 5.95183459 -4.818419155)
(-8.930177074 5.778485661 -3.671134497)
(-8.022385659 6.000222197 -3.835374218)
(-6.988093285 6.29600212 -3.950748514)
(-4.994754586 7.287003021 -5.290183171)
(-5.82129209 6.844240492 -3.694101448)
(-4.515832795 7.250904171 -3.593339212)
(-2.159880864 8.524878714 -5.082191278)
(0.9173451836 7.646392599 -5.718193943)
(-0.4614592644 7.971447031 -7.289966077)
(0.8884868436 6.85399694 -3.881999535)
(2.782416275 5.410943526 -5.201439608)
(1.706217402 6.574525734 -5.72566384)
(-11.40877555 3.793120487 -4.124700972)
(-13.11226111 4.139590096 -3.32031844)
(-10.0196535 4.179041799 -4.517895298)
(-11.82605529 4.575998627 -3.695339871)
(-11.00741623 4.831992743 -3.899507396)
(-8.108845927 4.596516144 -4.996671303)
(-8.958982573 5.4727897 -4.450142254)
(-5.873374171 5.27285172 -5.726402478)
(-5.971697724 6.606473181 -5.299949989)
(-3.022858696 7.031679336 -6.795365212)
(-3.748970943 7.873096258 -5.59001538)
(-16.36042402 -2.683460442 -0.9413491747)
(-16.7472334 -2.132567128 -0.5528635216)
(-15.42681944 -2.781794824 -1.011561085)
(-16.27874263 -2.175612746 -0.5713938927)
(-15.78432006 -2.230358438 -0.5510322432)
(-14.39091317 -2.904030731 -1.042480011)
(-15.26204868 -2.274980524 -0.5799040808)
(-14.71049601 -2.322395026 -0.6045544316)
(-13.24123429 -3.036585828 -1.070935124)
(-14.12768556 -2.377807273 -0.6059028532)
(-13.51158541 -2.434978979 -0.6096566499)
(-11.96528353 -3.174005997 -1.119250319)
(-12.86031395 -2.49018851 -0.6290313179)
(-12.17185353 -2.541627967 -0.6710443841)
(-10.5467014 -3.329093472 -1.156372624)
(-11.44396304 -2.60935126 -0.65674501)
(-10.67329534 -2.668952672 -0.6882819418)
(-8.957423871 -3.491366601 -1.239906475)
(-9.857251311 -2.743185012 -0.6711134458)
(-8.991192173 -2.802645916 -0.7271186264)
(-7.140332738 -3.723931535 -1.243038956)
(-8.069483969 -2.877650598 -0.7351063221)
(-7.080751488 -2.972112277 -0.686402355)
(-4.860002912 -4.339189011 -0.5997879056)
(-5.996825356 -3.179969671 -0.2168641538)
(-4.731584099 -3.388138572 0.05132159409)
(-3.291124314 -3.465019418 0.05688479969)
(-17.38575095 -1.370412054 -0.209671855)
(-18.06825336 -0.1431698871 -0.01300387491)
(-16.39941147 -1.432078537 -0.20459614)
(-17.57374453 -0.1423479151 -0.0216637142)
(-17.05027941 -0.1424191763 -0.01569625493)
(-15.29239967 -1.494137918 -0.2355551861)
(-16.49537716 -0.1413732531 -0.03348873326)
(-15.90650169 -0.1431385408 0.004513072799)
(-14.04578486 -1.567488438 -0.2396096307)
(-15.28095423 -0.143184344 0.007548689527)
(-14.61649091 -0.1416451828 -0.02138449039)
(-12.64005907 -1.643015338 -0.2702544702)
(-13.90982468 -0.1407971289 -0.03532777819)
(-13.15745882 -0.1417347715 -0.01244319025)
(-11.0492635 -1.732734182 -0.2634520895)
(-12.35547925 -0.1420564266 -0.001192257626)
(-11.49984129 -0.1404795389 -0.02828705819)
(-9.239471103 -1.8283346 -0.286267745)
(-10.58460106 -0.1415058206 -0.002540785965)
(-9.601757589 -0.1411430643 -0.003301329613)
(-7.14622672 -1.950549903 -0.2290711197)
(-8.541145722 -0.1403499635 -0.01220094552)
(-7.385026921 -0.1436623015 0.06196225617)
(-4.515280722 -2.217316087 0.5180778964)
(-6.09005361 -0.1695107733 0.5842862373)
(-4.558135519 -0.1828871102 0.8555350349)
(0.8277912575 -1.858746892 -0.5812061802)
(-2.649911909 -0.1767668962 0.7451806265)
(1.071198159 -0.1167096044 -0.4068242397)
(3.764997825 -0.1617288165 -1.906364683)
(-18.04685851 1.262459356 -0.07245952039)
(-17.66495581 2.143131201 -0.3302645235)
(-17.05214649 1.312868626 -0.07238775696)
(-17.2116957 2.189576735 -0.3288831834)
(-16.72280767 2.233560453 -0.3488196952)
(-15.92471922 1.367866166 -0.05147151728)
(-16.19777832 2.281853009 -0.3477305453)
(-15.63551592 2.331464772 -0.3485070284)
(-14.64901255 1.425704953 -0.0769932529)
(-15.03459593 2.381666733 -0.3620288564)
(-14.39290804 2.43526804 -0.369247987)
(-13.20207929 1.491660273 -0.07032277888)
(-13.7077317 2.48792089 -0.4019189449)
(-12.97553217 2.553038288 -0.3738384303)
(-11.55208534 1.564184834 -0.1055246807)
(-12.19235273 2.611451411 -0.418487459)
(-11.35383139 2.680845541 -0.419196891)
(-9.652059063 1.651432479 -0.0823041538)
(-10.45371972 2.751536005 -0.4445611015)
(-9.484762279 2.834155723 -0.4355142931)
(-7.419099821 1.760771224 -0.0183616537)
(-8.436827393 2.92131094 -0.4480574471)
(-7.294930009 3.028950109 -0.3860719911)
(-4.559782738 1.947161295 0.7671193173)
(-6.020198383 3.213380979 0.1001194737)
(-4.520131385 3.400943584 0.3440174859)
(1.010202617 2.026363367 -0.4814924491)
(-2.632714517 3.599341064 0.1969649468)
(0.8749718534 3.217222352 -0.7984125493)
(3.732971847 3.115653755 -2.407719014)
(1.740750821 5.364513878 -2.169251993)
(-17.25719587 2.834009377 -0.7059085772)
(-16.84392841 3.34386003 -1.170190719)
(-15.51493246 4.012806248 -1.96530364)
(-16.38368265 2.962507557 -0.7492021948)
(-16.46704215 3.426198077 -1.204672346)
(-16.04974286 3.512426776 -1.227062509)
(-14.87155739 4.242988893 -2.044895711)
(-15.3497039 3.100472268 -0.767839357)
(-15.5908338 3.589660201 -1.275610957)
(-15.08953707 3.680851054 -1.288193541)
(-14.09232001 4.462158202 -2.165577344)
(-14.14862314 3.243752745 -0.8023124648)
(-14.54450545 3.756812712 -1.349523477)
(-13.95478441 3.852469902 -1.359341226)
(-12.76579217 3.398943996 -0.8429398728)
(-13.31814055 3.947950525 -1.380584861)
(-12.6329902 4.033288486 -1.440612518)
(-12.06402814 4.944242258 -2.421421765)
(-11.18051589 3.566805181 -0.9087645791)
(-11.89790456 4.141444412 -1.449319596)
(-11.11027107 4.230818851 -1.523808774)
(-9.366248986 3.758961875 -0.9598816006)
(-10.26956023 4.353804923 -1.51536718)
(-9.372415873 4.453837509 -1.586418703)
(-7.290600575 3.993082471 -0.9423430129)
(-8.418762945 4.574529405 -1.616717519)
(-7.40504083 4.719485234 -1.589924443)
(-7.137836422 6.042792013 -2.883088771)
(-4.814095972 4.476835775 -0.2092583901)
(-6.318521858 5.012260096 -1.136321496)
(-5.07755682 5.28992105 -0.8735017985)
(-1.795438642 6.778565047 -2.041762115)
(-4.042908101 7.098247488 -2.724390681)
)
;

boundaryField
{
    walls
    {
        type            noSlip;
    }
    wallFilmFace_top
    {
        type            slip;
    }
    region0_to_wallFilmRegion_wallFilmFace
    {
        type            slip;
    }
    mirrorFace_top
    {
        type            slip;
    }
    region0_to_wallFilmRegion_mirrorFace
    {
        type            slip;
    }
    procBoundary3to2
    {
        type            processor;
        value           nonuniform List<vector> 
64
(
(-6.04132952 -0.009498544866 -7.892204938)
(-5.200947824 0.3877227368 -6.748957088)
(-8.023034499 1.218405836 -7.724395496)
(-7.135265822 1.259388528 -8.007680669)
(-7.516013479 1.816412337 -7.142266428)
(-11.81250407 -3.491905728 -6.640948739)
(-14.07462653 -3.892124505 -4.248883498)
(-15.66389239 -3.608169622 -2.28806342)
(-15.78942075 3.905135638 -1.915671517)
(-0.6674968099 0.04638172599 -7.404011484e-05)
(-0.3257414226 -0.04820378002 7.636594909e-05)
(-0.4015732588 0.03890570875 -6.167342472e-05)
(-0.4015732588 0.03890570875 -6.167342472e-05)
(0.1586929386 0.221513321 -0.0003528789805)
(0.08401083105 0.1897423844 -0.0003018063944)
(0.06757364857 0.213898608 -0.0003410254369)
(0.08265484353 0.3069913359 -0.0004887300034)
(0.08328980951 0.3612537444 -0.0005757239633)
(0.04693429191 0.4135083212 -0.0006588397669)
(-0.01379684823 0.4797392632 -0.0007632765263)
(-0.0831305658 0.5845211195 -0.0009312028455)
(-0.006596864463 0.562321042 -0.0008949288617)
(0.080521392 0.5014192616 -0.0007989255696)
(0.080521392 0.5014192616 -0.0007989255696)
(0.1585358616 0.5495676021 -0.0008757624566)
(0.1550981163 0.5120902735 -0.0008145777773)
(0.1550981163 0.5120902735 -0.0008145777773)
(0.2132860942 0.6270818016 -0.001000742718)
(0.336067911 0.08945458566 -0.0001422536325)
(0.336067911 0.08945458566 -0.0001422536325)
(-6.13342325 -0.6654111714 -11.801362)
(-6.896753128 -1.736500097 -11.2813123)
(-6.896753128 -1.736500097 -11.2813123)
(-8.253070611 -2.538863288 -10.03473187)
(-9.598598137 -3.331374565 -8.679191972)
(-1.036214442 0.002432637569 -4.648776697e-06)
(-4.430476664 -0.02338960207 -13.26179796)
(-0.6925501346 0.05046376476 -7.956055445e-05)
(0.04769824486 0.112251649 -0.000178715537)
(-4.980630882 -0.02293200446 -12.79382056)
(-9.289135064 2.771716489 -5.363356938)
(-16.0242404 -3.449290065 -1.694782023)
(-16.79270934 -2.629003847 -0.9301788421)
(-17.83927723 -1.34093107 -0.21654457)
(-18.49759396 1.238180471 -0.06866558964)
(-17.634868 2.764805557 -0.7020710074)
(-0.6925501346 0.05046376476 -7.956055445e-05)
(-4.980630882 -0.02293200446 -12.79382056)
(-2.056841933 0.02760670078 -4.361194152e-05)
(-5.462535826 -0.008607012146 -7.17671678)
(-8.557901803 1.13431256 -7.299000483)
(-7.588274591 1.2204688 -7.864465104)
(-7.135265822 1.259388528 -8.007680669)
(-8.071534102 2.406832472 -6.365226587)
(-12.74125379 -3.849534921 -5.599700879)
(-10.09625902 3.299719491 -4.796594785)
(-11.68432815 3.696128343 -4.042039514)
(-14.93318523 -3.925005255 -3.137974064)
(-13.3666513 4.006710429 -3.273655865)
(-15.08842393 3.943954889 -2.536103951)
(-17.19168436 -2.088336323 -0.546550265)
(-18.53654143 -0.1439510597 -0.009540507415)
(-18.08282691 2.097588019 -0.3263246461)
(-17.18143248 3.251159416 -1.163329395)
)
;
    }
}


// ************************************************************************* //
