/*--------------------------------*- C++ -*----------------------------------*\
  =========                 |
  \\      /  F ield         | OpenFOAM: The Open Source CFD Toolbox
   \\    /   O peration     | Website:  https://openfoam.org
    \\  /    A nd           | Version:  8
     \\/     M anipulation  |
\*---------------------------------------------------------------------------*/
FoamFile
{
    version     2.0;
    format      ascii;
    class       volScalarField;
    location    "1.9/wallFilmRegion";
    object      T;
}
// * * * * * * * * * * * * * * * * * * * * * * * * * * * * * * * * * * * * * //

dimensions      [0 0 0 1 0 0 0];

internalField   nonuniform List<scalar> 
1369
(
300.0000013
300.0000015
300.0000016
300.0000018
300.0000021
300.0000022
300.0000023
300.0000013
300.0000016
300.0000017
300.0000018
300.0000018
300.0000018
300.0000019
300.0000019
300.0000019
300.0000019
300.0000018
300.0000014
300.0000018
300.0000018
300.0000019
300.0000018
300.0000016
300.0000015
300.0000014
300.0000013
300.0000011
300.0000009
300.0000007
300.0000005
300.0000015
300.0000018
300.0000019
300.0000019
300.0000017
300.0000014
300.0000011
300.0000008
300.0000005
300.0000002
300.0000001
300.0000005
300.0000005
300.0000004
300.0000003
300.0000001
299.9999998
300.0000016
300.000002
300.000002
300.0000019
300.0000015
300.000001
300.0000002
299.9999993
299.9999986
299.9999986
299.9999988
300.0000003
300.0000005
300.0000004
300.0000003
300.0000002
300.0000001
299.9999999
299.9999993
300.0000017
300.0000021
300.0000022
300.000002
300.0000013
300.0000001
299.9999985
299.9999971
299.9999967
299.9999973
299.9999978
299.9999998
300.0000004
300.0000004
300.0000003
300.0000002
300
299.9999996
299.9999991
299.9999991
299.9999982
299.9999973
299.9999966
300.0000018
300.0000023
300.0000026
300.0000022
300.0000009
299.999999
299.9999971
299.9999959
299.9999959
299.9999973
299.9999977
299.9999994
300.0000003
300.0000004
300.0000003
300.0000001
299.9999997
299.9999994
299.9999993
299.9999991
299.9999982
299.9999971
299.9999967
299.9999972
299.9999971
300.0000018
300.0000023
300.000002
300.0000022
300.0000028
300.0000028
300.0000014
300.0000001
299.9999997
300.0000005
300.0000001
299.9999998
299.9999998
300.0000004
300.0000001
299.9999997
299.9999994
299.9999993
299.9999993
299.9999993
299.9999982
299.9999972
299.9999969
299.999997
299.9999969
299.9999967
300.0000018
300.0000029
300.0000016
300.0000006
300.0000006
300.0000006
300.0000002
299.9999986
299.9999981
300.0000004
299.9999998
299.9999991
299.9999988
300
299.9999996
299.9999994
299.9999993
299.9999994
299.9999996
299.9999998
299.9999981
299.9999977
299.9999973
299.9999971
299.9999969
299.9999969
300.0000019
300.0000028
300.0000032
300.0000017
300.0000009
300.0000006
300.0000004
300.0000001
300.0000008
300.0000004
299.9999996
299.9999988
299.9999985
299.9999993
299.9999993
299.9999995
299.9999997
300
300.0000008
300.000002
299.9999989
299.9999986
299.9999985
299.9999973
299.9999965
299.9999962
299.9999961
300.000002
300.0000027
300.0000031
300.0000017
300.000001
300.0000003
299.9999989
299.9999976
300.0000007
300.0000005
300.0000001
299.9999997
299.9999998
299.9999998
299.9999994
299.9999994
299.9999995
299.9999994
299.999999
299.999998
299.999997
299.9999968
299.9999974
299.9999967
299.9999965
299.999996
299.9999955
300.000002
300.0000026
300.0000025
300.000001
300.000001
300.0000011
299.9999996
300.0000011
300.0000008
300.0000005
300.0000004
300.0000004
300.0000011
300.0000004
299.9999998
299.9999993
299.9999994
299.9999993
299.9999988
299.9999981
299.9999971
299.9999966
299.9999966
299.9999969
299.9999972
299.9999967
299.9999957
300.0000021
300.0000027
300.0000017
300.0000007
300.0000008
299.9999982
299.9999931
300.0000007
300.0000004
300.0000003
300.0000002
300.0000003
300.0000017
300.0000011
300.0000003
299.9999994
299.9999994
299.9999993
299.9999989
299.9999982
299.9999973
299.9999968
299.9999962
299.9999968
299.9999971
299.9999968
299.9999964
299.9999956
300.0000022
300.0000028
300.000002
300.0000013
300.0000013
300.000001
300.0000006
300.0000004
300.0000003
300.0000002
300.0000001
300.0000002
300.0000011
300.000001
300.0000008
300
299.9999993
299.9999995
299.9999991
299.9999986
299.9999984
299.9999981
299.9999965
299.9999964
299.9999968
299.9999969
299.9999968
299.9999963
299.999997
300.0000022
300.0000032
300.0000029
300.0000016
300.000001
300.0000006
300.0000004
300.0000002
300.0000002
300.0000001
300.0000001
300.0000001
300.0000006
300.0000004
300.0000006
300.0000008
299.9999998
299.9999998
299.9999996
299.999999
299.9999994
299.9999989
299.9999968
299.9999962
299.9999969
299.9999975
299.9999972
299.9999968
299.9999966
300.0000023
300.0000035
300.0000036
300.0000046
300.0000047
300.0000031
300.0000016
300.0000008
300.0000005
300.0000003
300.0000003
300.0000004
300.0000374
300.0000293
300.000008
300.0000057
300.0000032
300.0000011
300.0000002
299.9999991
299.9999997
299.9999994
299.9999972
299.9999967
299.9999969
299.9999969
299.9999973
299.9999967
299.9999966
300.0000022
300.0000033
300.0000071
300.0000105
300.0000093
300.0000054
300.0000027
300.0000014
300.0000007
300.0000005
300.0000004
300.0000006
300.0010774
300.0025174
300.0004801
300.0000796
300.0000091
300.0000007
299.999999
299.9999987
299.9999993
299.9999995
299.9999982
299.9999965
299.9999964
299.9999966
299.9999968
299.9999965
299.9999968
299.9999964
299.9999966
299.9999959
299.999995
299.999995
300.0000021
300.0000033
300.0000052
300.0000076
300.0000093
300.0000081
300.0000047
300.0000023
300.0000012
300.0000007
300.0000006
300.0000008
300.0000676
300.000047
300.0000108
300.0000033
300.0000007
299.9999987
299.9999986
299.9999986
299.9999978
299.9999987
299.999998
299.9999967
299.9999961
299.9999963
299.9999969
299.999996
299.9999955
299.9999954
299.9999956
299.9999948
299.999994
299.9999936
300.000002
300.0000033
300.000004
300.0000053
300.0000067
300.0000078
300.0000066
300.0000039
300.000002
300.0000012
300.0000008
300.0000011
300.0000271
300.0000182
300.0000081
300.0000029
299.9999999
299.9999987
299.9999986
299.9999985
299.9999972
299.9999967
299.9999962
299.9999959
299.9999957
299.9999959
299.9999963
299.9999953
299.9999946
299.9999944
299.9999945
299.9999948
299.9999945
299.9999939
300.0000019
300.0000032
300.000003
300.0000032
300.0000035
300.0000041
300.0000049
300.0000048
300.0000033
300.000002
300.0000014
300.0000017
300.0000131
300.0000089
300.000005
300.0000021
299.9999993
299.9999988
299.9999988
299.9999985
299.9999976
299.9999971
299.9999965
299.9999961
299.9999957
299.9999956
299.9999955
299.9999947
299.9999943
299.9999949
299.999995
299.9999957
299.9999958
300.0000019
300.0000032
300.0000024
300.0000019
300.0000017
300.0000016
300.0000015
300.0000017
300.000002
300.0000023
300.0000018
300.0000009
300
299.9999997
299.9999996
299.9999995
299.9999996
299.9999997
300
300.0000011
299.9999991
299.9999986
299.999998
299.9999971
299.9999957
299.9999954
299.9999951
299.9999947
299.9999948
299.9999954
299.9999969
299.9999976
300.0000018
300.0000034
300.0000027
300.000002
300.0000017
300.0000015
300.0000013
300.0000012
300.0000011
300.0000012
300.0000013
300.0000007
300.0000002
299.9999997
299.9999994
299.9999993
299.9999991
299.9999991
299.9999991
299.9999991
299.9999985
299.9999982
299.9999976
299.9999966
299.9999957
299.999996
299.9999952
299.9999953
299.9999958
299.9999972
299.9999986
299.9999988
300.0000018
300.0000028
300.0000024
300.0000022
300.0000019
300.0000016
300.0000014
300.0000012
300.000001
300.0000008
300.0000006
300.0000002
299.9999999
299.9999996
299.9999994
299.9999991
299.9999987
299.9999986
299.9999985
299.9999987
299.9999981
299.999998
299.9999977
299.9999971
299.9999962
299.999997
299.999996
299.9999961
299.9999966
299.999998
299.9999991
299.9999994
300.0000017
300.000002
300.0000025
300.0000031
300.0000025
300.0000019
300.0000015
300.0000012
300.0000009
300.0000007
300.0000004
300.0000001
300
299.9999997
299.9999995
299.999999
299.9999987
299.9999985
299.9999982
299.9999984
299.9999978
299.9999978
299.9999977
299.9999974
299.9999969
299.9999972
299.9999965
299.9999964
299.9999967
299.9999979
299.999999
300.0000017
300.0000022
300.0000036
300.0000036
300.0000027
300.0000019
300.0000013
300.0000009
300.0000006
300.0000003
300.0000001
300
300
300.0000001
300.0000002
299.9999999
299.9999991
299.9999991
299.9999993
299.9999973
299.9999968
299.9999982
299.9999978
299.9999974
299.9999972
299.9999971
299.9999968
299.9999966
299.9999968
299.9999977
299.9999989
300.0000018
300.0000028
300.0000045
300.0000042
300.0000031
300.000002
300.0000013
300.0000009
300.0000007
300.0000004
300.0000002
300.0000001
300.0000003
300.0000006
300.0000012
300.0000012
299.9999996
299.999999
299.9999985
299.9999977
299.999997
299.9999967
299.9999966
299.9999967
299.9999967
299.9999966
299.9999963
299.9999965
299.9999975
299.9999977
299.9999984
300.0000018
300.000002
300.0000044
300.0000058
300.0000047
300.0000031
300.0000019
300.0000015
300.000001
300.0000006
300.0000003
300.0000001
300.0000008
300.000001
300.0000015
300.000002
300.0000005
299.9999984
299.9999979
299.9999972
299.9999962
299.9999961
299.9999962
299.9999964
299.9999965
299.9999962
299.9999961
299.9999956
299.9999964
299.9999971
299.9999974
300.0000017
300.0000016
300.0000017
300.0000028
300.0000019
300.0000017
300.0000017
300.000002
300.0000016
300.0000009
300.0000006
300.0000003
300.000001
300.000001
300.0000008
299.9999994
299.9999976
299.9999974
299.9999972
299.999997
299.9999959
299.9999961
299.9999964
299.9999968
299.9999964
299.9999959
299.9999968
299.9999958
299.9999956
299.9999959
299.9999955
300.0000014
300.0000015
300.0000017
300.0000018
300.0000015
300.0000016
300.000002
300.0000025
300.0000024
300.0000015
300.000001
300.0000006
300.0000008
300.0000004
299.9999995
299.9999978
299.9999965
299.9999967
299.9999969
299.9999969
299.9999966
299.9999962
299.9999959
299.9999958
299.9999955
299.9999954
299.9999977
299.9999963
299.999995
299.9999951
299.9999948
300.0000008
300.0000011
300.0000018
300.0000013
300.0000012
300.0000017
300.0000027
300.0000033
300.0000031
300.0000019
300.0000011
300.0000005
299.9999999
299.9999993
299.9999982
299.9999971
299.9999964
299.9999977
299.9999983
299.9999973
300.0000018
300.0000019
300.0000006
299.9999973
299.9999959
299.9999966
299.9999983
299.9999964
299.9999937
299.9999941
299.9999952
300.0000003
300.0000008
300.0000018
300.0000016
300.0000012
300.0000022
300.0000037
300.0000043
300.0000036
300.0000021
300.0000008
299.9999999
299.9999993
299.9999987
299.9999967
299.9999953
299.9999946
299.9999994
300.0000042
300.0000164
300.0000347
300.0000601
300.0000837
300.0000773
300.0000081
300.0000039
300.0000028
299.9999966
299.9999959
299.9999965
299.9999951
300.0000001
300.000001
300.0000019
300.0000015
300.0000007
300.0000007
300.0000016
300.0000036
300.0000027
300.0000023
300.0000013
300.0000001
299.9999997
299.999999
299.9999959
299.9999936
299.9999923
300.0000056
300.0000241
300.0000529
300.0000995
300.0001696
300.0002177
300.0000983
300.0000448
300.000038
300.0000207
300.0000281
299.9999992
299.9999987
299.9999964
300.0000003
300.0000015
300.0000021
300.0000019
300.0000015
300.0000004
300.000001
300.0000027
300.0000014
300.0000008
300.0000002
300.0000001
300
300
299.9999988
299.9999975
299.9999948
300.0000443
300.0001046
300.0001533
300.0002396
300.0004599
300.0007488
300.0005062
300.002455
300.0001156
300.0000355
300.0000683
300.0000014
300.0000003
299.9999967
300.0000005
300.000002
300.0000022
300.0000021
300.0000018
300.0000012
300.0000008
300.0000028
300.0000016
300.0000008
300.0000002
300
300
300
299.9999986
299.9999965
299.9999955
300.0000601
300.0001646
300.0002935
300.000641
300.0009913
300.0010143
300.000725
300.0018993
300.0020305
300.0000482
300.0000831
300.0000084
300.000005
299.9999975
300.0000009
300.0000023
300.0000023
300.0000022
300.000002
300.0000016
300.0000008
300.0000029
300.0000018
300.0000007
300.0000001
299.9999999
299.9999999
299.9999998
299.9999975
299.9999962
299.9999978
300.000018
300.0000246
300.0000286
300.0000401
300.0000733
300.0000493
300.0000055
300.0000033
300.0000151
300.0000505
300.0000947
300.0000913
300.0000226
299.9999996
300.0000012
300.0000023
300.0000023
300.0000022
300.0000021
300.0000018
300.0000011
300.0000016
300.0000008
299.9999998
299.9999993
299.9999993
299.9999995
299.9999995
299.9999956
299.9999946
299.9999945
299.9999948
299.9999955
299.9999973
300
300.0000014
300.0000016
300.0000015
300.0000013
300.0000019
300.0000313
300.0000196
300.0000118
300.0000035
299.9999995
300.0000014
300.0000022
300.0000023
300.0000022
300.0000022
300.0000021
300.0000015
300.0000012
299.9999992
299.9999984
299.9999978
299.9999977
299.9999981
299.999998
299.9999937
299.9999932
299.9999931
299.9999933
299.9999941
299.9999956
299.9999984
300.0000006
300.0000009
300.0000009
300.0000008
300.000001
300.0000126
300.0000092
300.0000062
300.0000034
300.0000018
300.0000015
300.0000021
300.0000022
300.0000022
300.0000022
300.0000022
300.000002
300.0000015
299.9999988
299.9999979
299.999997
299.9999964
299.9999962
299.9999959
299.9999939
299.9999937
299.9999937
299.999994
299.9999947
299.9999962
299.9999986
300.0000004
300.0000008
300.0000007
300.0000007
300.0000008
300.0000048
300.0000035
300.000002
300.0000005
299.9999996
300.0000016
300.000002
300.0000021
300.0000021
300.0000021
300.0000022
300.0000022
300.0000017
299.9999994
299.9999981
299.9999973
299.9999965
299.9999958
299.9999953
299.9999948
299.9999946
299.9999946
299.999995
299.9999959
299.9999976
299.9999996
300.0000007
300.0000008
300.0000007
300.0000007
300.0000009
300.000002
300.0000014
300.0000007
300
299.9999996
300.0000016
300.0000019
300.000002
300.000002
300.0000021
300.0000022
300.0000022
300.0000021
300.0000015
300.0000005
299.9999983
299.9999975
299.9999968
299.9999963
299.999996
299.9999959
299.999996
299.9999966
299.9999978
299.9999997
300.0000009
300.000001
300.0000009
300.0000008
300.0000008
300.000001
300.0000012
300.000001
300.0000007
300.0000004
300.0000005
300.0000016
300.0000018
300.0000019
300.0000019
300.000002
300.0000021
300.0000022
300.0000022
300.0000021
300.0000016
299.9999992
299.9999987
299.9999983
299.999998
299.9999978
299.9999979
299.9999983
299.9999992
300.0000008
300.0000016
300.0000014
300.000001
300.0000009
300.0000008
300.000001
300.0000012
300.0000011
300.000001
300.0000008
300.0000008
300.0000011
300.0000016
300.0000018
300.0000018
300.0000019
300.000002
300.0000021
300.0000022
300.0000023
300.0000022
300.0000018
299.9999998
299.9999994
299.9999994
299.9999995
299.9999998
300.0000003
300.0000011
300.0000021
300.0000024
300.0000018
300.0000012
300.0000009
300.0000008
300.0000009
300.0000012
300.0000016
300.0000014
300.0000012
300.0000009
300.0000008
300.0000006
300.0000016
300.0000017
300.0000018
300.0000018
300.0000019
300.0000021
300.0000022
300.0000023
300.0000023
300.0000018
300.0000001
299.9999998
299.9999999
300.0000003
300.000001
300.000002
300.000003
300.0000031
300.0000022
300.0000014
300.000001
300.0000008
300.0000008
300.0000009
300.0000014
300.0000021
300.0000019
300.0000016
300.0000011
300.0000007
300.0000005
300.0000016
300.0000017
300.0000017
300.0000018
300.0000019
300.0000021
300.0000023
300.0000024
300.0000023
300.000002
300.0000009
299.9999999
300.0000002
300.0000007
300.0000015
300.0000027
300.0000032
300.0000025
300.0000015
300.0000011
300.0000008
300.0000008
300.0000008
300.000001
300.0000017
300.000003
300.0000027
300.0000021
300.0000014
300.0000009
300.0000006
300.0000016
300.0000017
300.0000017
300.0000018
300.000002
300.0000021
300.0000023
300.0000024
300.0000023
300.0000021
300.0000013
300
300.0000004
300.000001
300.0000019
300.0000026
300.0000022
300.0000014
300.000001
300.0000008
300.0000007
300.0000007
300.0000007
300.000001
300.000002
300.000004
300.0000038
300.000003
300.000002
300.0000012
300.0000008
300.0000017
300.0000016
300.0000016
300.0000017
300.0000019
300.000002
300.0000022
300.0000023
300.0000021
300.000002
300.0000012
300.0000002
300.0000007
300.0000012
300.0000014
300.0000013
300.0000012
300.000001
300.0000009
300.0000008
300.0000007
300.0000006
300.0000007
300.0000009
300.0000025
300.0000052
300.000005
300.0000042
300.000003
300.0000018
300.000001
300.0000017
300.0000016
300.0000015
300.0000016
300.0000017
300.0000017
300.0000017
300.0000017
300.0000016
300.0000015
300.0000013
300.0000012
300.0000012
300.0000012
300.0000012
300.0000011
300.000001
300.0000009
300.0000008
300.0000007
300.0000006
300.0000006
300.0000006
300.0000009
300.0000033
300.0000062
300.0000051
300.0000043
300.0000019
300.0000013
300.0000011
300.0000018
300.0000015
300.0000014
300.0000014
300.0000014
300.0000014
300.0000014
300.0000014
300.0000014
300.0000014
300.0000014
300.0000014
300.0000014
300.0000013
300.0000013
300.0000011
300.000001
300.0000009
300.0000008
300.0000007
300.0000006
300.0000006
300.0000006
300.0000007
300.0000046
300.0001524
300.0000016
300.0000007
300.0000005
300.0000005
300.0000005
)
;

boundaryField
{
    walls
    {
        type            zeroGradient;
    }
    wallFilmFace_top
    {
        type            zeroGradient;
    }
    region0_to_wallFilmRegion_wallFilmFace
    {
        type            zeroGradient;
    }
    mirrorFace_top
    {
        type            zeroGradient;
    }
    region0_to_wallFilmRegion_mirrorFace
    {
        type            zeroGradient;
    }
    procBoundary1to0
    {
        type            processor;
        value           nonuniform List<scalar> 
52
(
300.0000014
300.000002
300.0000022
300.0000024
300.0000024
300.0000024
300.0000025
300.0000024
300.0000024
300.0000025
300.0000025
300.0000025
300.0000013
300.0000013
300.0000003
300.0000004
300.0000004
300.0000002
299.9999999
299.9999994
299.9999999
299.9999999
300.0018117
299.9999991
299.9999991
299.9999984
299.9999977
299.9999968
299.9999975
299.9999975
299.9999977
299.9999974
299.9999974
299.9999967
299.9999965
299.9999965
299.9999945
299.9999946
299.9999952
299.9999952
299.999997
299.999997
299.9999965
299.9999963
299.9999975
299.9999975
299.9999977
299.9999974
299.9999956
299.999996
299.9999958
299.9999947
)
;
    }
    procBoundary1to2
    {
        type            processor;
        value           nonuniform List<scalar> 
33
(
299.9999948
299.9999956
299.9999956
299.9999969
299.9999969
299.999998
299.9999993
299.9999992
299.9999992
299.9999984
299.9999983
299.9999971
299.9999958
299.999995
299.9999959
299.999996
299.9999951
299.9999952
299.9999956
299.9999959
299.9999985
300.0000011
299.9999995
299.9999996
300.0000034
300.0000018
300.0000002
300.0000016
300.0000009
300.0000015
300.0000013
300.0000011
300.0000006
)
;
    }
}


// ************************************************************************* //
