/*--------------------------------*- C++ -*----------------------------------*\
  =========                 |
  \\      /  F ield         | OpenFOAM: The Open Source CFD Toolbox
   \\    /   O peration     | Website:  https://openfoam.org
    \\  /    A nd           | Version:  8
     \\/     M anipulation  |
\*---------------------------------------------------------------------------*/
FoamFile
{
    version     2.0;
    format      ascii;
    class       volVectorField;
    location    "1.1/wallFilmRegion";
    object      U;
}
// * * * * * * * * * * * * * * * * * * * * * * * * * * * * * * * * * * * * * //

dimensions      [0 1 -1 0 0 0 0];

internalField   nonuniform List<vector> 
1342
(
(0.06769822936 -0.1016516 0)
(0.1232593847 -0.0854025506 0)
(0.01992246154 0.03714167335 0)
(0.1069136387 0.1191736833 0)
(-0.01637010003 0.1171277157 0)
(-0.07470073265 -0.5099624443 0)
(-0.1909744338 0.1783341634 0)
(-1.074015905 0.5308142739 0)
(-1.044183068 0.7558888194 0)
(-0.9432715473 0.9585863838 0)
(-0.8188965833 1.13643999 0)
(-0.5609232287 1.112783517 0)
(-0.1052332252 0.9533750097 0)
(0.2336825665 0.9842905002 0)
(0.3056198285 1.139225548 0)
(0.3059840441 1.300723962 0)
(0.2988401275 1.449959649 0)
(0.2955221567 1.579123912 0)
(0.2981454074 1.673905346 0)
(0.3031185699 1.709200866 0)
(0.2809681955 1.653788431 0)
(0.2110994556 1.511585275 0)
(0.1222799164 1.35491104 0)
(-0.007471262038 1.184330904 0)
(-0.1471325169 0.7749049654 0)
(-0.1428192443 0.8837608595 0)
(0.01507599129 -0.1037806775 0)
(0.0906538422 -0.09489847158 0)
(0.1217769868 -0.0552542856 0)
(0.178290121 0.01948967899 0)
(0.09806804726 -0.007745947035 0)
(0.06800115341 0.04440898912 0)
(-0.1366987341 -0.3718636806 0)
(-0.1116746536 0.2224339072 0)
(-0.6289410944 0.5288766447 0)
(-0.576554684 0.7990712934 0)
(-0.5117759422 1.086189099 0)
(-0.4451203091 1.35862798 0)
(-0.3386269695 1.442068071 0)
(-0.06638318374 1.261575953 0)
(0.293869342 1.09071922 0)
(0.4829446417 1.118293463 0)
(0.5173695683 1.251766527 0)
(0.5083422571 1.39222351 0)
(0.4940061604 1.508647352 0)
(0.4779128979 1.567686526 0)
(0.4331965184 1.519137945 0)
(0.3297107357 1.3622446 0)
(0.2202267034 1.196423238 0)
(0.09899103619 1.047144807 0)
(-0.04201792905 0.9597869708 0)
(-0.2279447606 0.478765862 0)
(-0.109997777 0.9740062397 0)
(0.07352603324 -0.002357836751 0)
(0.1270749936 -0.1135745683 0)
(0.1454961645 -0.1164392184 0)
(0.1138378017 -0.08674441696 0)
(0.1629774864 -0.2957135003 0)
(0.06385436714 -1.20671049 0)
(0.1082012558 -1.340749965 0)
(0.14951097 -1.242014382 0)
(0.1481601504 -0.8651052642 0)
(0.1123348008 0.514732743 0)
(0.1203475669 0.8955977922 0)
(0.1246551318 1.263284572 0)
(0.1317650342 1.618871094 0)
(0.149816331 1.894895523 0)
(0.1715183884 2.015558246 0)
(0.2228954319 1.937908909 0)
(0.3532696305 1.772404488 0)
(0.5314907388 1.534423446 0)
(0.6514507153 1.416622631 0)
(0.66629124 1.435216395 0)
(0.6018505483 1.404261281 0)
(0.4313034405 1.223982475 0)
(0.2630574817 1.033783049 0)
(0.1017143177 0.8659050201 0)
(-0.0252371006 0.7785581303 0)
(-0.1459466031 0.8380428048 0)
(-0.2142798191 0.4569806977 0)
(-0.06799428901 1.0764452 0)
(0.2323924874 -0.03330273387 0)
(0.1012572059 -0.1426950636 0)
(0.09058837832 -0.1144865977 0)
(0.09420664088 -0.0693963193 0)
(0.2027931959 -0.0876052509 0)
(-0.03666569944 -0.1594355371 0)
(-0.1835975951 0.08715531062 0)
(0.04124506394 -0.7338955285 0)
(0.1875993061 -0.6197570329 0)
(0.7081820868 0.5322595852 0)
(0.6605961967 0.8372325367 0)
(0.5956046411 1.121748545 0)
(0.4852219963 1.261415089 0)
(0.4022512708 1.41426965 0)
(0.3799028798 1.556919557 0)
(0.4631699333 1.583807535 0)
(0.6288993344 1.467050145 0)
(0.7857113192 1.337857942 0)
(0.8512884549 1.318975792 0)
(0.8111156037 1.3394406 0)
(0.6527609071 1.257304159 0)
(0.4379459688 1.068641708 0)
(0.2299581597 0.8905432089 0)
(0.04311129989 0.7775083549 0)
(-0.1147251558 0.7368850033 0)
(-0.1226905048 0.8260917883 0)
(-0.01092297347 0.7008276525 0)
(-0.01179283418 1.194805106 0)
(0.09259720808 -0.1894304706 0)
(-0.05184996906 -0.2160260933 0)
(-0.142441301 -0.1139599895 0)
(-0.07113933389 -0.001579936409 0)
(0.07512390708 -0.08890937859 0)
(0.0131438013 0.008196195128 0)
(-0.218829481 -0.000155121965 0)
(-0.1025112994 -0.3572733767 0)
(-0.6092776783 0.446869686 0)
(1.110910156 0.5397716216 0)
(1.048035152 0.7976403649 0)
(0.7278396607 0.8609560875 0)
(0.304295149 0.6722983757 0)
(0.3134130179 0.800555791 0)
(0.5670727612 1.078064067 0)
(0.806566612 1.200538291 0)
(0.9607582983 1.191470275 0)
(1.033347 1.191096194 0)
(1.024145878 1.233195824 0)
(0.9174067855 1.253568859 0)
(0.6962255885 1.163934228 0)
(0.5135158543 1.022214527 0)
(0.3331706719 0.9363424326 0)
(0.05401137032 0.8706272412 0)
(-0.1785102109 0.8025765661 0)
(-0.1784520661 0.7877337872 0)
(-0.06708767434 0.5495093322 0)
(0.05858738825 1.100967011 0)
(0.07575993897 -0.240959613 0)
(-0.00494474293 -0.3349882992 0)
(0.04365863857 -0.2507506973 0)
(0.09239341385 -0.1393502926 0)
(0.08628937757 -0.06344335179 0)
(0.01709456744 -0.2154913372 0)
(0.00893206747 -0.2293712047 0)
(-0.03756741814 -0.2432409892 0)
(-0.1813254777 -0.4118507842 0)
(-0.4140547981 0.4618199132 0)
(1.440715166 0.5418487179 0)
(1.326314135 0.7545815552 0)
(0.7095444075 0.6837257058 0)
(-0.1557101125 0.3437614526 0)
(0.2723352532 0.4517605366 0)
(0.8177718197 0.7343915291 0)
(1.113594673 0.9300050479 0)
(1.215352666 1.027259493 0)
(1.216587961 1.096986341 0)
(1.148846186 1.153119308 0)
(0.9887460907 1.161475768 0)
(0.8028990346 1.096282585 0)
(0.6411694111 1.030075129 0)
(0.4768065706 1.034884849 0)
(0.307850353 1.202104784 0)
(0.2190953903 1.377077712 0)
(0.186592701 1.383917139 0)
(0.1862841957 0.842149237 0)
(0.09858769507 1.079647345 0)
(0.06874053434 -0.4946641579 0)
(0.07998160882 -0.5287849118 0)
(0.1008643793 -0.4234185486 0)
(0.124813625 -0.3097474819 0)
(0.1267030329 -0.2492659861 0)
(0.1066427942 -0.7122686784 0)
(0.1084679168 -0.6735458975 0)
(0.1028740967 -0.6178925163 0)
(0.05645867378 -0.4507110265 0)
(0.2749680706 0.4809905771 0)
(1.683385843 0.5423538728 0)
(1.489644682 0.6969849627 0)
(0.8230144639 0.6555350663 0)
(-0.2983713297 0.4889611674 0)
(0.02888082039 0.4896566641 0)
(0.5170717728 0.5654940595 0)
(1.017291007 0.6709658866 0)
(1.268319095 0.8009305508 0)
(1.338222835 0.9244294762 0)
(1.275362963 1.01096271 0)
(1.114069423 1.030890584 0)
(0.9121760302 1.031163741 0)
(0.7318068831 1.021216251 0)
(0.5350039189 1.077607992 0)
(0.3700186578 1.226059656 0)
(0.3191054206 1.35187208 0)
(0.3087821244 1.422295071 0)
(0.3095862066 0.7014348225 0)
(0.1450689702 1.048335519 0)
(0.07358071705 -0.3937874987 0)
(0.1181505027 -0.4192375953 0)
(0.1564525977 -0.4695121349 0)
(0.142581644 -0.636914819 0)
(0.04266374981 -0.5109370826 0)
(0.07287308716 -0.8053639374 0)
(0.07382447836 -0.8351942315 0)
(-0.2500601756 0.2554820254 0)
(-0.3441798475 0.2612893298 0)
(0.02457598928 0.3615073798 0)
(1.829836977 0.5303370912 0)
(1.581951039 0.6581850096 0)
(0.6316356402 0.6260945124 0)
(-0.5786307407 0.562675347 0)
(-0.7904609722 0.5587732788 0)
(-1.075575121 0.6923069883 0)
(-0.5343760084 0.7136616842 0)
(-0.1193545644 0.7654513756 0)
(0.2709843667 0.8168816956 0)
(0.6063730456 0.8624880976 0)
(0.7781512679 0.8946745601 0)
(0.7929236459 0.9296930112 0)
(0.6901880749 0.982010273 0)
(0.5213213904 1.082689686 0)
(0.3963354699 1.214255081 0)
(0.3018350552 1.295093071 0)
(0.2049494097 1.34442868 0)
(0.1030407597 0.6472753599 0)
(0.1273758379 0.9555957738 0)
(0.01190825498 -0.09590719814 0)
(0.01057841195 -0.2346875291 0)
(-0.02134902102 -0.413964888 0)
(-0.1562346995 -0.3581863884 0)
(-0.3049636985 -0.1952269979 0)
(0.0683534211 -0.7121387196 0)
(0.02822496245 -0.3521295169 0)
(-0.3440294839 0.2750212408 0)
(-0.3713843956 0.2678184344 0)
(0.3958894281 0.4318095738 0)
(1.827608123 0.5234438635 0)
(1.478716094 0.6281329903 0)
(-0.01770397904 0.5112546574 0)
(-0.6008722882 0.4196978115 0)
(-0.6284455416 0.4463258296 0)
(-0.7108409897 0.6703119305 0)
(-0.7264145208 0.7976444787 0)
(-0.7451836596 0.9075138428 0)
(-0.7388219687 0.987182181 0)
(-0.3603978048 0.9418844909 0)
(0.03318449847 0.9100822942 0)
(0.2849420133 0.9325600653 0)
(0.4251317925 0.9835731543 0)
(0.4925736369 1.092717636 0)
(0.4636034637 1.193011172 0)
(0.3679084522 1.24432559 0)
(0.2528048535 1.26753891 0)
(0.1278612437 0.4871384431 0)
(0.1712161246 0.8533209176 0)
(-0.06171954006 -0.1185756231 0)
(-0.0583902562 -0.1390779514 0)
(-0.04876435935 -0.2862607982 0)
(-0.1942540339 -0.09731378001 0)
(-0.4228773622 -0.1655045491 0)
(0.09324042658 -0.4270737107 0)
(0.2024124018 -0.2276606453 0)
(-0.1699811716 0.1699190883 0)
(-0.2353899651 0.2029478553 0)
(0.6624799763 0.4595522591 0)
(1.54415091 0.5262114327 0)
(1.097072469 0.6131039133 0)
(-0.2201376855 0.1616339941 0)
(-0.3924532475 0.1298541579 0)
(-0.4160520475 0.1293105978 0)
(-0.4537434431 0.662619746 0)
(-0.4477548786 0.7911787141 0)
(-0.4444719756 0.9118682362 0)
(-0.4385937133 1.02425299 0)
(-0.3970262091 1.088609579 0)
(-0.2187658546 1.084099268 0)
(0.1153308484 1.029805611 0)
(0.4037333328 1.029946874 0)
(0.564798336 1.08405651 0)
(0.5764885239 1.145223083 0)
(0.5110502164 1.185710414 0)
(0.4066679004 1.207661166 0)
(0.2877722586 0.5222317441 0)
(0.2167569914 0.7615189919 0)
(-0.1261665718 -0.149237708 0)
(-0.05036276489 -0.1542307192 0)
(0.01206259134 -0.1695141899 0)
(-0.1260650589 -0.01821382444 0)
(-0.515174163 -0.2205962764 0)
(-0.02903400239 0.1236503441 0)
(0.2345823283 -0.1257417386 0)
(0.07429092762 0.1051863877 0)
(-0.1079702875 0.08129615337 0)
(-0.2228928837 -0.2033877885 0)
(0.2051081197 -0.120345906 0)
(0.213215785 -0.5964036853 0)
(0.3328070698 -0.9354614749 0)
(0.3948154522 -0.8531847591 0)
(0.4164413014 -0.7209005972 0)
(0.4122472217 0.7330460141 0)
(0.4157086451 0.8459916771 0)
(0.4175598238 0.9671055637 0)
(0.4161804243 1.118574473 0)
(0.4073933663 1.296870212 0)
(0.3933248281 1.505756208 0)
(0.4115984062 1.308825033 0)
(0.4381371477 0.976469418 0)
(0.4475913789 0.7907975172 0)
(0.4887369136 0.7400746653 0)
(0.5136328224 0.8449339913 0)
(0.4807839623 0.9761084891 0)
(0.4171489006 0.5256730029 0)
(0.2607387592 0.6988083031 0)
(0.1211513743 -0.003823628077 0)
(0.07130318805 0.05581510231 0)
(-0.2511506393 0.04734702122 0)
(-0.3309780946 -0.03147652966 0)
(-0.5523393784 -0.3318382817 0)
(0.2933316792 -0.9554410199 0)
(0.3568466657 -1.202318111 0)
(0.329607401 -1.115221267 0)
(0.298772603 -1.01927969 0)
(0.2702948006 -0.8987241932 0)
(0.2328733936 -0.6392840881 0)
(0.2520831068 -0.5875307545 0)
(0.3454775436 -0.6885422275 0)
(0.3866557985 -0.7098908316 0)
(0.4043585695 -0.638450037 0)
(0.5810555231 0.7144250996 0)
(0.580513412 0.8392819401 0)
(0.5823447712 0.9584738282 0)
(0.5738583592 1.09872772 0)
(0.5576735703 1.267866495 0)
(0.546895736 1.489149559 0)
(0.4768456118 1.252587536 0)
(0.4429404345 0.896889572 0)
(0.4720184485 0.6340291548 0)
(0.4746525271 0.5659170312 0)
(0.4797778603 0.6528877159 0)
(0.4846362473 0.8263941121 0)
(0.4357926865 0.3978003035 0)
(0.2968450629 0.6627397627 0)
(-0.04477535541 0.07091668901 0)
(-0.2003893945 -0.09791926355 0)
(-1.137831538 0.08333161582 0)
(-1.04939757 0.05451628304 0)
(-0.7527628805 -0.2391013679 0)
(0.08616048789 -0.8950784461 0)
(0.3376076455 -1.228931019 0)
(0.3378680281 -1.184065821 0)
(0.3254804516 -1.146581023 0)
(-0.814366995 0.4777037652 0)
(-0.6847520967 0.5481311505 0)
(0.02840212156 -0.1659766273 0)
(0.3888274101 -0.1033223816 0)
(0.4269288962 -0.2974392171 0)
(0.4554714663 -0.1390075626 0)
(0.7378288339 0.6652887094 0)
(0.7459399814 0.823962063 0)
(0.7488602736 0.9465804075 0)
(0.7356144441 1.081086579 0)
(0.7123529652 1.240887248 0)
(0.67650686 1.44552273 0)
(0.5645698233 1.252534986 0)
(0.4942763796 0.9178046625 0)
(0.4672670467 0.6714285667 0)
(0.4774292718 0.5123718426 0)
(0.4344974194 0.5607531431 0)
(0.3819707229 0.7473333222 0)
(0.3700018864 0.09858270229 0)
(0.3297649181 0.6420730934 0)
(-0.1112310555 -0.2236614529 0)
(-0.4350866492 -0.2385296616 0)
(-1.469318002 0.2542633547 0)
(-1.237889582 0.2317270401 0)
(-1.100251502 0.1068693144 0)
(-0.5216222063 -0.1804435588 0)
(0.2715900678 -0.9964498996 0)
(0.2396445625 -0.7953944357 0)
(0.2266938992 -0.598404744 0)
(-0.5938007899 0.4585632142 0)
(-0.6458745294 0.5342452791 0)
(-0.2552316063 0.5680443169 0)
(0.6388636701 0.4444015583 0)
(0.567776108 0.2299959097 0)
(0.5847085829 0.3668699123 0)
(0.8929908939 0.6775515217 0)
(0.923028065 0.8213581203 0)
(0.9223782169 0.9390886378 0)
(0.9048794423 1.066138862 0)
(0.8683975009 1.211451157 0)
(0.7999044105 1.386390164 0)
(0.6571148636 1.261967014 0)
(0.5575801862 0.9805136795 0)
(0.5069920292 0.7503601611 0)
(0.4735660267 0.5779536451 0)
(0.4329119965 0.5630398308 0)
(0.3819270914 0.7057061637 0)
(0.4015255762 -0.3098174342 0)
(0.3625106319 0.6258638633 0)
(-0.2725058283 -0.5681358462 0)
(-0.6154873871 -0.3153450068 0)
(-1.648518012 0.296804347 0)
(-1.340442672 0.2970151736 0)
(-1.147362208 0.2394283069 0)
(-0.8049791521 0.1139727915 0)
(0.2744202626 -0.7375155245 0)
(0.4411760817 -0.6577989044 0)
(0.4739358245 -0.4662467797 0)
(0.5913031795 0.5048585762 0)
(0.5903253092 0.7573349752 0)
(0.2997717614 0.7787309544 0)
(0.893310873 0.5702908329 0)
(0.7828398357 0.5836845215 0)
(0.7416485177 0.6427645375 0)
(1.043143768 0.7212664989 0)
(1.090317023 0.8332966876 0)
(1.089268479 0.9455810244 0)
(1.059542551 1.062098981 0)
(0.9964625891 1.178245083 0)
(0.8864193097 1.302450879 0)
(0.7289800392 1.228114448 0)
(0.6203341061 1.00749817 0)
(0.5666783721 0.8042208064 0)
(0.5346841987 0.6415995066 0)
(0.5011687631 0.6024018932 0)
(0.4585445358 0.7099489025 0)
(0.4660520626 -0.5375091964 0)
(0.3940066442 0.6110558623 0)
(-0.2403019829 -0.697438067 0)
(-0.6550807286 -0.3246490547 0)
(-1.702772311 0.287854835 0)
(-1.402073303 0.3527434667 0)
(-1.166421959 0.3486673788 0)
(-0.8754131225 0.2532315768 0)
(0.3912268326 -0.7444564656 0)
(0.5936222304 -0.7213004762 0)
(0.6510477794 -0.5437108444 0)
(0.8300303357 0.508965104 0)
(0.770948525 0.7159894226 0)
(0.5604543427 0.8168886145 0)
(1.076247889 0.5899619091 0)
(0.9606366221 0.6738059087 0)
(0.8852672611 0.7400573387 0)
(1.160485996 0.7636373398 0)
(1.215845433 0.8575473842 0)
(1.208571253 0.9600442138 0)
(1.14380595 1.04859873 0)
(1.036401314 1.12921981 0)
(0.8854736148 1.178830163 0)
(0.7229925567 1.083971344 0)
(0.6137239121 0.8970570476 0)
(0.5548407275 0.74473779 0)
(0.5214930263 0.648978253 0)
(0.5258760672 0.6205952901 0)
(0.5275542473 0.6960486965 0)
(0.5232476505 -0.4809997302 0)
(0.4227911647 0.5982135598 0)
(-0.2819121995 -0.1745740054 0)
(-0.7456021899 0.1799731691 0)
(-1.604444407 0.2589006104 0)
(-1.400177422 0.4187387486 0)
(-1.153940345 0.4538749129 0)
(-0.8870107029 0.3815558177 0)
(0.4509802732 -0.6724513398 0)
(0.6350768119 -0.6685641273 0)
(0.7224917401 -0.5379343227 0)
(1.138477833 0.5197610963 0)
(1.028291368 0.6708331296 0)
(0.841323574 0.7920204334 0)
(1.231303344 0.5976047271 0)
(1.09928973 0.6845769085 0)
(1.008149086 0.7607340036 0)
(1.225645611 0.7954023316 0)
(1.259022389 0.8835040518 0)
(1.229108029 0.9698856143 0)
(1.128266007 1.023856647 0)
(0.9845849909 1.061627493 0)
(0.8123875241 1.030384035 0)
(0.6483112281 0.8936012532 0)
(0.5415953457 0.7487282082 0)
(0.4819503734 0.6550134301 0)
(0.4525189094 0.6081151128 0)
(0.4531897839 0.6032565413 0)
(0.4902994538 0.677461234 0)
(0.5376354345 -0.2760173195 0)
(0.4474711736 0.5903027978 0)
(0.6447753839 -0.3556084937 0)
(0.7472927872 0.1265443728 0)
(-1.403985887 0.2341244723 0)
(-1.280016045 0.4694338022 0)
(-1.101313746 0.5952214343 0)
(-0.864012314 0.5278011929 0)
(-0.2409109938 0.1876572855 0)
(0.6253890611 -0.4108916539 0)
(0.7139976682 -0.2178023516 0)
(1.083549665 0.4436038115 0)
(1.09509854 0.6065809567 0)
(1.010615878 0.7234507148 0)
(1.368523213 0.601623921 0)
(1.21719575 0.6820502826 0)
(1.114084613 0.756793231 0)
(1.242471191 0.8126857649 0)
(1.248071311 0.8912509831 0)
(1.158318413 0.9763048922 0)
(1.048604907 0.9986348724 0)
(0.8920884172 0.9899992906 0)
(0.7252611806 0.9084551432 0)
(0.5786579316 0.7731654576 0)
(0.4806933397 0.6630131193 0)
(0.4277017467 0.5990466787 0)
(0.4095097588 0.5732440806 0)
(0.420836487 0.5811201541 0)
(0.4728807648 0.657819105 0)
(0.5438862824 -0.1261846299 0)
(0.4678177202 0.5903057863 0)
(0.7912460397 -0.327442404 0)
(0.8443170163 0.1287777687 0)
(-1.143020163 0.2157183713 0)
(-1.064912546 0.520581195 0)
(-0.9323581941 0.7439266648 0)
(-0.7655486469 0.7873384796 0)
(-0.4944572567 0.5179162831 0)
(-0.004961278462 0.1767321783 0)
(0.707253057 -0.08647354706 0)
(1.020798903 0.425282349 0)
(1.075147042 0.5711625024 0)
(1.056105056 0.6695680703 0)
(1.486570485 0.6040711249 0)
(1.320392299 0.6765507093 0)
(1.20693186 0.745334023 0)
(1.237621829 0.812761501 0)
(1.210342838 0.8799508798 0)
(1.107603644 0.938852728 0)
(0.9448585906 0.9809463395 0)
(0.7987313081 0.9387232447 0)
(0.6549628076 0.8466635363 0)
(0.5313667624 0.7280411497 0)
(0.4476608572 0.6293201481 0)
(0.4095712546 0.5681677698 0)
(0.4073134369 0.5453130923 0)
(0.4300483702 0.5577777417 0)
(0.4873179978 0.6367397161 0)
(0.5596996367 -0.05161422137 0)
(0.4836971896 0.5983434421 0)
(0.8919602875 -0.3050158829 0)
(0.9241050504 0.1298768616 0)
(-0.8240250617 0.2037969676 0)
(-0.7669657829 0.5735609803 0)
(-0.6430951125 0.9075479481 0)
(-0.468150406 1.079250985 0)
(-0.4066160026 0.9094607758 0)
(-0.2984913359 0.6363883638 0)
(0.1090175285 0.3155561639 0)
(0.9682509019 0.4243961189 0)
(1.041363648 0.5551538379 0)
(1.052090711 0.6380204888 0)
(1.576789232 0.6065489259 0)
(1.408878835 0.6701018935 0)
(1.288353549 0.7316386731 0)
(1.242460606 0.7976368471 0)
(1.179248988 0.8532479222 0)
(1.067400873 0.8932256554 0)
(0.9170236557 0.9142832954 0)
(0.7457479161 0.9071201197 0)
(0.5991022158 0.8389203325 0)
(0.5042275801 0.7350958563 0)
(0.435274234 0.6130848993 0)
(0.3871356948 0.535472029 0)
(0.379792727 0.5060325313 0)
(0.4373238693 0.5190719352 0)
(0.5111318598 0.5936015734 0)
(0.5791067192 0.08567019769 0)
(0.4934957379 0.6107503487 0)
(0.7908058247 -0.9391807399 0)
(0.7876093676 -0.5346347492 0)
(0.7799635421 0.1974084236 0)
(0.7379795466 0.7414962453 0)
(0.6273004161 1.237931941 0)
(0.3568186745 1.446899922 0)
(-0.03813504991 1.229061857 0)
(-0.1846349082 0.8911718333 0)
(-0.1194169055 0.6877380502 0)
(0.605876611 0.4976864896 0)
(1.007102084 0.5480455444 0)
(1.031883444 0.6209395966 0)
(1.619757509 0.6107514393 0)
(1.47768345 0.6638942755 0)
(1.357171103 0.7178451272 0)
(1.268289441 0.7748404974 0)
(1.175460937 0.8196680322 0)
(1.056766121 0.8481902136 0)
(0.9161562141 0.8620124518 0)
(0.7659157388 0.8583257144 0)
(0.6237147222 0.8329716259 0)
(0.5236153094 0.7702011018 0)
(-0.1257505139 0.1473645303 0)
(-0.06350950006 0.1561348981 0)
(-0.08770440278 0.1369315384 0)
(-0.02998874895 0.2103064795 0)
(0.1273791781 0.3558620389 0)
(0.3552128738 0.09198028906 0)
(0.478089069 0.618125256 0)
(0.9668323084 -0.8815257566 0)
(1.00549151 -0.4989538851 0)
(1.067414195 0.202304313 0)
(0.9769313021 0.705795327 0)
(0.6816702813 0.9971785067 0)
(0.1526406255 0.9046534354 0)
(-0.4325097786 0.6873336476 0)
(-0.2977297106 0.3991410177 0)
(0.230655335 0.1121188697 0)
(0.9218622832 0.4392474412 0)
(0.9838666033 0.5447001413 0)
(1.00967208 0.609819535 0)
(1.589386787 0.617499161 0)
(1.515287282 0.6591532845 0)
(1.407867506 0.7053856103 0)
(1.303580929 0.7522923154 0)
(1.193659887 0.7890351559 0)
(1.069605217 0.8137360903 0)
(0.9338774341 0.8311534591 0)
(0.7972414141 0.841113885 0)
(0.6739200568 0.8493909803 0)
(0.009000820107 -0.008031889033 0)
(-0.1439008013 -0.06893492435 0)
(-0.152156369 0.04610443732 0)
(-0.1471808256 0.01187088667 0)
(-0.1210363933 0.06775840019 0)
(-0.02590668448 0.2259563993 0)
(0.143256243 -0.06237308616 0)
(0.421313689 0.5983908038 0)
(1.148299315 -0.8212010713 0)
(1.224810855 -0.4607196329 0)
(1.376011712 0.2080985656 0)
(1.185624995 0.6391137698 0)
(0.7475180995 0.7756008266 0)
(0.1420341593 0.6633262992 0)
(-0.5922960781 0.6688046447 0)
(-0.1852963705 0.3563248219 0)
(0.5055718039 -0.07409582231 0)
(0.9290769836 0.4377183597 0)
(0.9668650345 0.5395927514 0)
(0.9911835264 0.601006028 0)
(1.47630094 0.625228168 0)
(1.505658273 0.6568193216 0)
(1.429238239 0.6956081557 0)
(1.327978147 0.7345799698 0)
(1.213037406 0.7671695867 0)
(1.087395521 0.7942268112 0)
(0.9577769087 0.8216376641 0)
(0.8366425352 0.85304994 0)
(0.7825700315 0.05090563543 0)
(-0.05488675165 -0.04075045586 0)
(-0.04681832185 -0.05423638094 0)
(-0.1478737144 -0.1039357231 0)
(-0.1656554122 -0.1007302114 0)
(-0.169536962 -0.1028290883 0)
(0.08913508635 0.02123186368 0)
(0.2361887901 -0.6135367152 0)
(0.3597849669 0.5862433868 0)
(1.3132018 -0.7365369297 0)
(1.438272161 -0.419369851 0)
(1.693169583 0.2165266113 0)
(1.374088957 0.5495797361 0)
(0.7941012753 0.5953897001 0)
(-0.009951848317 0.5402106815 0)
(-0.655513535 0.6690503287 0)
(-0.04192672112 0.3014463767 0)
(0.1533582038 0.2071168832 0)
(0.8184717664 0.3669884319 0)
(0.9587287261 0.5270755902 0)
(0.9784694713 0.5920528056 0)
(1.311851336 0.6303189964 0)
(1.439263439 0.6568455375 0)
(1.407523966 0.6896105952 0)
(1.321863805 0.7236144275 0)
(1.211921965 0.75592775 0)
(1.0916866 0.7896294086 0)
(0.9759464877 0.8294154878 0)
(0.8785928077 0.8794817392 0)
(0.5267107418 0.1654372428 0)
(0.01194900524 -0.07881709402 0)
(-0.1023254598 -0.08817642108 0)
(-0.1563613572 -0.1429119316 0)
(-0.1797094359 -0.1481287943 0)
(-0.1689919161 -0.1470841183 0)
(-0.03281859447 -0.2303022533 0)
(0.2740930409 -0.5823535667 0)
(0.3002686638 0.5290797169 0)
(1.404414852 -0.6042526206 0)
(1.595484967 -0.368852619 0)
(1.989310082 0.2211244491 0)
(1.523368221 0.450125989 0)
(0.7775765771 0.4755158999 0)
(-0.2823134351 0.5052843389 0)
(-0.6783805327 0.6838225082 0)
(0.03610913485 0.3350002507 0)
(0.2087087082 0.2179534822 0)
(0.4394041949 0.2392911123 0)
(0.8917448051 0.453574982 0)
(0.970308956 0.5741691283 0)
(1.153969621 0.6285071353 0)
(1.325952616 0.6576722495 0)
(1.33726448 0.6875186222 0)
(1.274096646 0.7197434036 0)
(1.177808964 0.755034927 0)
(1.072800533 0.7972250791 0)
(0.979840843 0.8495683891 0)
(0.9263692919 0.5207014375 0)
(0.08395390792 0.001925690349 0)
(-0.01249665346 -0.09886498592 0)
(-0.0702969867 -0.1348580222 0)
(-0.1353867815 -0.1590618484 0)
(-0.1666040852 -0.1608578676 0)
(-0.1853327681 -0.1564304636 0)
(-0.1754608011 -0.1634334484 0)
(0.08607470661 -0.4930904937 0)
(0.233213075 0.4497520181 0)
(-1.058105747 -0.4182456787 0)
(1.555112463 -0.2958817901 0)
(2.232142066 0.224735261 0)
(1.59304318 0.3657062574 0)
(0.5732541909 0.3967630873 0)
(-0.5539780047 0.5301659306 0)
(-0.6658186692 0.7025139646 0)
(0.08002222934 0.3681952329 0)
(0.2071957408 0.2623994015 0)
(0.3374895711 0.245192583 0)
(0.6539177047 0.3302585649 0)
(0.9287989203 0.5177941597 0)
(1.046493477 0.6135146986 0)
(1.194981407 0.6560027215 0)
(1.231993673 0.6878486682 0)
(1.191855963 0.7217954361 0)
(1.116624847 0.7624604275 0)
(1.036767747 0.812158982 0)
(0.9734415908 0.8708341407 0)
(0.9433416541 0.5131107482 0)
(0.1660079879 -0.05393263616 0)
(0.05954490817 -0.08224969114 0)
(-0.04608351669 -0.09134297904 0)
(-0.09697745318 -0.1165313655 0)
(-0.1374867208 -0.1187590266 0)
(-0.1733030335 -0.1321181275 0)
(-0.2115114456 -0.142397788 0)
(-0.209884412 -0.3623424724 0)
(0.1587337306 0.3230162794 0)
(-1.043644441 0.005370433442 0)
(1.21875347 -0.1396925051 0)
(2.361798234 0.23578369 0)
(1.55135878 0.3117206502 0)
(0.1549311349 0.3816703852 0)
(-0.6291861709 0.5723370749 0)
(-0.6220975256 0.7333935673 0)
(0.0318999258 0.4792244487 0)
(0.1629872446 0.3791554317 0)
(0.2919110234 0.3019471286 0)
(0.422506476 0.3112618977 0)
(0.6948618215 0.4077925621 0)
(0.9438795047 0.5607439378 0)
(1.076311435 0.6427053045 0)
(1.121701864 0.6865605264 0)
(1.10154062 0.7267084038 0)
(1.05136984 0.774072991 0)
(0.9996369485 0.8286156051 0)
(0.9639507616 0.8875679571 0)
(0.8947260401 0.6164994078 0)
(0.2470276777 -0.0002024734544 0)
(-0.06226035719 0.05898304054 0)
(-0.1115092763 0.04127165371 0)
(-0.05770978567 0.09566486694 0)
(-0.08463688395 0.07015186709 0)
(-0.1261159314 -0.06411196875 0)
(-0.1893288018 -0.09922417603 0)
(-0.2143955525 -0.2405393437 0)
(0.06387843466 0.1512002947 0)
(-1.108224277 -0.04363232945 0)
(1.031483803 -0.02520514829 0)
(2.342910126 0.2402335635 0)
(1.330231349 0.2862509275 0)
(-0.2408255027 0.4074733377 0)
(-0.5136663934 0.5950313711 0)
(-0.5916386348 0.7876750748 0)
(-0.2389170794 0.7304660519 0)
(-0.02373712555 0.5733100318 0)
(0.07211997356 0.5097132282 0)
(0.1292931561 0.4630811166 0)
(0.2578751858 0.3854583279 0)
(0.526670076 0.4351930521 0)
(0.8363664067 0.5544571455 0)
(0.9961063953 0.6557599521 0)
(1.020815462 0.7216419785 0)
(1.001493195 0.7828587112 0)
(0.9837052528 0.8500133101 0)
(0.968773063 0.898788274 0)
(0.8648804546 0.6754896111 0)
(0.3599520856 0.1163645541 0)
(0.2506455785 0.1282214975 0)
(0.08352121691 0.167627708 0)
(-0.01197816001 0.2266576496 0)
(-0.0927002804 0.2712037628 0)
(-0.1188054135 0.1076762115 0)
(-0.120731794 -0.09736302382 0)
(-0.1602481968 -0.1646201527 0)
(-0.01245719097 -0.08082829051 0)
(-1.214699837 -0.0900985755 0)
(-0.1137523599 0.216698538 0)
(2.158379295 0.2306543736 0)
(0.850747057 0.3274066382 0)
(0.3315564316 0.233967132 0)
(0.03909825765 0.4012833711 0)
(-0.8326638822 0.8156904871 0)
(-0.8579923888 0.7514872334 0)
(-0.8330792738 0.6392539852 0)
(-0.8248983598 0.5894664318 0)
(-0.8363484059 0.5478020694 0)
(-0.8639244126 0.5144455758 0)
(-0.5454467398 0.5042821568 0)
(-0.04199263382 0.5590457216 0)
(0.1843028145 0.6416424387 0)
(0.2145703373 0.7163048729 0)
(0.1885974279 0.7920420701 0)
(0.2433702043 0.8841965321 0)
(0.2840575728 0.8525743292 0)
(0.4209180258 0.6959904666 0)
(0.2100295017 0.2734772959 0)
(-0.05418054331 0.2291524184 0)
(-0.3645386553 0.2646016313 0)
(-0.368834674 0.3520715688 0)
(-0.3513052478 0.3923890471 0)
(-0.3141102951 0.3200816482 0)
(-0.1823024542 -0.02200769991 0)
(-0.1625326879 -0.1323919149 0)
(-0.1327011786 -0.05117957353 0)
(1.201721728 -0.05963043519 0)
(0.7666043471 0.1333829542 0)
(0.8916655578 0.1541912072 0)
(0.8780246992 0.1958666351 0)
(0.910735823 0.2600973662 0)
(0.9145001129 0.3548412798 0)
(0.893734089 0.4565382902 0)
(0.8544574783 0.4978462005 0)
(0.8210767434 0.4887370894 0)
(0.8067553366 0.4669080211 0)
(0.8169455052 0.441630581 0)
(0.8460262368 0.4141826495 0)
(0.8762637237 0.3944410759 0)
(0.8882760348 0.3949979681 0)
(0.8711739534 0.4131859961 0)
(0.8294788034 0.4373870174 0)
(0.7694190368 0.4606260781 0)
(0.697350197 0.4787482811 0)
(0.6226113677 0.4859061064 0)
(0.5479363637 0.4810449014 0)
(0.4477947649 0.4386570584 0)
(0.3804069694 0.4318797651 0)
(0.3445829927 0.4445924939 0)
(0.3179463086 0.4519854343 0)
(0.2943116694 0.4372938136 0)
(0.2475479184 0.378202647 0)
(0.1436405106 0.2777971574 0)
(0.05733758234 0.152457296 0)
(-0.07273461835 0.04127585109 0)
(-0.6043824631 0.0003327917646 0.01286854549)
(-2.100655085 -0.01164230256 -7.974486524)
(-0.02364291165 0.07709238589 -1.301818877)
(-2.709499591 0.416042634 -7.244060284)
(0.1046882832 0.2975417229 -1.171168681)
(-3.100562986 1.692302125 -6.648987276)
(-2.044951561 2.339357893 -9.232343598)
(-1.034595041 2.474722408 -9.737530323)
(-6.501297784 -1.971022498 -3.63550362)
(-4.760662107 -2.672951615 -5.112914476)
(-3.798499493 -3.071743062 -5.829701572)
(-2.544607233 -3.560673098 -6.777419628)
(-7.047630255 -2.425412681 -2.49271415)
(-5.447884276 -3.317458506 -3.622853754)
(-4.412903198 -3.869045946 -4.210696932)
(-3.006267423 -4.596135616 -5.031935135)
(-7.833647789 -2.000401091 -1.240453456)
(-6.496782675 -2.704386205 -1.723469129)
(-5.478886474 -3.238518607 -2.054769412)
(-3.936087529 -4.056807193 -2.573711553)
(-9.296098396 1.98686164 -0.878655057)
(-8.039261912 3.460926091 -1.687564169)
(-4.78958143 7.648399307 -3.73491275)
(-1.264099156 9.820551487 -4.796273794)
(1.213581769e-06 -1.71915556 -1.667436383)
(0.0001965686295 -1.43867052 -1.512708335)
(-3.461515266e-06 -1.445327048 -1.338569439)
(0 0.1176385321 -1.082332608)
(-3.733566021e-06 -2.511035306 -2.309557106)
(1.291512029e-06 -1.399109692 -3.453251338)
(0 0.1586137678 -1.187205063)
(0 -0.7519109125 -5.696364232)
(0 -0.5140041223 -5.883712688)
(0 0.2168916642 -1.748021883)
(0 -0.3502891093 -5.307832974)
(0 0.1027681702 -5.264401781)
(0 -0.2556493634 -0.7283559751)
(0 0.3668823652 -4.964203219)
(0 0.8429790599 -4.035043571)
(0 -0.2892554761 -1.221887971)
(0 1.152624734 -5.119155582)
(0 1.335888844 -6.783839661)
(0 0.01243868961 -1.732308852)
(0 1.486103372 -6.66853384)
(0 1.624762181 -6.899629407)
(0 0.9250674406 -2.464114768)
(0 1.725293541 -5.853165568)
(0 1.436370293 -3.039459945)
(3.700346327e-07 -0.3185899763 -0.1288236654)
(1.096216205e-07 1.13684193 -1.3261906)
(3.776118707e-06 1.32120774 -1.783912656)
(3.410853232e-06 0.2204039484 -0.3047304621)
(4.627303494e-05 1.346342531 -2.039161311)
(4.253314514e-05 0.6313673867 0.4263666225)
(-8.704563429e-05 -1.100749374 -1.163681789)
(-0.0008837323883 -0.5216445329 -1.252445775)
(-0.000516990272 -0.8523037959 -1.114152189)
(0.0006086874876 1.325579401 -1.030149858)
(-0.00011726135 1.177067021 -0.8058740182)
(0.0006682644395 1.209999404 -0.8343556043)
(0.0008871653334 -0.5516417352 -1.121373759)
(0.00194662525 -1.369747515 -0.8481908178)
(0.1042032481 0.3138778754 -1.067311188)
(0.001474313474 1.039712013 -0.7174266981)
(0.000547996304 -1.269364635 -0.7667402891)
(-1.030375332e-05 -1.157189014 -0.6646102166)
(8.978948232e-06 -1.170259443 -0.679700319)
(-3.083051492e-07 -1.087833433 -0.6278144645)
(-0.0001479092698 0.8724586336 -0.5677395476)
(-2.14450415e-07 0.7618645566 -0.4949927481)
(6.165567705e-06 0.784577143 -0.5609898052)
(0 -1.036156188 -0.5901365421)
(0 -0.9056176063 -0.4914892826)
(0 -0.8989872329 -0.4867041344)
(0 -0.848681617 -0.4445978656)
(0 0.6981882274 -0.4760012377)
(0 0.6035018241 -0.4521006108)
(0 0.6135181092 -0.474675985)
(0 -0.5732839777 -0.2555812383)
(0 -0.1844841289 -0.04881348435)
(0 0.5207603147 -0.2604325729)
(0 0.5341449685 -0.3731588899)
(0.3953235024 0.1699676143 -0.0002718195081)
(-0.3491429476 0.4084869286 -0.0006513721915)
(0.3757126741 0.2460631523 -0.0003924344135)
(-0.4012843442 0.03452605321 -5.584898253e-05)
(-0.5840232273 0.01930054637 -3.133806717e-05)
(-0.4734760152 0.03767153988 -5.98959867e-05)
(-0.295236045 0.033950606 -5.414342048e-05)
(-0.3818244622 0.03637068087 -5.849093759e-05)
(-0.3072001788 0.0359554763 -5.704762945e-05)
(0.2937396668 0.2685754542 -0.0004281783437)
(-0.1470277945 0.258800825 -0.0004120065274)
(0.1604472777 0.3334639549 -0.0005319085514)
(-0.304101658 0.1270143549 -0.0002025977517)
(0.04090527 0.3060898286 -0.0004871587258)
(0.002986045444 0.3071684658 -0.000488714614)
(0.1008479537 0.2446618698 -0.0003893499394)
(-0.01344892216 0.2349141904 -0.0003743170395)
(0.07776068383 0.2573610343 -0.000410074601)
(-0.009322968843 0.4173784413 -0.0006653668507)
(-0.06720613009 0.2895805006 -0.0004614850633)
(-0.05342520329 0.3179085049 -0.000506060899)
(0.1070559372 0.1103404327 -0.0001755929204)
(-0.00221489333 -0.024702491 3.935833962e-05)
(0.112514642 -0.0937300405 0.0001493691734)
(0.09039817125 0.215144229 -0.0003428647791)
(0.1013483937 -0.04374080577 6.955392761e-05)
(0.09250823717 0.04856020341 -7.73490941e-05)
(0.1052746784 -0.2038955675 0.0003248328013)
(-0.07744983847 -0.3243033545 0.0005160168656)
(0.122909758 -0.2816127967 0.0004482382968)
(0.05441672537 -0.1986798417 0.0003160254913)
(-0.006048583088 -0.3899563679 0.0006210711363)
(-0.05321783168 -0.3851731456 0.0006137120334)
(0.169733882 -0.2680099171 0.0004273165129)
(-0.1847405839 -0.3442712287 0.0005483191827)
(0.2277649548 -0.2756551825 0.0004387841841)
(-0.01879285582 -0.451084042 0.0007178748615)
(-0.3250525493 -0.2831568753 0.0004503721817)
(0.005745373487 -0.3569020386 0.0005685531107)
(0.2825478672 -0.2706121086 0.0004307612896)
(-0.2963130595 -0.3343277013 0.0005311897341)
(0.3377937173 -0.250046231 0.0003971482648)
(-0.4383869961 -0.09149063775 0.0001452522495)
(0.3967606976 -0.1949952767 0.0003111810708)
(-0.4273025028 -0.2641596514 0.0004204759714)
(0.4279427015 -0.0164290141 2.625955455e-05)
(-0.7191052586 0.2796431995 -0.0004446568092)
(-3.675527419 -0.3422974521 -6.010904456)
(-5.251713855 -0.8084978321 -4.999742932)
(-4.024387932 -0.9423196319 -5.958636895)
(-3.093112654 -0.3819534946 -6.688360469)
(-3.744877129 -0.98723975 -6.262069418)
(-3.381219398 -1.036237499 -6.640797126)
(-2.326731813 -0.4282632459 -7.601233174)
(-2.980673137 -1.091571783 -7.067338556)
(-2.530779671 -1.174659023 -7.550129253)
(-2.00429259 -1.254572897 -8.11789045)
(-3.319915333e-06 -1.61065669 -1.11305153)
(-3.026363041e-05 -1.718051258 -1.038856681)
(-1.510228157e-05 -2.037074803 -1.241740176)
(0 -0.6447671168 -1.797933251)
(-4.979331064e-07 -1.220959767 -0.8986104609)
(0 -0.8896781764 -1.255063232)
(0 0.1034031104 -3.024050739)
(0 -0.5349060658 -1.936934096)
(0 0.09758248033 -2.942865159)
(0 0.8681833591 -2.545236778)
(0 0.4286984199 -2.699333629)
(0 0.8991259978 -2.304282972)
(0 1.36689688 -2.423929881)
(0 1.182051674 -2.217161707)
(0 1.367947686 -2.143034707)
(0 1.663187148 -2.252378892)
(0 1.469716092 -1.982741583)
(0 1.36432214 -1.519663329)
(-2.679112527e-08 1.059632707 -0.9335274575)
(0 0.9704867449 -0.8318992362)
(-4.17591423e-07 1.038822422 -0.7184555669)
(-3.432840659e-05 1.412938506 -0.9171256804)
(-8.955956732e-06 1.230848859 -0.7639119442)
(-2.321357099e-05 1.227405778 -0.7773106343)
(-4.343400954 -1.452779394 -5.773479493)
(-3.642745365 -1.629986484 -6.442018048)
(-2.71936417 -1.856334082 -7.333893544)
(-6.164878838 -1.660251266 -4.157877971)
(-2.880898425 -2.681084109 -6.956920251)
(-2.276038815 -2.877452722 -7.491053001)
(-2.258957435e-05 -1.522232974 -0.8678499523)
(-0.0005977506345 -1.276767066 -0.7474310356)
(-3.879012442e-05 -1.279089982 -0.7254941723)
(0 -1.083197335 -0.8299822716)
(-1.269863984e-06 -1.341250303 -0.7257434486)
(0 -1.322074861 -0.7242812686)
(0 0.05023410524 -2.773313411)
(0 -1.02435322 -0.8066123664)
(0 -0.2015151829 -2.185554265)
(0 0.9345028354 -2.036324888)
(0 0.5484951175 -2.074155862)
(0 0.9650073984 -1.726410441)
(0 1.282905978 -1.71970197)
(0 1.098827133 -1.496151315)
(0 0.9346173601 -1.074392148)
(0 0.9641902333 -0.8163982577)
(0 0.7940024436 -0.7756960371)
(0 0.9095720965 -0.5890858142)
(-9.915363041e-07 1.099722554 -0.6524636985)
(0 0.9447605163 -0.5657397122)
(-8.856839742e-07 0.9146181951 -0.5717900491)
(6.722894651e-05 1.054219088 -0.6803323493)
(-2.814938174e-05 0.9090164808 -0.5909567512)
(-0.0004437220296 0.9364968866 -0.6179235694)
(-5.132092223 -2.544985538 -4.835844339)
(-6.652149513 -2.284407914 -3.249444412)
(-5.365628277 -2.933934483 -4.31123024)
(-4.306855332 -2.858141316 -5.452026036)
(-4.981692203 -3.111512279 -4.560741184)
(-4.515130924 -3.344169287 -4.870525149)
(-3.219502917 -3.291011887 -6.27080691)
(0 -1.206623605 -0.6206181518)
(0 -1.023827964 -0.5769439901)
(0 -0.9903606812 -0.5350113232)
(0 -0.7235789675 -0.9342308296)
(0 -0.9691051911 -0.4927646476)
(0 -0.8717597532 -0.432930714)
(0 0.9253402898 -1.319458068)
(0 -0.2407158603 -0.5909087682)
(0 0.5382173887 -0.7583534065)
(0 0.5727086857 -0.5869786591)
(0 0.363465269 -0.4546765744)
(0 0.5042235401 -0.4064665661)
(0 0.69036058 -0.4902014751)
(0 0.5675184242 -0.4137546809)
(0 0.6050359714 -0.4433205695)
(-1.4680514e-07 0.7562493279 -0.5175168443)
(0 0.6682378379 -0.4473752312)
(0 0.7001895412 -0.4833863545)
(-7.426122088 -2.379080538 -1.758865377)
(-6.339102428 -3.024631351 -2.434170949)
(-4.964382829 -3.569099655 -3.901848038)
(-5.945209016 -3.226333226 -2.614987125)
(-5.46080499 -3.501878684 -2.829141016)
(-3.772321402 -4.190948625 -4.59405766)
(-4.89758709 -3.824165684 -3.078935447)
(0 -0.8340584393 -0.3759362987)
(0 -0.7515101483 -0.3807769677)
(0 -0.7134001297 -0.3274704134)
(0 -0.3586186527 -0.3200385823)
(0 -0.747578781 -0.2517244331)
(0 -0.4488605053 -0.2063217429)
(0 0.5017746295 -0.3576943031)
(0 0.4484260846 -0.2769840953)
(0 0.5092295296 -0.3184188213)
(0 0.5995187667 -0.4141506831)
(0 0.5557124548 -0.347809224)
(0 0.6016506139 -0.3931116753)
(-7.134577536 -2.280129651 -1.128359957)
(2.907634542e-06 -0.02290976317 -0.495651343)
(-0.4213268026 -0.1938027388 0.0003081496098)
(-0.5133568492 -0.0002911492819 -0.01775279131)
(-0.9838701366 -0.01176056279 1.78136661e-05)
(-2.475637385 -0.01109713301 -6.167231661)
(-0.7797935232 -0.03701535772 5.706648355e-05)
(-2.009465681 -0.01196086357 -6.850522724)
(-0.4863892678 -0.009130569065 1.415893926e-05)
(-1.417907287 -0.01333262519 -7.913679415)
(5.071571237e-07 -0.6838164562 -1.338340527)
(-0.393622031 0.4311932273 -0.0006872600871)
(-0.4590528528 0.05825782917 -9.25167015e-05)
(-0.3505026247 0.03424883085 -5.45066228e-05)
(0 0.1417225149 -1.151995553)
(-0.2597918535 0.3219341753 -0.0005133982718)
(0.1186441767 0.260556706 -0.0004154277397)
(0 0.1739399979 -1.354712278)
(-0.06100404259 0.246766777 -0.0003934141697)
(-0.1448270974 0.4277867177 -0.0006807054304)
(0 -0.04513491074 -0.8063668227)
(0.09011861755 0.1033968887 -0.0001645462367)
(0.02363522729 0.2385548174 -0.0003799338698)
(0 0.1606799117 -1.572652985)
(-0.03806611658 -0.2997056268 0.0004776837521)
(0.01958783576 -0.3270757901 0.0005205734949)
(0 -0.1620549102 -1.617661985)
(-0.1308896126 -0.3314944591 0.0005285942073)
(-0.311739034 -0.404516704 0.0006444784632)
(0 0.4721035869 -2.542059981)
(-0.2382966492 -0.3464666447 0.0005518954762)
(-0.373342664 -0.1727714408 0.0002744981085)
(0 0.4790773407 -0.7397026693)
(-0.364368675 -0.3011585891 0.0004808696641)
(4.081550984e-06 -0.3810562986 -0.2309668781)
(-0.5310808498 -0.2218742492 0.0003534960969)
(-0.6074057519 0.1065789567 -0.0001697091908)
(0.0004807572628 -1.066294687 -1.287294401)
(-4.838356318 -0.3021598612 -5.187149395)
(-3.422736777 -0.3547016183 -6.316483346)
(-2.731719062 -0.4051217242 -7.112482451)
(-5.099860092e-05 -2.124100971 -1.424062246)
(2.854660381e-08 -0.993669652 -1.221482437)
(0 -0.4112777656 -2.195067986)
(0 0.3929968343 -2.891659434)
(0 1.169579102 -2.450040678)
(0 1.529636194 -2.378028195)
(0 1.542611586 -1.73516155)
(-2.347058572e-06 1.169419625 -0.8321868742)
(-0.000144386342 1.257903393 -0.8741933677)
(0.01964966181 -0.5126756557 -1.807079221)
(-5.769036787 -1.179766102 -4.619120845)
(-4.035440029 -1.532395087 -6.06832029)
(-4.275313388 -2.203784408 -5.73465919)
(-3.207981476 -1.736788335 -6.860730658)
(-3.400720233 -2.497982506 -6.501243354)
(-2.148328502 -2.001545647 -7.884394509)
(5.672606366e-05 -1.417049195 -0.8350175363)
(-1.443781146e-06 -1.587610515 -0.9096306801)
(0 -0.785182946 -1.40871003)
(0 0.4803044914 -2.445737509)
(0 1.190213676 -1.937835204)
(0 1.201181951 -1.383462353)
(0 0.9988409583 -0.6435749599)
(-1.516059299e-05 1.082878932 -0.6636635526)
(0.001634625722 1.11357846 -0.7508372185)
(-0.0002004807698 -1.212654339 -0.7077570568)
(-2.055706786e-07 -1.147375221 -0.6311559937)
(0 -1.30603879 -0.6597951951)
(0 0.522740866 -1.442258587)
(0 0.7089999531 -0.850852068)
(0 0.6402134456 -0.4949848623)
(0 0.7310352139 -0.4938592709)
(-7.482854616e-06 0.8049024582 -0.5405684288)
(0.0003854033316 0.9093666823 -0.6300373577)
(-5.10684206 1.940406994 -3.583344046)
(-5.388345009 2.250081632 -3.21441407)
(-3.769605409 2.925229159 -5.598487147)
(-2.422036378 4.477539223 -8.427255972)
(-2.576214446 5.379923333 -7.85283578)
(-1.058550925 4.770605997 -9.108806942)
(0 -0.9582817421 -0.5361372361)
(0 -0.8478961204 -0.435600464)
(0 -0.8634404248 -0.3430682115)
(0 0.4201243424 -0.3235888711)
(0 0.5585200956 -0.3761883795)
(0 0.6619047502 -0.4152892906)
(0 0.6742511886 -0.5188908784)
(-7.294769323 2.431730925 -1.799564868)
(-4.818834424 3.822922328 -4.16964371)
(-3.49881686 7.211700009 -5.811382388)
(0 -0.6486045121 -0.3075087611)
(-8.112959227 -1.80163408 -0.8039772814)
(-8.43799304 -1.302804936 -0.4365929158)
(-7.458671699 -1.370383506 -0.4788995536)
(-6.59309528 -1.570122132 -0.5535668284)
(-4.238424513 -3.750384961 -1.841461313)
(-5.179482895 -1.95319038 -0.6890704059)
(0 -0.3236968426 -0.1353815583)
(-9.990790114 -0.3178373775 -0.0543912092)
(-10.87905826 0.7239531223 0.1084266899)
(-11.27280739 0.866172828 0.1337401136)
(-11.99813392 0.9495826852 0.1303735647)
(0 0.4597465965 -0.1946073943)
(-13.48081874 0.2732143656 -0.02556604266)
(-13.52264972 0.3880700547 -0.02440023035)
(-10.74800755 2.488304762 -0.1289340718)
(-1.738465055 10.16290408 -0.5030337255)
(0 0.5297105429 -0.3441268099)
(-11.69529983 1.156775786 -0.2968857954)
(-11.20302693 1.96496349 -0.4907517811)
(-7.433852225 6.28272705 -1.577914737)
(-1.547022393 10.76008016 -2.694704918)
(-0.1479584171 0.01766370304 -2.80748817e-05)
(-2.815576348 -0.01121103851 -6.13446178)
(-0.4272057193 0.3391766678 -0.0005397604854)
(-0.902595271 0.003034157669 -3.63492057e-06)
(-4.437373749 -0.01203776807 -6.080751199)
(-3.345030483 -0.01128734561 -5.993535727)
(-0.8089106922 -0.03306783998 5.593923959e-05)
(-2.2501746 -0.01146906742 -6.470236155)
(-0.7963296073 0.05547177054 -8.765757014e-05)
(-0.6791009797 0.05047664888 -8.085963591e-05)
(-3.113705598 -0.01162161218 -6.287222905)
(-2.816884989 -0.01202798234 -6.642194701)
(-0.6408770574 -0.02015469005 3.21258117e-05)
(-1.740064568 -0.01257132352 -7.322552802)
(-0.5985069978 0.04967987523 -7.957435511e-05)
(-0.5025017618 0.04651403134 -7.434310159e-05)
(-2.494039507 -0.01250347042 -7.052999946)
(-2.132693575 -0.01307327856 -7.536198959)
(-0.3873207339 0.04338842653 -6.86607707e-05)
(-1.708448873 -0.01381736036 -8.124869913)
(-0.3852994415 0.0819161116 -0.0001311825732)
(-0.5878610167 0.08805053983 -0.0001390441447)
(-1.294898677 -0.04659578198 7.272513666e-05)
(-2.018411176 -0.01084702906 -7.461102625)
(-0.1733127387 -0.0007685832522 -1.090227802)
(-2.789417581 -0.008230686697 -6.437972642)
(-1.370212106 -0.04875402755 7.808947523e-05)
(-2.533726007 -0.01060104273 -7.486267228)
(-2.955100839 0.3599824629 -6.119193968)
(0.02879302727 0.1946722607 -1.213051176)
(-3.14301082 0.9090259944 -5.818840673)
(-2.900573792 1.078496457 -6.978037922)
(-2.476897352 1.293741347 -8.307410102)
(-1.927721459 1.469362655 -9.386686462)
(-1.398308638 1.540162529 -9.880630316)
(-1.028609507 1.539088347 -9.810031841)
(-4.609634798 -2.086957331 -5.448695569)
(-3.861132019 -2.341438183 -6.096779682)
(-4.553251038 1.619482938 -4.086720418)
(-3.54168268 1.958789837 -5.130235941)
(-3.343605218 1.403829967 -5.491132224)
(-2.81561478 2.929940768 -7.678322578)
(-2.651420722 2.045118169 -8.04645809)
(-3.291704084 2.388222678 -6.259301395)
(-2.156966941 3.415003047 -8.92034808)
(-1.450477486 2.487199077 -9.798500679)
(-1.499392295 3.66888183 -9.530600653)
(-1.04183498 3.62554431 -9.481155818)
(-3.989538576 -3.593678843 -5.227707283)
(-3.38914324 -3.872819328 -5.641339807)
(-2.68391973 -4.204217775 -6.122405343)
(-5.845668689 -3.118802816 -3.403438526)
(-6.23999186 2.446161508 -2.530287743)
(-4.363904433 2.732336401 -4.022697911)
(-5.228065736 2.969872395 -3.244926201)
(-4.063942081 3.448098905 -5.02448512)
(-3.458534518 4.444274844 -6.459638541)
(-2.961112478 6.384322598 -6.952902304)
(-1.850036942 7.134952 -7.770245966)
(-1.075697522 5.884200074 -8.546065188)
(-1.103712415 7.108495395 -7.755040803)
(-4.032339577 2.364722631 -4.522087263)
(-3.220725306 3.73132293 -7.062177797)
(-1.611137477 4.803797112 -9.165578143)
(-1.680980886 5.899390073 -8.598734797)
(-4.229006666 -4.191826487 -3.395609575)
(-3.404916023 -4.669789519 -3.753503312)
(-6.866280482 -2.528436066 -1.602480323)
(-6.031936393 -2.948590211 -1.870699742)
(-6.773974306 -2.453739324 -1.202115638)
(-6.324376414 -2.674031527 -1.311065821)
(-4.803426896 -3.597279379 -2.279315382)
(-5.784149573 -2.943909441 -1.448909404)
(-5.115037718 -3.291168585 -1.613146456)
(-8.69345918 2.44430739 -1.198699389)
(-8.477021114 2.147689245 -1.326928496)
(-7.947168544 2.600924504 -1.659671289)
(-6.755513754 5.286574867 -2.571000713)
(-5.896003357 3.948585946 -3.183824666)
(-7.289974891 3.637125548 -2.307483262)
(-4.897077775 5.520599228 -4.440322204)
(-6.069448181 5.375199934 -3.396879762)
(-4.293652954 7.449828193 -4.741901062)
(-2.448536733 8.959803028 -5.705549701)
(-1.144952732 8.320994027 -6.712978342)
(-1.212473719 9.133073772 -5.805757668)
(-6.46510536 2.9192178 -2.367651081)
(-4.055628272 5.093738696 -5.550706549)
(-2.086948301 8.291331091 -6.686251711)
(-7.763644543 -1.313227699 -0.4641450039)
(-8.882364408 -0.8531327248 -0.2314073434)
(-8.027384687 -0.8599263363 -0.215224893)
(-7.067291833 -1.458026046 -0.5089504165)
(-7.733577248 -0.8633971789 -0.2168178605)
(-7.369704328 -0.8673928332 -0.2157442515)
(-5.994963588 -1.726275073 -0.6028209094)
(-6.939307772 -0.8689144718 -0.2211580944)
(-6.412218943 -0.8715671189 -0.2169533914)
(-5.716215351 -0.8688697575 -0.2259247727)
(-10.50288074 0.4857197508 0.07998475385)
(-6.490423553 -0.183160661 -0.009385871)
(-3.393445193 -0.1167560345 -0.005458747117)
(-11.15004953 0.8169752616 0.1280874272)
(-1.235566832 -0.05042423068 -0.003112180455)
(2.668273423 0.213875622 0.008963148341)
(-11.46058108 0.9074514007 0.146605676)
(4.706692742 0.1975838466 0.006993714284)
(6.472794969 0.2572161046 0.01131910393)
(8.648759099 0.2203870133 0.01216962452)
(-13.66164416 0.278197824 -0.01499824701)
(-12.70514156 0.7058650657 -0.1183455042)
(-12.74012944 0.7853598974 -0.1171809882)
(-12.79119835 0.880631084 -0.03301688104)
(-12.45222596 1.166545278 -0.1724451025)
(-11.46764466 2.301404366 -0.3389714545)
(-6.478367291 6.12065379 -0.3002502707)
(-9.095211748 4.848503005 -0.7318668258)
(-5.240695025 8.571405723 -1.288065915)
(-1.758889526 10.89427921 -1.650472797)
(-11.66983174 1.325547404 -0.3402541269)
(-10.74438467 1.540227247 -0.5037607807)
(-10.67776835 1.783724452 -0.6346825726)
(-9.925072458 3.513439658 -0.8792034614)
(-10.06299031 2.629526644 -0.9272077481)
(-8.644698369 4.395178132 -1.545085059)
(-4.12941368 9.427620367 -2.360589846)
(-6.25354375 7.067745022 -2.508185842)
(-3.445916914 9.629361654 -3.408864944)
(-2.685486659 9.508432899 -4.63770303)
(-1.407827364 10.4145017 -3.680314486)
)
;

boundaryField
{
    walls
    {
        type            noSlip;
    }
    wallFilmFace_top
    {
        type            slip;
    }
    region0_to_wallFilmRegion_wallFilmFace
    {
        type            slip;
    }
    mirrorFace_top
    {
        type            slip;
    }
    region0_to_wallFilmRegion_mirrorFace
    {
        type            slip;
    }
    procBoundary2to0
    {
        type            processor;
        value           nonuniform List<vector> 
26
(
(0.1303465849 0.04226695556 0)
(0.1164564623 -0.03521432469 0)
(-0.1146207576 -0.00297043841 0)
(0.004616536707 0.04698001596 0)
(0.221040765 0.001187858194 0)
(-0.2823626854 -0.4525676096 0)
(-0.9486930501 -0.3858621126 0)
(-1.594079336 0.4485507365 0)
(-1.304917606 0.5275166064 0)
(-0.9636930737 0.5385517176 0)
(-0.6970406074 0.5768077261 0)
(-0.2448886366 0.6711012257 0)
(-0.03359510914 0.8457180092 0)
(-0.01306936082 1.026107579 0)
(-0.003764688396 1.192842662 0)
(0.01241738862 1.356569039 0)
(0.03699958077 1.510292894 0)
(0.06961974003 1.644319331 0)
(0.1102579033 1.748724219 0)
(0.1520131153 1.810064416 0)
(0.1829838646 1.814994739 0)
(0.1742857634 1.744034732 0)
(0.1075042014 1.614931701 0)
(-0.016406881 1.43460111 0)
(-0.1356897123 1.071822289 0)
(-0.1647017216 0.8096747931 0)
)
;
    }
    procBoundary2to1
    {
        type            processor;
        value           nonuniform List<vector> 
33
(
(-0.00673177157 0.04571083764 0)
(-0.00673177157 0.04571083764 0)
(0.03473301296 0.1414266448 0)
(0.03473301296 0.1414266448 0)
(-0.1007877617 -0.1291886477 0)
(0.04201885703 -0.03722009675 0)
(0.1407599816 -0.1570979324 0)
(0.1407599816 -0.1570979324 0)
(0.07842929345 -0.2508541162 0)
(0.04418723068 -0.4414861202 0)
(0.03874833857 -0.3175405522 0)
(0.0006172656542 0.05336867714 0)
(-0.0410389086 -0.04763182839 0)
(-0.1840940157 -0.1527995287 0)
(-0.03018235609 -0.07432483928 0)
(-0.001522942483 -0.0999708909 0)
(-0.0760908204 -0.2614415867 0)
(-0.06906973384 -0.6749032549 0)
(-0.1214756961 -0.7196968987 0)
(0.0603512483 -0.224286123 0)
(0.1195606432 -0.2488896881 0)
(0.3653875178 -0.3730919547 0)
(0.644181145 -0.4676453306 0)
(0.7864795239 -1.280100022 0)
(0.9331557935 -1.200561698 0)
(1.078992509 -1.112139525 0)
(-0.504489277 -0.2364029574 0)
(-0.6241226204 -0.2683388295 0)
(-1.087025423 -0.2907744132 0)
(-0.2993024031 -0.0889607556 0)
(-0.8334772161 -0.1625878043 0)
(-1.112124859 -0.1859456466 0)
(1.098823712 -0.1559520934 0)
)
;
    }
    procBoundary2to3
    {
        type            processor;
        value           nonuniform List<vector> 
64
(
(-1.817246816 -0.01241666424 -8.372976149)
(-2.309963965 0.4694352118 -8.467394485)
(-1.816921804 0.5209303422 -9.406515969)
(-1.032114979 0.523456848 -9.688897069)
(-0.8177626826 2.372755796 -9.367175165)
(-1.717331498 -3.891513648 -7.395601424)
(-2.035438475 -5.106683889 -5.57774554)
(-2.732121276 -4.689429963 -2.974931605)
(-0.6825003963 8.809395092 -4.298374292)
(-0.2436932957 0.03393582016 -5.359004844e-05)
(-0.2637646805 0.1461009566 -0.0002328432013)
(-0.2503170712 0.03621312717 -5.731318085e-05)
(-0.2378459711 0.1254400871 -0.0001995464133)
(-0.2637646805 0.1461009566 -0.0002328432013)
(0.02362241003 0.3589047107 -0.0005718065541)
(0.04068485493 0.4117868204 -0.0006562938217)
(-0.01569903285 0.3639154617 -0.0005788394223)
(0.08912327605 0.2714039366 -0.0004326355628)
(0.1144508375 0.06632359551 -0.0001053788738)
(0.07824924686 -0.2909811585 0.0004637844246)
(0.03783461664 -0.28555818 0.0004548405636)
(0.02655461571 -0.3671703042 0.0005841468214)
(0.00358316243 -0.3136192496 0.0005001248696)
(-0.02984612567 -0.2548961595 0.0004061037575)
(-0.02984612567 -0.2548961595 0.0004061037575)
(-0.1489919493 -0.1340311037 0.000213324903)
(-0.4916597508 -0.03580158415 5.724727992e-05)
(-0.4916597508 -0.03580158415 5.724727992e-05)
(-0.4399242805 0.04590707856 -7.314946581e-05)
(-0.4916597508 -0.03580158415 5.724727992e-05)
(-1.852264467 -0.4545130843 -8.183746232)
(-1.367038014 -1.358535334 -8.810193925)
(-1.852264467 -0.4545130843 -8.183746232)
(-1.457963687 -2.178961797 -8.552230898)
(-1.540192591 -3.126248971 -8.13735801)
(-0.3055509108 -0.00222789531 3.611915737e-06)
(-0.999090322 -0.01434018094 -8.674245615)
(-0.2436932957 0.03393582016 -5.359004844e-05)
(-0.7550730907 0.08308166702 -0.0001316007781)
(-1.852264467 -0.4545130843 -8.183746232)
(-0.7936170936 4.546248127 -8.634677423)
(-2.98117786 -4.415159624 -2.165039239)
(-3.895712815 -2.345940981 -0.8261570893)
(8.526476787 -0.08645002861 -0.00924575668)
(0.1237971647 9.376408532 -0.4633243946)
(-0.5648040551 9.41294813 -2.358779122)
(-0.2461354325 0.04026367769 -6.420759779e-05)
(-1.180900767 -0.01475481972 -8.87141736)
(-1.307805404 -0.05008535066 8.117542053e-05)
(-2.155698265 -0.01253609227 -8.566691219)
(-2.309963965 0.4694352118 -8.467394485)
(-1.354366099 0.5384598331 -9.797584982)
(-0.8252254592 1.479988816 -9.453562689)
(-0.8120730552 3.469825766 -9.085607876)
(-1.812081844 -4.607504722 -6.715550194)
(-0.783571399 5.556602105 -8.06667539)
(-0.7607031599 6.628428452 -7.228508861)
(-2.322067378 -5.26440979 -4.241162397)
(-0.7324950527 7.640286829 -6.170075448)
(-0.6966904281 8.250824134 -5.236500658)
(-4.638612348 -0.8671885131 -0.2234648161)
(10.17848061 0.08471349281 0.007531719427)
(-0.4445768216 9.566301412 -1.450945175)
(-0.6143529838 9.154433633 -3.231911603)
)
;
    }
}


// ************************************************************************* //
