/*--------------------------------*- C++ -*----------------------------------*\
  =========                 |
  \\      /  F ield         | OpenFOAM: The Open Source CFD Toolbox
   \\    /   O peration     | Website:  https://openfoam.org
    \\  /    A nd           | Version:  8
     \\/     M anipulation  |
\*---------------------------------------------------------------------------*/
FoamFile
{
    version     2.0;
    format      ascii;
    class       volVectorField;
    location    "1.6/wallFilmRegion";
    object      U;
}
// * * * * * * * * * * * * * * * * * * * * * * * * * * * * * * * * * * * * * //

dimensions      [0 1 -1 0 0 0 0];

internalField   nonuniform List<vector> 
1342
(
(-0.004160802909 0.04920245799 0)
(0.04619025847 0.06354676279 0)
(-0.01564521074 0.01577292941 0)
(-0.0561572308 -0.05265245762 0)
(-0.0618562997 0.03314592237 0)
(-0.07105938388 0.1599176335 0)
(-0.2874092336 0.003101114707 0)
(0.7644268723 -0.119201779 0)
(0.07131417795 -0.5198830035 0)
(0.4727334032 0.5050629353 0)
(0.2300202902 0.5310845353 0)
(0.3608852744 0.5784885862 0)
(0.3621789341 0.6698533166 0)
(0.1540316612 0.8197718276 0)
(0.2336921427 -0.1133553419 0)
(0.5665243884 0.532083708 0)
(-0.08610817212 0.7820838893 0)
(-0.3392199882 0.7066605943 0)
(-0.4175446914 0.6959082261 0)
(-0.2586476523 0.7617971174 0)
(-0.1230589056 0.888279424 0)
(-0.04416749309 1.034894103 0)
(-0.006882458735 1.183845028 0)
(0.01092660702 1.357543075 0)
(0.03109313881 0.8897571439 0)
(-0.08039260893 1.073575852 0)
(-0.05820507933 -0.02788336672 0)
(-0.05846117745 0.03056256597 0)
(-0.02450513841 0.0360581506 0)
(-0.03063182924 0.06729605373 0)
(-0.02469860224 0.04693039153 0)
(0.002446456671 0.06380856148 0)
(-0.008140877442 0.1060686761 0)
(-0.1813899363 -0.03781681871 0)
(-0.1333860845 0.3757898047 0)
(-0.3175738152 0.4136444293 0)
(0.1264019467 0.528415164 0)
(0.3670099482 0.5810996495 0)
(0.5061984893 0.6088367416 0)
(0.5702156701 0.6519865182 0)
(0.4568830008 0.7539673066 0)
(0.3483942619 -0.02181604342 0)
(0.7334821064 0.4160213285 0)
(-0.6520518059 0.7844285676 0)
(-0.6712587561 0.8416656337 0)
(-0.6033277421 0.8799679434 0)
(-0.1842865673 0.9138389193 0)
(0.08518200244 0.9820848161 0)
(0.216890424 1.074408835 0)
(0.2810322719 1.191227094 0)
(0.3125065574 1.346956287 0)
(0.3094793873 1.114770783 0)
(-0.04253597671 0.9302837762 0)
(0.01003455496 -0.04764389657 0)
(-0.01883576319 -0.05380718841 0)
(-0.07460983161 -0.01790627369 0)
(-0.03996784258 0.03498935602 0)
(-0.03119649459 0.07018833809 0)
(-0.005879628493 0.04233283196 0)
(0.03628904025 0.1205430565 0)
(-0.06237728429 0.1688932829 0)
(-0.07850564725 0.06582455168 0)
(0.1843874463 -0.1552821145 0)
(-1.023779772 0.5160846847 0)
(0.5488482416 0.6211463504 0)
(0.5840136849 0.6217669529 0)
(0.6595496673 0.6291991297 0)
(0.7103024071 0.6495664016 0)
(0.6307497351 0.7206864389 0)
(0.4658745529 0.1234290858 0)
(0.803146268 0.3520201299 0)
(-0.5723490728 0.8024810221 0)
(-0.567479009 0.8708274515 0)
(-0.4876919358 0.9213962747 0)
(0.1294882568 0.9433845902 0)
(0.3584192291 1.003830056 0)
(0.4664897999 1.086922223 0)
(0.5248021972 1.191915684 0)
(0.552076417 1.330484937 0)
(0.5301008915 1.256247661 0)
(0.03619820282 0.9153557692 0)
(0.01138721631 -0.1437089163 0)
(0.004773305863 -0.1276778296 0)
(0.02383835981 -0.05851315021 0)
(0.06395159042 0.03050417743 0)
(0.05061206672 0.07338436637 0)
(0.02575671672 0.1325609182 0)
(0.09380448446 0.1679598656 0)
(-0.03792782985 0.1460672253 0)
(-0.1912724831 0.07095425193 0)
(0.2108681095 -0.4220020383 0)
(-0.9328749849 0.5697169835 0)
(0.7990497419 0.6503390531 0)
(0.7589984339 0.6406193952 0)
(0.7870109642 0.6396059793 0)
(0.8115567672 0.6495395084 0)
(0.7504117985 0.6987599968 0)
(0.5941941835 0.2994788764 0)
(0.8338670533 0.3424595168 0)
(-0.3273343184 0.7951034811 0)
(-0.392361027 0.8828556072 0)
(-0.3432589981 0.9505781366 0)
(0.3561775043 0.9626101794 0)
(0.5990168856 1.015225316 0)
(0.7086869277 1.087686109 0)
(0.7627106438 1.178045624 0)
(0.7802134621 1.293558757 0)
(0.739097331 1.242082513 0)
(0.07343284086 0.9394242739 0)
(0.0509793952 -0.1099789555 0)
(0.0416790036 -0.1109135327 0)
(0.05291973088 -0.09214730129 0)
(0.03528455526 -0.05302760924 0)
(0.1127641122 0.07011620619 0)
(0.0586776183 0.08475512259 0)
(0.01790128054 0.06810804284 0)
(-0.1163700632 0.03143798932 0)
(-0.7547645758 -0.04182920039 0)
(0.4865593695 -0.4876456344 0)
(-0.7275044519 0.5818231968 0)
(0.9125817027 0.6546784469 0)
(0.8538561146 0.6478323975 0)
(0.8557007618 0.6453627006 0)
(0.7977287103 0.6524686793 0)
(0.7207309257 0.6877301617 0)
(0.6356359093 0.4813838394 0)
(0.7822089573 0.4019222164 0)
(-0.01069633178 0.7479922089 0)
(-0.2207271325 0.886304892 0)
(-0.2279987373 0.9754975615 0)
(0.5458935642 0.9192750021 0)
(0.7723933138 0.967121996 0)
(0.8845317965 1.033312923 0)
(0.9364728753 1.107235527 0)
(0.9467711477 1.200473585 0)
(0.8997034518 1.154029973 0)
(0.1313558432 1.088479206 0)
(0.03422727581 -0.05108358942 0)
(-0.08938067846 -0.1154056961 0)
(-0.2611382155 -0.2152639454 0)
(-0.3177051634 -0.2275245085 0)
(-0.2378999107 -0.1772220167 0)
(0.03113531658 -0.0506343347 0)
(0.04307728455 -0.03178164835 0)
(-0.1567772674 -0.1776514268 0)
(-0.7047852071 -0.08609840612 0)
(-0.657393301 -0.01500435026 0)
(0.6374846958 -0.4815305089 0)
(-0.4483536857 0.580179903 0)
(0.7199668188 0.6606212485 0)
(0.7242780821 0.6567552409 0)
(0.7800492314 0.627670253 0)
(0.2773922055 0.7017824343 0)
(0.1671751216 0.6241537089 0)
(0.170298996 0.4461377121 0)
(0.4472051506 -0.4394721967 0)
(0.2302794306 0.8313232262 0)
(0.2369903007 0.9148569453 0)
(0.2436821941 0.997131639 0)
(0.5488708672 0.9266508588 0)
(0.7262199778 0.9406127589 0)
(0.7911450371 0.9441139813 0)
(0.820594297 0.9801379988 0)
(0.8159693808 1.026559145 0)
(0.7814270358 0.9417967296 0)
(0.1597027865 1.102082302 0)
(-0.06727595511 -0.1721344479 0)
(-0.2572341279 -0.1893164686 0)
(-0.4069632962 -0.2435827211 0)
(-0.5965752717 -0.3318924738 0)
(-0.6204373804 -0.3146021755 0)
(-0.1264018049 -0.3239656285 0)
(-0.4276860639 -0.3280999145 0)
(-0.5680456321 -0.2005859062 0)
(-0.6668092588 -0.08905339494 0)
(-0.3589143292 0.1400555856 0)
(0.2819602412 -0.6041695794 0)
(0.2781326977 0.579955869 0)
(0.3857520637 0.7015061635 0)
(0.3327267269 0.6665647052 0)
(0.6635728762 0.5974411046 0)
(0.3113095685 0.6253737341 0)
(0.1154778812 0.5824181435 0)
(0.2026175218 0.3000854104 0)
(0.435587051 -0.6178823687 0)
(0.3448368282 0.8361996501 0)
(0.3218482241 0.9059854693 0)
(0.3067879316 0.9851337818 0)
(0.4450945159 0.9582236008 0)
(0.557760821 0.9430667652 0)
(0.6008195727 0.9142353174 0)
(0.6116514814 0.9116605398 0)
(0.5917360086 0.900682724 0)
(0.574238953 0.7476002664 0)
(0.1698125071 1.065912458 0)
(-0.1230539454 -0.1395337219 0)
(-0.2002501501 -0.1263605627 0)
(-0.3968192482 -0.2515388331 0)
(-0.5659579587 -0.270317979 0)
(-0.5729439256 -0.2499049382 0)
(-0.0992106274 -0.2965229977 0)
(-0.3661537726 -0.3653886488 0)
(-0.510627098 -0.2198762604 0)
(-0.6041652177 -0.09867685498 0)
(-0.1228622296 0.2911144459 0)
(0.3006772495 -0.8505553304 0)
(0.2976850678 -0.7411733389 0)
(0.2923764955 -0.4869254157 0)
(0.005750370839 0.4639548138 0)
(0.74277542 0.5746579126 0)
(0.443860295 0.6168971562 0)
(0.3707335607 0.5812036725 0)
(0.4175603637 0.1841013465 0)
(0.7860537913 0.06618675741 0)
(0.5092666244 0.8006721634 0)
(0.4415580321 0.8909154972 0)
(0.4000968405 0.975706879 0)
(0.417718217 0.986299462 0)
(0.4536967173 0.9807103106 0)
(0.4912757742 0.9211212109 0)
(0.4950388674 0.8856025431 0)
(0.4711986432 0.8038835827 0)
(0.4639760001 0.4849680033 0)
(0.172485254 1.018487822 0)
(0.0006801565198 0.05325519811 0)
(-0.1734644908 -0.1260039924 0)
(-0.4503386874 -0.2624364715 0)
(-0.4179385039 -0.15490165 0)
(-0.4752256629 -0.2084982663 0)
(-0.0906941067 -0.3343478481 0)
(-0.2797925663 -0.3913494039 0)
(-0.4139273093 -0.22908355 0)
(-0.5142203944 -0.1777308581 0)
(0.07942796071 0.3513330109 0)
(0.3491742508 -0.83370221 0)
(0.3595519677 -0.7744109824 0)
(0.371149662 -0.6600713047 0)
(0.3059112237 0.5832546916 0)
(0.7720137802 0.6038209284 0)
(0.1807052632 0.7210694506 0)
(0.2567549042 0.5758624044 0)
(0.2410149531 0.4744138119 0)
(0.3462764897 0.4844112385 0)
(0.6157912801 0.6810990208 0)
(0.6003434087 0.8548355308 0)
(0.5252734138 0.9604607131 0)
(0.4748369924 1.000395238 0)
(0.4621493057 0.9962740264 0)
(0.4772025893 0.9375670995 0)
(0.4784543365 0.8699413247 0)
(0.4659433544 0.7351161354 0)
(0.4092686353 -0.4780929273 0)
(0.1813151869 0.9533870215 0)
(-0.07010977017 0.3255578337 0)
(-0.4250051106 -0.08860886667 0)
(-0.3597206625 -0.1738878136 0)
(-0.0691352143 0.03445377234 0)
(-0.3286760476 -0.1744979528 0)
(-0.2070396864 -0.208804988 0)
(-0.1367203455 -0.3548490184 0)
(-0.2438843879 -0.2079121692 0)
(-0.3873409283 -0.1338680189 0)
(-0.3055792255 -0.1383523934 0)
(0.4103865252 -0.8007090784 0)
(0.4555545738 -0.7139039754 0)
(0.5033040767 -0.5793189769 0)
(0.7047208308 0.6309703606 0)
(0.7426966726 0.6678108981 0)
(0.1861178372 0.6535690349 0)
(0.2072952539 0.5878394824 0)
(0.2754550029 0.5507521293 0)
(0.506383945 0.5844971511 0)
(0.7790623231 0.7368964996 0)
(0.7564548591 0.8576487396 0)
(0.6626752824 0.9546078744 0)
(0.5774315311 1.002928699 0)
(0.5323535821 0.9975843889 0)
(0.5286408546 0.9412659529 0)
(0.5233627751 0.854193154 0)
(0.5078039528 0.6838080238 0)
(0.3501763308 -0.8950961175 0)
(0.19621802 0.8784410361 0)
(0.08704781563 0.08522008609 0)
(-0.1486522866 0.004578734367 0)
(-0.193495372 -0.05698382716 0)
(-0.1148362098 -0.09225015285 0)
(-0.06143981134 -0.3441973621 0)
(0.113020874 0.1673168042 0)
(0.03285366306 0.1462000081 0)
(-0.05166006229 -0.1391047016 0)
(-0.2265131366 -0.1650115359 0)
(-0.1939566684 -0.1734371179 0)
(0.4793702889 -0.7418454629 0)
(0.5855435204 -0.5779558238 0)
(0.6887405327 -0.3561460112 0)
(0.9070969052 0.5629883442 0)
(0.7871516787 0.7072270117 0)
(0.4536847239 0.6547594958 0)
(0.4270293626 0.639334108 0)
(0.5237783293 0.6415734849 0)
(0.7683980363 0.6989632961 0)
(0.9621653185 0.7931945779 0)
(0.9155544373 0.8690867017 0)
(0.8072796003 0.9540005815 0)
(0.6946530405 1.000174056 0)
(0.6236160018 0.9910363852 0)
(0.6029090145 0.9405246635 0)
(0.5896309192 0.8420805192 0)
(0.568087252 0.6520524224 0)
(0.3949206657 -0.8325577035 0)
(0.2073099911 0.8131617372 0)
(0.1055424236 0.0456595388 0)
(0.2069524786 0.1018886018 0)
(-0.02801138863 0.1014317265 0)
(-0.06789722258 -0.08837021492 0)
(-0.03764579382 -0.1028020739 0)
(0.1648740248 -0.1162345405 0)
(0.01475117948 -0.4797388362 0)
(0.1764689081 -0.3084006634 0)
(0.305118593 -0.3981598621 0)
(0.384769489 -0.4538660011 0)
(0.5962526177 -0.604255424 0)
(0.6994454427 -0.4141702384 0)
(0.8737054232 -0.1254370205 0)
(1.045381462 0.5013012395 0)
(0.9433412825 0.6907162627 0)
(0.8082449591 0.7287603757 0)
(0.7667120368 0.7224523251 0)
(0.806660065 0.7347404885 0)
(0.9211508352 0.7757133597 0)
(1.139197787 0.8201568468 0)
(1.0848337 0.8758911766 0)
(0.9594104759 0.9533179522 0)
(0.8181506353 0.9944111593 0)
(0.7249428171 0.9806185267 0)
(0.6909750478 0.936318481 0)
(0.6778016488 0.827736736 0)
(0.6589073248 0.6921628009 0)
(0.6930771167 0.03942739326 0)
(0.2187746105 0.7284784052 0)
(-0.1049807033 -0.2405949232 0)
(0.2123002933 0.04433839902 0)
(-0.136206712 0.5030903785 0)
(-0.3424328751 -0.0940302231 0)
(-0.612370392 -0.02066213739 0)
(-0.5380375251 -0.10909452 0)
(-0.2089482021 -0.4927361312 0)
(0.06086558255 -0.4263407874 0)
(0.1737865325 -0.2750137868 0)
(0.1110235026 -0.1799626339 0)
(-0.307798611 0.329509771 0)
(-0.4326586414 0.6086250464 0)
(-0.461260662 0.4477557955 0)
(-0.4517802024 0.06133596589 0)
(-0.3732604739 0.08113815938 0)
(0.4448959418 0.4780432021 0)
(0.845527289 0.7264209687 0)
(0.9006200905 0.7750819469 0)
(0.9357789393 0.7989035836 0)
(1.223129041 0.8226308316 0)
(1.231766336 0.8651367527 0)
(1.126112037 0.9330842556 0)
(0.9687917493 0.9775116476 0)
(0.840044743 0.9683686377 0)
(0.7282038653 0.9181199932 0)
(0.5054316223 0.7846200793 0)
(0.2288559897 0.7104106323 0)
(0.09218178261 0.4892111665 0)
(0.1693150815 0.6413952648 0)
(-0.388331112 -0.3956979639 0)
(-0.1089878194 -0.1239922976 0)
(-0.2882675039 -0.1863129721 0)
(-0.417199076 -0.1554543351 0)
(-0.4335730537 -0.09438579044 0)
(0.1085991282 -0.02331167182 0)
(-0.05548306173 0.1222234175 0)
(0.07078980155 -0.1477032758 0)
(0.1143258135 -0.1325403697 0)
(-0.0006270609307 0.08802591691 0)
(-0.2923008719 0.2677296429 0)
(-0.1736436271 0.3084687876 0)
(0.09165387404 0.2467653646 0)
(0.3216895379 0.2442633086 0)
(0.5556701701 0.3828330395 0)
(0.8812548195 0.6148947559 0)
(0.9499207741 0.7471729125 0)
(0.9320553471 0.7938237977 0)
(-0.4127685032 0.8146043781 0)
(0.06292854467 0.8248111303 0)
(0.3849925016 0.8419066531 0)
(0.6325004225 0.8745626672 0)
(0.8228446025 0.9212222149 0)
(0.8702899936 0.9478966888 0)
(0.7090709737 0.9041952792 0)
(0.4186875767 0.7956291302 0)
(0.01331489951 0.70090427 0)
(-0.1852076362 0.2241545194 0)
(0.1608634588 0.5872100366 0)
(-0.551736261 -0.2634513065 0)
(-0.04840458326 -0.2344132258 0)
(-0.1696836456 -0.2390415285 0)
(-0.3231420669 -0.1852450029 0)
(-0.2189148413 -0.1289434576 0)
(0.134547781 -0.08004870691 0)
(-0.2841306776 0.2482879999 0)
(-0.05955206711 0.05920758825 0)
(0.1068539218 -0.08121663136 0)
(0.2363736589 0.1897138141 0)
(0.4621347981 0.7172857499 0)
(0.3120620276 0.7230701132 0)
(0.3068210597 0.5111856067 0)
(0.4916115011 0.4266235147 0)
(0.7638030759 0.5063987632 0)
(0.9372670125 0.6381118081 0)
(0.9841074134 0.7394096345 0)
(0.9652153251 0.7988471693 0)
(-0.6213912201 0.8203396495 0)
(-0.7078298245 0.836921227 0)
(-0.01110424638 0.8460407006 0)
(0.3775343241 0.8693775166 0)
(0.6329164854 0.9144516184 0)
(0.7832633803 0.9667954575 0)
(0.6311777968 0.9037176461 0)
(0.3609387936 0.8275979645 0)
(-0.007955065838 0.7267425381 0)
(-0.1901987588 0.01660728145 0)
(0.1475176451 0.555879953 0)
(-0.503647969 -0.2365140889 0)
(0.002435616365 -0.3119983701 0)
(-0.08594873648 -0.2691421444 0)
(-0.142483893 -0.2216099388 0)
(0.1651465748 -0.3029463939 0)
(0.2495476899 -0.3032578341 0)
(0.3472952617 0.3652851828 0)
(0.3173703811 0.3288438997 0)
(0.3302654364 0.231066577 0)
(0.3184449512 0.2695864821 0)
(0.5293156779 0.5137526597 0)
(0.5833571473 0.8022039589 0)
(0.5092006497 0.739269076 0)
(0.5729090848 0.6370574903 0)
(0.7275316565 0.6293757463 0)
(0.862813144 0.6830048739 0)
(0.9445657213 0.744530457 0)
(0.9716921294 0.7969445942 0)
(-0.470208342 0.8213172654 0)
(-0.6104801818 0.845552977 0)
(-0.4891765215 0.8560780383 0)
(0.303313959 0.8704547668 0)
(0.5425889366 0.9155359286 0)
(0.5819366883 0.9603780846 0)
(0.4623359331 0.8885830157 0)
(0.2819812488 0.8288895019 0)
(-0.05109484671 0.7615183641 0)
(-0.1547946417 -0.08058126955 0)
(0.09448213161 0.5201403329 0)
(0.2406959109 0.01851871829 0)
(0.1106417107 -0.3870288719 0)
(0.143125399 -0.447731706 0)
(0.2598255692 -0.4535016705 0)
(0.4037647991 -0.02237266474 0)
(0.2621992371 -0.2907480891 0)
(0.3224552648 0.3510402638 0)
(0.3026020543 0.3184909772 0)
(0.2592171434 0.2600939498 0)
(0.309584085 0.3210514025 0)
(0.4599146378 0.5806720223 0)
(0.5759108489 0.9744498411 0)
(0.5983847535 1.131305049 0)
(0.608272693 1.077877827 0)
(0.6600724308 0.937822333 0)
(0.7353698862 0.2320358035 0)
(0.7117622614 -0.6938397141 0)
(0.6990673291 -0.6412419818 0)
(0.6567430891 0.839334849 0)
(0.6664101442 0.9269631078 0)
(0.6374402889 1.003291652 0)
(0.4457165423 0.9732987303 0)
(0.5055459451 0.9526845321 0)
(0.4983535583 0.9568009197 0)
(0.4201832938 0.9280504917 0)
(0.32882492 0.9685112029 0)
(0.07780567309 0.9736179874 0)
(-0.07596888484 -0.01157348164 0)
(0.0365982929 0.4603100601 0)
(-0.5426873986 -0.2712040553 0)
(0.2295100258 -0.5025511418 0)
(0.3327693296 -0.5439757504 0)
(0.4954514945 -0.4874274525 0)
(0.7975452256 0.1407257025 0)
(0.3641756553 -0.1032605282 0)
(0.241824159 0.3668059804 0)
(0.2493500292 0.276484654 0)
(0.2945593967 0.3047149098 0)
(0.3708773942 0.4078607284 0)
(0.5175964168 0.6930906959 0)
(0.6103953982 0.9643380313 0)
(0.6278686897 1.074178271 0)
(0.6281741464 1.100242466 0)
(0.6398853591 1.067830222 0)
(0.697594441 0.6663555355 0)
(0.6939545548 -0.404824159 0)
(0.693275232 -0.5529836228 0)
(0.7572792024 0.8191788285 0)
(0.7483193514 0.9105106339 0)
(0.7322986185 0.980246117 0)
(0.6517922135 1.025328514 0)
(0.5866186401 1.029228242 0)
(0.5394641809 1.034615619 0)
(0.4985408078 1.069510185 0)
(0.4681964961 1.199477583 0)
(0.02059444285 0.7334957745 0)
(-0.06402274132 0.08232485406 0)
(0.0111252015 0.3606295671 0)
(-0.5205946552 -0.2507339532 0)
(0.3610147603 -0.5685730303 0)
(0.5074952285 -0.5626245807 0)
(0.6689172733 -0.4460625909 0)
(0.963832723 0.1428825588 0)
(0.581861555 0.1904860735 0)
(0.3164567213 0.3218090223 0)
(0.3320790394 0.310725858 0)
(0.3793093002 0.3637856501 0)
(0.4662593653 0.4947510698 0)
(0.5803043421 0.6913766318 0)
(0.6427183091 0.8395724558 0)
(0.6517030077 0.927770125 0)
(0.6463153537 0.9889860726 0)
(0.6438080468 1.024147246 0)
(0.6669312473 0.9221911668 0)
(0.6746642982 -0.03629904384 0)
(0.6113485183 -0.4842714441 0)
(0.8291959067 0.6713718919 0)
(0.8221487513 0.8542652665 0)
(0.8124916387 0.9509301147 0)
(0.7327698483 1.032300147 0)
(0.6981630233 1.084904845 0)
(0.6886688727 1.13620851 0)
(0.62071736 1.1994916 0)
(0.217418236 0.762146584 0)
(-0.08520494244 0.3830393706 0)
(-0.09115240398 0.1125049409 0)
(0.09248265129 0.277862351 0)
(0.7228488624 -0.06824637224 0)
(0.6649748792 0.0950809167 0)
(0.755700019 0.4996937329 0)
(0.5439513582 0.8025765764 0)
(0.6617550757 0.8964802286 0)
(0.6869686922 0.8401948479 0)
(0.4058790324 0.4644672679 0)
(0.3244273252 0.5524017447 0)
(0.1823705884 0.5502962064 0)
(0.1193170631 0.5035610726 0)
(0.1465625313 0.4723683428 0)
(0.2151083178 0.4216260246 0)
(0.2453395483 0.4498442788 0)
(0.3353693528 0.5365453494 0)
(0.5131695444 0.7384872259 0)
(0.6171003307 0.8928165932 0)
(0.6636014243 0.2824318531 0)
(0.6681056536 -0.3598106794 0)
(0.8823772212 0.4384004626 0)
(0.9227285878 0.7524424721 0)
(0.5462133527 0.81998841 0)
(0.3045036863 0.4365723747 0)
(0.3101671141 0.4487362232 0)
(0.2921745214 0.4972834928 0)
(0.09450260023 0.3854608387 0)
(-0.05433952997 0.2279487265 0)
(-0.108852537 0.2091527691 0)
(-0.08981258968 0.04031229021 0)
(0.1635347462 0.2741384705 0)
(0.6394030476 0.2036835896 0)
(0.718948438 0.3467364155 0)
(0.3431368934 0.4251420627 0)
(0.1764395894 0.286413087 0)
(0.161594035 0.2591131364 0)
(0.2014862286 0.2916261217 0)
(0.2575463255 0.362905972 0)
(0.1854202573 0.4402138101 0)
(-0.01991852896 0.4402670537 0)
(-0.1718546859 0.4206684991 0)
(-0.1504503341 0.3812123871 0)
(-0.06003973968 0.2854310191 0)
(0.09431659051 0.3452213831 0)
(0.2347769891 0.4397282126 0)
(0.3863419531 0.5793034006 0)
(0.5190943632 0.7418752044 0)
(0.6316825614 0.5179476089 0)
(0.678014545 -0.1735159968 0)
(0.8369798574 0.2411214372 0)
(0.7536976491 0.3189180451 0)
(0.174427769 0.09279552123 0)
(-0.1453143804 -0.09402082976 0)
(-0.1046891296 0.0719836563 0)
(-0.1227729905 0.1314741616 0)
(-0.1244973721 0.1928018959 0)
(-0.07577844168 0.2260312063 0)
(0.00737439812 0.2657543583 0)
(0.04280708223 0.18966269 0)
(0.1761911345 0.2660580342 0)
(-0.2005372309 0.08302541466 0)
(0.1249049523 0.2244755934 0)
(0.09446574769 0.2223028854 0)
(0.1031157875 0.2351510921 0)
(0.09582730345 0.2413316366 0)
(0.08460265209 0.2576456529 0)
(0.07976404045 0.2640335238 0)
(0.08760226725 0.3231188388 0)
(0.03503930495 0.3479823608 0)
(-0.036988544 0.3941862848 0)
(0.06672437026 0.3850983068 0)
(0.1153684711 0.3628257474 0)
(0.1892253802 0.3985414785 0)
(0.2819275462 0.4657923138 0)
(0.383509095 0.5595680682 0)
(0.4800166198 0.6746074777 0)
(0.5864893874 0.5970721421 0)
(0.2960467781 -0.07779492808 0)
(0.3642961488 -0.06020859244 0)
(0.1203238434 -0.08596901415 0)
(-0.1089545368 -0.1710693513 0)
(-0.1357422515 -0.1323852903 0)
(-0.106842757 -0.07508582661 0)
(-0.04888845612 0.02368402123 0)
(-0.01923965165 0.1107146296 0)
(0.02634470158 0.1618511414 0)
(0.0734041716 0.2149667763 0)
(0.1067630212 0.1751009091 0)
(0.2129976692 0.2559070131 0)
(-0.4623817759 0.06543282765 0)
(-0.1604240893 -0.05876590284 0)
(-0.1197962447 0.001624498136 0)
(-0.07803140616 0.1049993963 0)
(-0.05326824521 0.07203588791 0)
(0.07920401514 0.1979209909 0)
(0.130760826 0.2626861039 0)
(0.1626626694 0.313888318 0)
(0.2817744337 0.4050493279 0)
(0.3060740634 0.5188106414 0)
(0.2225491408 0.4637279067 0)
(0.222921952 0.4391713685 0)
(0.2706570656 0.4630928957 0)
(0.3371364703 0.5146253059 0)
(0.409647565 0.5860200507 0)
(0.4858208846 0.6670785767 0)
(0.1285598406 -0.135069997 0)
(0.1379454122 -0.131217003 0)
(0.1114478286 -0.1063575909 0)
(-0.03734303158 -0.1549163772 0)
(-0.09204117069 -0.1908055229 0)
(-0.1154960351 -0.1635216196 0)
(-0.08075116828 -0.121332993 0)
(-0.05060947904 -0.08638856782 0)
(-0.06448636245 -0.0704364149 0)
(-0.07557022374 -0.0868391948 0)
(0.09359572448 0.1185158002 0)
(0.1411847808 0.009748294822 0)
(0.2232293736 0.2427496695 0)
(-0.007208889752 0.01439394056 0)
(0.006383411255 -0.07605541568 0)
(0.06443963829 -0.0530229888 0)
(-0.09657247721 -0.03496513881 0)
(-0.1267348058 -0.09123833063 0)
(0.1953617942 0.2037064455 0)
(0.2443473606 0.2612717795 0)
(0.344486144 0.3147879551 0)
(0.5819756419 0.4609860868 0)
(0.5854664615 0.5955818982 0)
(0.4372812888 0.5836258662 0)
(0.3722862972 0.5553142662 0)
(0.3775858509 0.5638347775 0)
(0.4141688383 0.6014479233 0)
(0.4637805114 0.6619835497 0)
(0.2271361905 -0.1209660346 0)
(0.08059862511 -0.1779743821 0)
(0.1047734753 -0.1326158646 0)
(0.03859898242 -0.09680052397 0)
(-0.02219794196 -0.1250592253 0)
(-0.06023594838 -0.1578180541 0)
(-0.09337143768 -0.1523538217 0)
(-0.1006785119 -0.160201673 0)
(-0.1226535343 -0.1634006674 0)
(-0.1418879842 -0.155565481 0)
(-0.1407053394 -0.1439935705 0)
(-0.0698384858 -0.02248192142 0)
(-0.1408647587 -0.1277180463 0)
(0.1791804006 0.2037922724 0)
(0.6864345159 0.418070395 0)
(0.4091479114 0.4738640193 0)
(0.262965853 0.358696542 0)
(-0.14540871 0.09110817663 0)
(0.09164879216 0.08372051045 0)
(0.3087669337 0.0347239367 0)
(0.3739481526 0.1458833574 0)
(0.5562196773 0.2724302805 0)
(0.7828679013 0.4515699955 0)
(0.781316965 0.6068328926 0)
(0.6532979547 0.6742090133 0)
(0.5529632675 0.6813327139 0)
(0.5134960573 0.6873586265 0)
(0.5145712834 0.7119857004 0)
(0.541878338 0.7326445268 0)
(0.1822168067 -0.2199884869 0)
(0.1019592145 -0.2016657499 0)
(0.1024863528 -0.1302672247 0)
(0.04589385964 -0.1241045699 0)
(0.01414192035 -0.1324140942 0)
(-0.006503458941 -0.1110302477 0)
(-0.07150069482 -0.1488534418 0)
(-0.1093797529 -0.1919757735 0)
(-0.1329195434 -0.2028603462 0)
(-0.1471667201 -0.1968559398 0)
(-0.1496331956 -0.1729174183 0)
(-0.1289365848 -0.1129570926 0)
(-0.1728242699 -0.1722694945 0)
(0.1157348007 0.1415025722 0)
(0.2561668028 0.3277990316 0)
(0.6367078495 0.6431212568 0)
(0.513470091 0.642500055 0)
(0.2918744913 0.3913237339 0)
(0.2115438379 0.08968125771 0)
(0.3106031832 0.0594154455 0)
(0.4067326163 0.09958870762 0)
(0.608579989 0.2012283716 0)
(0.8380564911 0.3794136457 0)
(0.885736599 0.5599342324 0)
(0.79974219 0.6878942124 0)
(0.6910818243 0.7408799561 0)
(0.6225973376 0.7603867392 0)
(0.5938937346 0.7783713294 0)
(0.6203908615 0.7992661382 0)
(0.255040931 -0.2080254146 0)
(0.166281409 -0.2147051377 0)
(0.1479146875 -0.1377220439 0)
(0.1139807226 -0.1565813119 0)
(0.08466922154 -0.149952675 0)
(0.04755885575 -0.1096072867 0)
(-0.06220530572 -0.1591994712 0)
(-0.1016772878 -0.2063212838 0)
(-0.1228753281 -0.2107520977 0)
(-0.1308399684 -0.2061017386 0)
(-0.1323142911 -0.1890813892 0)
(-0.1265444012 -0.1606976824 0)
(-0.1263901849 -0.1768129409 0)
(0.04866121975 0.04073576713 0)
(0.1080825423 0.34710187 0)
(0.6826469871 0.6618672544 0)
(0.6980196664 0.7480889506 0)
(0.5059038427 0.559304989 0)
(0.2408971042 0.1115600767 0)
(0.3180300059 0.08686105707 0)
(0.5255135213 0.01944096562 0)
(0.6534445912 0.1481799967 0)
(0.8394936786 0.3116687159 0)
(0.9275114641 0.4956424241 0)
(0.8827119364 0.6538305633 0)
(0.7745299698 0.7394967192 0)
(0.684013156 0.7721609503 0)
(0.6303568307 0.7850355114 0)
(0.5639405393 0.7631483511 0)
(0.3461980839 -0.08711990042 0)
(0.2183233194 -0.2000801242 0)
(0.1615530602 -0.1144279768 0)
(0.1109412125 -0.1503537927 0)
(0.07411942813 -0.1700437536 0)
(0.02510125056 -0.1543739696 0)
(-0.06469389702 -0.1724303256 0)
(-0.08610124476 -0.1909576205 0)
(-0.1041677836 -0.2012954074 0)
(-0.1144986584 -0.2095365013 0)
(-0.1163008408 -0.209469761 0)
(-0.1144657514 -0.1944392297 0)
(-0.09969980102 -0.1726676655 0)
(-0.006341006202 -0.09473142826 0)
(0.8516907166 0.6974776843 0)
(0.9439430423 1.017852384 0)
(0.9379387322 1.117702271 0)
(0.8518354894 1.053432399 0)
(0.4193577768 0.4140634861 0)
(0.3374604952 0.1872687587 0)
(0.4731538512 0.05747656595 0)
(0.6394852026 0.1329532063 0)
(0.8226495004 0.2695407364 0)
(0.939269681 0.4382947827 0)
(0.9324541242 0.6020937644 0)
(0.8337636833 0.7096580015 0)
(0.726500446 0.7562809923 0)
(0.6485758442 0.7617503327 0)
(0.5229743817 0.6793630133 0)
(0.4305243504 0.1225494096 0)
(0.2820104411 -0.1783385602 0)
(0.18486109 -0.1115261195 0)
(0.1107155616 -0.1086792087 0)
(0.06387361484 -0.1024595029 0)
(0.02019256053 -0.0600501953 0)
(-0.01889487854 -0.07970471764 0)
(-0.02987945411 -0.1172016752 0)
(-0.0343788636 -0.15161423 0)
(-0.03794020644 -0.1759294614 0)
(-0.03977091789 -0.1867942809 0)
(-0.06101260112 -0.171421817 0)
(-0.09673829159 -0.1431759906 0)
(-0.1296885791 -0.07721460584 0)
(1.189007265 0.7128649015 0)
(1.162304257 1.064805942 0)
(1.118483296 1.200042924 0)
(1.045096638 1.187055363 0)
(0.697602769 0.7639527607 0)
(0.4512612644 0.3868019925 0)
(0.4776908488 0.1479140341 0)
(0.6140402349 0.1653459417 0)
(0.7354959331 0.2649442434 0)
(0.7538211331 0.4027836195 0)
(0.6570136112 0.5530920012 0)
(0.532436568 0.6735230387 0)
(0.4757296765 0.7333066807 0)
(0.4140263499 0.7144987353 0)
(0.360367926 0.639729811 0)
(0.3410624623 0.2679433871 0)
(0.2390438988 -0.1358637076 0)
(0.07608576285 -0.1018686704 0)
(0.07297968584 -0.02998400198 0)
(-0.4013541371 0.1283695408 0)
(-0.4694024384 0.2574195557 0)
(-0.4326113914 0.3201474846 0)
(-0.3799781656 0.2988048542 0)
(-0.3149336708 0.2230936329 0)
(-0.2119924072 -0.06283876381 0)
(-0.1519977789 -0.1469559659 0)
(-0.1296825435 -0.09860759288 0)
(-0.1342823095 -0.07425737684 0)
(-0.17015179 -0.006220677886 0)
(1.619010887 0.3971831432 0)
(1.452207578 0.6099685156 0)
(1.329223827 0.7530137567 0)
(1.185245043 0.8144195642 0)
(0.9683768199 0.6977590677 0)
(0.723731455 0.452225346 0)
(0.6638684606 0.2830534513 0)
(0.7847269991 0.3221929722 0)
(0.8482295307 0.3869158561 0)
(0.8645340536 0.4420358897 0)
(0.8564168349 0.4867492276 0)
(0.8342092155 0.5187733452 0)
(0.8020545496 0.5326975292 0)
(0.7641969004 0.5238456346 0)
(0.7220266024 0.4896264857 0)
(0.6397130613 0.324344426 0)
(0.4309718379 0.0730982796 0)
(0.3558317607 0.1098985481 0)
(0.421440922 0.1973958017 0)
(0.4674713734 0.2182818701 0)
(0.4578272218 0.2424685936 0)
(0.4171207778 0.268152077 0)
(0.3671476079 0.2906815548 0)
(0.3106615264 0.3053396235 0)
(0.2444533883 0.306294244 0)
(0.1682182364 0.2887313976 0)
(0.08062382695 0.2584692917 0)
(-0.01213017684 0.1874678241 0)
(-0.1002981893 0.09971688094 0)
(-1.293389191 0.0003454679728 -0.2032058424)
(-2.469284066 -0.005404277665 -4.180290069)
(-3.437821673 0.1964859375 -3.316531097)
(-2.934647747 0.2175874182 -3.787457874)
(-4.057206302 0.7572489077 -2.955272493)
(-3.298887731 0.8924677734 -3.510406544)
(-3.088900705 0.9590840679 -3.785289194)
(-4.251612094 0.9404437976 -3.697630177)
(-1.483386487 -1.390141581 -2.605637231)
(-1.350200999 -1.370450267 -2.619008418)
(-1.489102014 -1.392574135 -2.643827764)
(-1.508411972 -1.465157829 -2.788519365)
(-2.164162733 -1.635377014 -1.742265939)
(-1.892723898 -1.796375175 -1.960617891)
(-1.973914272 -1.900710828 -2.069090723)
(-1.994768144 -2.045389378 -2.238630388)
(-2.948476497 -1.604607388 -1.00982165)
(-2.937019802 -1.850471439 -1.178533333)
(-3.10788649 -2.055819445 -1.304384575)
(-3.186031158 -2.310865653 -1.465975295)
(-6.493293339 1.451217797 -0.6449730816)
(-6.229377973 1.85890817 -0.9057185027)
(-6.036870425 2.126145972 -1.041902349)
(-5.755006599 2.417589605 -1.183734542)
(1.425129305e-05 -0.1327453797 -2.059269599)
(0.0005121649608 -4.018572411 -3.307725196)
(9.630660255e-05 -3.939241802 -5.310422349)
(0 -0.913811777 -2.475687382)
(1.788326333e-05 -3.73133107 -5.698261)
(1.521232385e-06 -3.386037391 -5.817803633)
(0 -2.238652836 -6.164604551)
(0 -3.008907548 -5.870435108)
(0 -2.580052218 -5.775242622)
(0 -1.518103572 -6.433252112)
(0 -2.132955728 -5.855262897)
(0 -1.692335013 -5.95927755)
(0 -0.6533257564 -6.759745052)
(0 -1.239302722 -6.099244665)
(0 -0.7273071718 -6.284497106)
(0 0.681159162 -6.395278152)
(0 0.05432645473 -6.381703971)
(0 0.7561454786 -6.1582241)
(0 1.139343734 -4.843083221)
(0 1.242535905 -5.957996361)
(0 1.671015455 -5.767455786)
(0 1.78610204 -4.589491045)
(0 2.061228803 -5.480337178)
(0 2.32408324 -4.84081113)
(3.145845191e-07 1.783785956 -2.274703083)
(7.537170028e-07 2.137529997 -3.365140659)
(9.122683424e-07 1.693513276 -1.901942111)
(1.718727747e-05 1.39931115 -1.097811402)
(1.987130644e-05 1.342846994 -1.615844633)
(0.0001921752582 1.22303427 -1.930836561)
(-0.000297327787 -3.948809402 -4.322510217)
(0.000479798748 -3.834546518 -3.945547099)
(-0.001442874716 -3.739281418 -3.87481729)
(0.0005508378264 1.255673321 -1.697464498)
(-0.0005999371081 1.28452804 -1.460078888)
(-0.000163612128 1.281746816 -1.541953629)
(0.005208375469 -3.444564864 -3.603496103)
(0.005106405543 -3.449564891 -3.247349591)
(-0.5064193862 0.5141167553 -2.029903608)
(0.001957425928 1.348695522 -1.18109387)
(0.001304147044 -3.064555661 -2.794930255)
(-3.030685344e-05 -2.836051816 -2.553071464)
(2.030588551e-05 -2.289952472 -2.082905808)
(-7.114629988e-07 -2.201135838 -1.757849881)
(-0.0002313554427 1.293466424 -0.9473412065)
(-3.363229852e-07 1.211198438 -0.7592340032)
(9.885946254e-06 1.262172226 -0.8931810306)
(0 -1.860207077 -1.416327077)
(0 -1.792560169 -1.131149483)
(0 -1.636054783 -0.9533876888)
(0 -1.542935749 -0.7347871696)
(0 1.081189181 -0.5849942764)
(0 0.9424224493 -0.4433697632)
(0 0.9921999926 -0.5377532773)
(0 -1.139807424 -0.3297317451)
(0 -0.7320509034 -0.1950213535)
(0 0.5019837428 -0.1645443667)
(0 0.7078476089 -0.2737666357)
(0.1507384658 -0.446679245 0.0007119531219)
(0.002979536818 -0.6742504212 0.001074834008)
(0.08198931596 -0.4756890741 0.0007573841085)
(-0.07239943645 -0.1423220334 0.0002265433081)
(0.1216056034 -0.2960126591 0.0004712368502)
(0.1259806629 -0.2342458697 0.000373023773)
(-0.172038121 -0.06266676698 9.974391531e-05)
(0.1367738102 -0.1793243468 0.0002859636354)
(0.005523394808 -0.005167689359 8.229924358e-06)
(0.08664384471 -0.447903497 0.0007131156562)
(-0.05209802976 -0.596846719 0.0009494749363)
(0.09324548592 -0.4098732234 0.0006528492886)
(0.1360626977 -0.2267434453 0.0003614065551)
(0.1197394513 -0.2610176911 0.0004156423244)
(0.1418764871 -0.2153341192 0.000342742881)
(0.1078710602 -0.3620103875 0.0005760713078)
(-0.09685758228 -0.3908086425 0.0006226768653)
(0.1281545742 -0.3250162042 0.0005182271721)
(0.1430384921 -0.2090527864 0.0003331914249)
(0.1244093914 -0.2572427628 0.0004098928446)
(0.1431989167 -0.2074930653 0.0003302583288)
(0.1502975964 -0.2787739248 0.0004439858173)
(-0.13854153 -0.2491791838 0.0003972162754)
(0.1726236357 -0.2336946613 0.0003723537377)
(0.1423967631 -0.2343395179 0.000373496274)
(0.1673443863 -0.2527675576 0.0004025645834)
(0.1492657589 -0.2803456541 0.0004467174651)
(0.1934430443 -0.1999651061 0.0003185030118)
(-0.1636720244 -0.1542848412 0.0002456910009)
(0.2084080335 -0.1843285885 0.0002934937953)
(0.1101955208 -0.3166396613 0.0005036175534)
(0.1390530939 -0.2637121702 0.0004200413103)
(-0.01091020908 -0.4227626023 0.0006735647244)
(0.2118202536 -0.2086264673 0.0003327788646)
(-0.1422936426 0.1875627811 -0.0002986837703)
(0.1786046424 -0.3463037169 0.0005512958132)
(0.04619563386 -0.328283567 0.0005224978151)
(-0.54214625 -0.02950261554 4.604458771e-05)
(-0.2163196017 -0.22358195 0.0003565514982)
(0.156716371 -0.09382219836 0.0001492271131)
(-0.1168248542 0.1995304814 -0.0003172892137)
(-0.1306895778 0.1065759545 -0.0001692922607)
(-0.3278509053 0.2037014312 -0.0003242928753)
(-0.2664602771 0.004156674325 -6.629725482e-06)
(-0.1347663551 -0.426579373 0.0006790994865)
(-0.3232715102 -0.09354031133 0.0001486038306)
(-0.3773501933 -0.1395429685 0.0002219024251)
(-1.128891818 -0.2284039033 -4.027040155)
(-0.7470847741 -0.6452689576 -3.989243693)
(-0.8207872575 -0.6255061259 -3.952315989)
(-1.10042307 -0.1929466762 -3.391053753)
(-0.916081936 -0.5381235931 -3.421284972)
(-1.034319224 -0.5048641794 -3.238346598)
(-1.130718744 -0.1873512553 -3.324889074)
(-1.115096612 -0.4929702332 -3.19223691)
(-1.141194944 -0.4996249645 -3.211092844)
(-1.099668254 -0.5038044536 -3.263158628)
(1.017335499e-06 -3.504773522 -5.083767309)
(-0.0002577031001 -3.765949976 -4.334176737)
(-2.195861167e-05 -3.484058147 -4.550160202)
(0 -2.61937473 -5.334694247)
(-6.853830176e-07 -3.096973336 -4.726501424)
(0 -2.667309104 -4.869177874)
(0 -1.727496191 -5.559480476)
(0 -2.222345764 -4.997565933)
(0 -1.769204485 -5.122176394)
(0 -0.7449211938 -5.884752315)
(0 -1.300692304 -5.262909078)
(0 -0.7657316095 -5.442479999)
(0 0.7756158747 -5.743789399)
(0 0.06451107185 -5.53503443)
(0 0.7984081037 -5.287719862)
(0 1.717750417 -5.239443072)
(0 1.298197187 -5.018877713)
(0 1.715292442 -4.563673901)
(2.168329115e-07 2.13528821 -3.701930006)
(0 1.910471764 -3.682526945)
(-4.211067044e-07 1.718129503 -2.287545895)
(-2.711227195e-05 1.496923005 -1.372455741)
(-9.982115534e-06 1.459666522 -1.3302301)
(-5.00887493e-05 1.397135983 -1.135610848)
(-0.7320535556 -0.9409605787 -3.735648789)
(-1.095901158 -0.7783509726 -3.077593791)
(-1.213232652 -0.7835635545 -3.095218111)
(-1.134950909 -1.222622655 -3.160468861)
(-1.297288481 -1.136107176 -2.947731659)
(-1.279281381 -1.15845147 -3.01620372)
(-2.562330016e-05 -3.449532019 -4.015039671)
(-0.00178193859 -3.348713198 -3.230346622)
(-0.0001192457454 -3.299773304 -3.388529949)
(0 -2.714881053 -4.371160405)
(-3.812562195e-06 -3.097675308 -3.619915736)
(0 -2.745819233 -3.815555111)
(0 -1.811524996 -4.648850727)
(0 -2.319247249 -3.980435517)
(0 -1.851968758 -4.130499364)
(0 -0.7872773212 -4.960947681)
(0 -1.368306286 -4.266819425)
(0 -0.8092002938 -4.434211996)
(0 0.8219760799 -4.782981828)
(0 0.07663563342 -4.517343088)
(0 0.8450872207 -4.206295854)
(0 1.609684083 -3.500830901)
(0 1.279404855 -3.527623518)
(0 1.340431312 -2.068406997)
(-1.173109559e-06 1.371957752 -1.267655714)
(0 1.235483577 -1.152123871)
(-1.221681396e-06 1.223732643 -0.848244842)
(0.0001444784265 1.353205753 -1.035403449)
(-4.00164951e-05 1.283879692 -0.85551868)
(-0.0006475933866 1.334035683 -0.9739104757)
(-1.119135477 -1.486257095 -2.833769215)
(-1.68126741 -1.570941632 -2.296220055)
(-1.33964018 -1.695210853 -2.490723307)
(-1.437792304 -1.367163887 -2.607476527)
(-1.505757961 -1.61899644 -2.371012578)
(-1.572852281 -1.633890402 -2.379987611)
(-1.512710863 -1.421987826 -2.709529202)
(0 -2.685528382 -3.112313011)
(0 -2.292186969 -1.814848647)
(0 -2.334168085 -2.108976112)
(0 -1.881396304 -3.536866283)
(0 -2.16376854 -2.373193617)
(0 -1.848084793 -2.762089797)
(0 -0.8306663233 -3.844625967)
(0 -1.403198477 -2.951599392)
(0 -0.8470021738 -3.136257973)
(0 0.8557470078 -3.468123333)
(0 0.08938289642 -3.230961279)
(0 0.7931272137 -2.346295806)
(0 1.064421206 -1.039586771)
(0 0.8547358864 -1.06753458)
(0 0.9181648318 -0.6301743937)
(-2.163208226e-07 1.17402427 -0.6993688307)
(0 1.028566584 -0.5759929191)
(0 1.14825987 -0.6191833207)
(-2.56253729 -1.693100647 -1.309010813)
(-2.308184139 -1.853426498 -1.493882895)
(-1.939693312 -1.837638712 -2.008602806)
(-2.366260374 -1.899185484 -1.537606563)
(-2.421407034 -1.974618334 -1.594757368)
(-1.993589571 -1.963202394 -2.15281075)
(-2.462521032 -2.064332978 -1.662419079)
(0 -1.608158323 -1.645307553)
(0 -1.399771969 -0.6124386312)
(0 -1.252977691 -0.6423844326)
(0 -0.8337047121 -2.126049046)
(0 -1.062720408 -0.7092924767)
(0 -0.7589023625 -0.8192626391)
(0 0.6004527522 -0.9680951279)
(0 -0.1026987696 -1.033196602)
(0 0.4869835212 -0.3248346522)
(0 0.8511617728 -0.4581866993)
(0 0.6421991677 -0.309341768)
(0 0.8123414828 -0.3601701078)
(-3.036241395 -1.8015364 -0.889182312)
(8.222713181e-06 -0.4539885151 -0.8254758757)
(-0.5293172611 -0.2526210223 0.0004017033128)
(-0.7450695109 -0.0004482811075 -0.0419376126)
(-1.810241415 -0.0172525357 2.578052992e-05)
(-2.147242425 -0.007311855709 -3.89703588)
(-1.699107759 0.00653517496 -1.431332357e-05)
(-1.771955734 -0.006889705517 -3.747168184)
(-0.9661676883 0.004541899787 -7.95145968e-06)
(-1.205842704 -0.006610247721 -3.762776849)
(6.802886525e-07 -1.046917008 -1.929851037)
(-0.06758363157 -0.4967638268 0.0007918409071)
(0.06721054954 -0.2410526825 0.0003840448994)
(-0.1706371866 -0.07644148813 0.0001217611513)
(0 -0.8589298736 -2.493805511)
(-0.02964106302 -0.7049361487 0.00112267698)
(0.1207629636 -0.2810573213 0.000448131197)
(0 -1.908812961 -6.319159959)
(-0.07495500076 -0.4810752064 0.0007670839822)
(0.1187143444 -0.2511940622 0.0003997214109)
(0 -1.112549066 -6.584233028)
(-0.1186321233 -0.3127090299 0.0004975253538)
(0.1543894624 -0.2626168471 0.0004181501179)
(0 0.0510249969 -6.805054056)
(-0.1552255057 -0.1984296623 0.0003162582254)
(0.1645882132 -0.2467134187 0.0003928323264)
(0 0.9640973732 -5.470100664)
(-0.1586501456 0.01814618772 -2.846285813e-05)
(0.01251301377 -0.3697318464 0.0005887191163)
(0 1.435611833 -4.749765503)
(-0.1324414691 0.1087171577 -0.0001735505486)
(-0.5050017524 -0.05698668771 8.957036909e-05)
(0 1.91174633 -3.907593235)
(-0.09772483742 0.1234936722 -0.0001969166187)
(4.11054986e-06 1.517645403 -1.9207388)
(-0.1366849418 -0.5654560623 0.0009000627158)
(-1.01676671 -0.09330280765 0.0001485095167)
(0.001801294838 -3.950920178 -4.194408812)
(-0.7782927554 -0.2473240885 -4.232803529)
(-1.066217533 -0.2015197497 -3.596902433)
(-1.137166532 -0.1891353302 -3.321047215)
(-3.85434474e-05 -3.860831426 -4.881766385)
(3.182179484e-07 -3.068970433 -5.224322313)
(0 -2.173224304 -5.443345829)
(0 -1.267499603 -5.701286809)
(0 0.05913442493 -5.980426508)
(0 1.271086356 -5.514123571)
(0 2.075962592 -4.766168765)
(-8.341399676e-07 1.762955789 -2.144100584)
(-8.663461854e-05 1.298370828 -1.537384125)
(-0.843842452 -0.9095767515 -3.575023784)
(-0.9209941176 -0.9064474102 -3.574522299)
(-0.9585326159 -0.809122687 -3.209087426)
(-1.075794898 -1.143408175 -2.975217412)
(-1.180723361 -0.7747770948 -3.06026674)
(-1.269069405 -1.115105312 -2.90237221)
(-1.188091763 -0.8008197557 -3.156558029)
(0.000750026971 -3.639327899 -3.821302233)
(-2.47709107e-06 -3.121239019 -4.208337831)
(0 -2.272799424 -4.515475886)
(0 -1.334681385 -4.78705259)
(0 0.0703234222 -5.049073746)
(0 1.314113685 -4.407952149)
(0 1.56329333 -2.245542584)
(-1.64822215e-05 1.329631535 -0.9866150207)
(0.001941459356 1.286332985 -1.383496954)
(-0.0005681522092 -2.796670248 -2.543010942)
(-6.536490431e-07 -2.868070215 -2.823737145)
(0 -2.331956428 -3.328401873)
(0 -1.398009165 -3.68029532)
(0 0.08356264406 -3.924826425)
(0 1.116430208 -2.247463472)
(0 1.087589189 -0.7318049735)
(-1.14192099e-05 1.264977566 -0.7858503965)
(0.0005562401094 1.318644406 -1.049389233)
(-4.497909761 1.318167171 -2.418480857)
(-4.657943625 1.552666727 -2.196538282)
(-3.860554754 1.560200992 -2.985230124)
(-4.780565992 1.608524028 -3.008294277)
(-5.270712767 1.82889082 -2.668065294)
(-6.09639825 1.406699393 -2.733342668)
(0 -1.802017613 -1.144124176)
(0 -1.696959798 -1.199967691)
(0 -1.300900249 -1.89105038)
(0 0.06629461392 -2.303536905)
(0 0.6890517998 -0.5188130469)
(0 0.9933324544 -0.4869503517)
(0 1.150400819 -0.7037584984)
(-5.642326703 1.758783045 -1.293653584)
(-4.563817529 2.06233378 -2.249806139)
(-5.609638999 2.277496774 -1.832599297)
(0 -1.327074173 -0.4890797441)
(-3.097959432 -1.622676702 -0.7708183018)
(-3.496847845 -1.433324129 -0.5010974575)
(-3.831122908 -1.674596788 -0.5888078191)
(-4.167107861 -1.925733631 -0.6773588478)
(-3.450634711 -2.384890703 -1.171067782)
(-4.392263909 -2.226986522 -0.7852495838)
(0 -0.9629284281 -0.2498769627)
(-3.816093539 -1.138151533 -0.1828335376)
(-4.46332925 -1.35929988 -0.2062764384)
(-5.016017711 -1.599672702 -0.2366072934)
(-5.375906997 -1.873749069 -0.2843528602)
(0 -0.3588010238 -0.1974301815)
(-3.966084118 -0.4992792686 0.02051460659)
(-5.062017568 -0.7253968101 0.03335967442)
(-6.080980219 -0.8700229057 0.04047795863)
(-6.6443564 -0.9996909421 0.04673137696)
(0 0.6532768604 -0.1935791088)
(-7.340983561 0.8312151786 -0.2135881053)
(-7.620485266 0.9181015832 -0.2286283451)
(-7.639262333 1.048407279 -0.2637346458)
(-7.485469282 1.188846029 -0.3018307494)
(-0.7132257604 -0.02288508828 3.686715195e-05)
(-2.353860345 -0.007691541196 -4.072594427)
(-0.310811617 0.3141708962 -0.0004998657502)
(0.06007240891 -0.3322826966 0.0005287356772)
(-1.117736022 -0.00788351144 -4.56194706)
(-1.631738162 -0.007277295427 -4.030521333)
(-1.946304393 0.004689748062 3.450531904e-07)
(-1.956151525 -0.007045959676 -3.790068604)
(-0.1139143116 -0.1562959685 0.0002490878121)
(-0.2770346675 -0.04125957928 6.547801733e-05)
(-1.490628328 -0.00671634286 -3.733119277)
(-1.401561484 -0.006378675793 -3.552245871)
(-1.350010088 0.005513630142 -8.58929564e-06)
(-1.544181586 -0.006775850902 -3.751042896)
(-0.4400048897 0.04846630802 -7.751111096e-05)
(-0.4638573983 0.03947813848 -6.311573169e-05)
(-1.352130972 -0.00623177327 -3.479967569)
(-1.27647969 -0.006187147288 -3.480140598)
(-0.3947505959 -0.008144411103 1.3461232e-05)
(-1.108243 -0.006162547734 -3.512214299)
(-0.9263969958 -0.04542980115 7.09038932e-05)
(-0.112644469 0.4715861733 -0.0007509557039)
(-0.2359932712 -0.04951272154 7.862131221e-05)
(-2.941445538 -0.005029265276 -4.106769087)
(-3.215211506 -0.002721056692 -4.088525309)
(-2.876412261 -0.004414657406 -3.769264776)
(-1.527464794 -0.00271172847 4.653743998e-06)
(-2.778344886 -0.004755359911 -3.887796614)
(-3.035452192 0.2167999555 -3.662586374)
(-3.608802602 0.5091777324 -3.172658552)
(-3.221620318 0.5536098687 -3.538302199)
(-3.115542183 0.5667748335 -3.665676869)
(-2.987875357 0.5918248982 -3.804692795)
(-2.858651753 0.6205065496 -3.945152105)
(-2.806674917 0.6331442382 -4.073796323)
(-3.125578979 0.6460633024 -4.109583629)
(-0.8132914586 -1.299358336 -3.397235477)
(-1.197022992 -1.111815561 -2.896092188)
(-4.259405953 1.096473446 -2.733391805)
(-3.5863874 1.219884671 -3.189183538)
(-3.410595663 0.8671917536 -3.381894326)
(-3.35427618 1.317057792 -3.454625073)
(-3.165389346 0.9304042628 -3.650493517)
(-3.467029929 1.264895066 -3.31792137)
(-3.610019655 1.350360554 -3.512852244)
(-3.469926565 0.9691184729 -3.809719827)
(-4.455319527 1.315865299 -3.395993655)
(-5.199485048 1.227559226 -3.25689783)
(-1.613575663 -1.667987436 -2.426848706)
(-1.634052203 -1.712810731 -2.494980629)
(-1.630556111 -1.768683695 -2.57534904)
(-1.814464058 -1.794252846 -1.958348798)
(-5.156793459 1.715391609 -1.756848697)
(-4.176546908 1.755163729 -2.589544406)
(-4.661433706 1.950289235 -2.133327205)
(-4.069571789 1.855149274 -2.705590763)
(-4.344081575 1.917183103 -2.773433124)
(-5.752768678 2.033702717 -2.208199833)
(-6.370651204 1.901222759 -2.074028751)
(-6.370635085 1.645395263 -2.392393836)
(-6.65334174 1.802014995 -1.971499166)
(-3.978463612 1.492483017 -2.85733679)
(-3.952195658 1.634747907 -3.08852505)
(-5.615196549 1.496453732 -2.857324615)
(-5.995913019 1.716863286 -2.517520992)
(-2.486958631 -2.15713 -1.748367731)
(-2.492983742 -2.274646259 -1.827157761)
(-2.844599268 -1.780296707 -1.1299652)
(-3.032999977 -1.946794407 -1.235444073)
(-3.136004285 -1.887453567 -0.9257808091)
(-3.246307015 -1.991589769 -0.976754542)
(-3.158971266 -2.177373345 -1.379554222)
(-3.337695351 -2.108777639 -1.037517073)
(-3.406094206 -2.240986491 -1.098468924)
(-6.291783502 1.734934549 -0.850897785)
(-6.180556324 1.555321397 -0.9607351661)
(-5.959298476 1.821928294 -1.162815594)
(-6.145083445 1.993969556 -0.9635795259)
(-5.12774548 2.138135576 -1.72446505)
(-5.886391683 1.942668836 -1.232472368)
(-5.078244889 2.27958551 -1.828481076)
(-5.789748651 2.077261846 -1.3052674)
(-5.672519502 2.200998344 -1.406276841)
(-5.537422741 2.342894112 -1.487361247)
(-6.764172424 1.942733111 -1.588207901)
(-5.385256884 2.481638941 -1.587604074)
(-5.240133668 2.009276828 -1.631537206)
(-4.892664843 2.125885937 -2.314295337)
(-6.388067162 2.103998263 -1.694074822)
(-3.655684224 -1.581283434 -0.5593846449)
(-3.644526085 -1.31907202 -0.3474055275)
(-3.902424624 -1.458714099 -0.3713169044)
(-4.011578693 -1.792706828 -0.6292009072)
(-4.125567062 -1.551616921 -0.392821817)
(-4.353585855 -1.668765319 -0.4211983379)
(-4.294985418 -2.07252069 -0.7250938373)
(-4.552723339 -1.79999772 -0.4584291701)
(-4.717453793 -1.946299546 -0.4910045654)
(-4.840938539 -2.099464041 -0.536712745)
(-4.169855559 -1.267057038 -0.1907681406)
(-3.934131058 -0.8711603097 -0.04697724333)
(-4.401165805 -0.9961769779 -0.05058367519)
(-4.759001165 -1.473442423 -0.2198461829)
(-4.800602579 -1.082990329 -0.0566780705)
(-5.196074368 -1.184543581 -0.05573777256)
(-5.225066061 -1.733833989 -0.2531396377)
(-5.533211816 -1.291993903 -0.06151931414)
(-5.798266608 -1.402624458 -0.06951299768)
(-5.977592607 -1.517150691 -0.07716117198)
(-4.492403306 -0.6450130576 0.03064891727)
(-7.542568035 0.4377281717 -0.07313253605)
(-7.857490283 0.4207210331 -0.06272945032)
(-5.618008047 -0.8005504128 0.04446541057)
(-8.034105189 0.4257860687 -0.06215234344)
(-8.150708428 0.4314607099 -0.0600666594)
(-6.427407672 -0.934917972 0.04974846393)
(-8.203930202 0.4374136644 -0.06935660526)
(-8.195404905 0.4490108887 -0.06009937209)
(-8.12331787 0.4595648644 -0.07349849893)
(-7.554669231 0.8671004221 -0.2225528214)
(-7.040955079 1.121503962 -0.3700219283)
(-7.187106112 1.198496584 -0.4264551292)
(-7.650548888 0.9814909321 -0.2444535551)
(-7.210865335 1.275739642 -0.4497446494)
(-7.203798735 1.368914179 -0.4758585611)
(-7.585201359 1.119957279 -0.2727016876)
(-7.164394582 1.461630893 -0.5189086962)
(-7.091516575 1.56161763 -0.5518202397)
(-5.906500984 2.270274105 -1.107948088)
(-6.982327625 1.663479637 -0.5936679028)
)
;

boundaryField
{
    walls
    {
        type            noSlip;
    }
    wallFilmFace_top
    {
        type            slip;
    }
    region0_to_wallFilmRegion_wallFilmFace
    {
        type            slip;
    }
    mirrorFace_top
    {
        type            slip;
    }
    region0_to_wallFilmRegion_mirrorFace
    {
        type            slip;
    }
    procBoundary2to0
    {
        type            processor;
        value           nonuniform List<vector> 
26
(
(0.0855188359 0.07692543318 0)
(0.1479963879 0.07508526801 0)
(0.01646907127 -0.03176124524 0)
(-0.001505922515 0.0007646872115 0)
(-0.04340583375 0.006041819611 0)
(-0.1397751074 0.05572189435 0)
(-0.3216430641 -0.01211903047 0)
(1.909618124 0.174009204 0)
(0.2109339917 0.3993332649 0)
(1.186680478 0.5230884501 0)
(-0.1390274938 -0.6130402061 0)
(-0.3457494873 0.7163150703 0)
(-0.3028074441 0.8182637477 0)
(-0.2473385751 0.8926935397 0)
(0.1149876075 0.2630765795 0)
(0.1664313876 0.9158337866 0)
(0.1716115058 1.1320071 0)
(0.09686873922 1.098611197 0)
(-0.00496765086 1.027278641 0)
(-0.1514109077 0.9838797295 0)
(-0.2402823799 1.019352031 0)
(-0.2868440416 1.095964465 0)
(-0.3075072797 1.199662491 0)
(-0.3139235701 1.34789427 0)
(-0.2992849278 1.035489039 0)
(-0.1209147877 1.05901488 0)
)
;
    }
    procBoundary2to1
    {
        type            processor;
        value           nonuniform List<vector> 
33
(
(0.003972502365 0.0936672337 0)
(0.003972502365 0.0936672337 0)
(-0.04472143127 -0.04749415878 0)
(-0.04472143127 -0.04749415878 0)
(-0.04934554754 -0.07409840916 0)
(0.04936039017 -0.1213493237 0)
(0.02904314178 -0.1003475278 0)
(0.02904314178 -0.1003475278 0)
(0.05651628486 -0.04174575326 0)
(0.08040387283 -0.06451812974 0)
(-0.1431134711 -0.3563524706 0)
(-0.04268181131 -0.0743142689 0)
(0.09048750794 -0.08026649459 0)
(0.007247056363 0.05834555645 0)
(0.1512402618 0.1279768389 0)
(0.09801375551 0.01409729214 0)
(-0.1170050665 -0.1176427177 0)
(-0.05522373176 0.1120651638 0)
(-0.3023362487 -0.3553229355 0)
(-0.3161744069 -0.3672229747 0)
(-0.3078190511 -0.3639828255 0)
(-0.1443361279 -0.353807649 0)
(0.07258467047 -0.6507111502 0)
(-0.2505349137 -0.1501036483 0)
(-0.6415710015 -0.02519032089 0)
(-1.225825032 0.01122121539 0)
(-0.9402270666 0.01304286279 0)
(0.9027560397 0.04930999316 0)
(-0.7272792178 0.03401607777 0)
(-1.176753212 0.02682523416 0)
(1.032566508 0.01723016039 0)
(1.317030404 0.01785050036 0)
(2.017667934 0.01128044324 0)
)
;
    }
    procBoundary2to3
    {
        type            processor;
        value           nonuniform List<vector> 
64
(
(-2.361990904 -0.005656223431 -4.309964667)
(-2.814789613 0.2168032129 -3.924162119)
(-2.69141606 0.2273306793 -4.062253696)
(-2.50606373 0.2345348422 -4.333720407)
(-4.891903968 0.9055545868 -3.573430476)
(-1.467066812 -1.517918269 -2.885230685)
(-1.970610988 -2.141954286 -2.337873024)
(-3.191269042 -2.462129337 -1.560781578)
(-5.583664943 2.57509101 -1.259062514)
(-0.1133647514 -0.09413033593 0.000150156477)
(0.1459889111 -0.1803896938 0.0002873234413)
(0.01868107885 -0.112617385 0.0001794380079)
(0.1223469805 -0.1243261021 0.0001979094291)
(0.1459889111 -0.1803896938 0.0002873234413)
(0.151194355 -0.1741022689 0.0002773596531)
(0.1476099358 -0.178857178 0.0002849866715)
(0.1512716028 -0.2184087697 0.0003475882759)
(0.1373028765 -0.2379385454 0.000379593027)
(0.1410571849 -0.3020930072 0.0004812023735)
(0.0679763772 -0.4143289225 0.0006602532814)
(0.03516374679 -0.3884034113 0.0006186434801)
(0.01854579781 -0.3330559929 0.0005298731865)
(-0.1734882053 -0.2140042028 0.0003410107617)
(-0.3477372598 -0.05008824096 8.040734645e-05)
(-0.3477372598 -0.05008824096 8.040734645e-05)
(-0.320992707 0.01457768125 -2.331268359e-05)
(-0.2890901479 -0.01815201128 2.903749326e-05)
(-0.2890901479 -0.01815201128 2.903749326e-05)
(-0.345838587 -0.1492169514 0.0002373589118)
(-0.2890901479 -0.01815201128 2.903749326e-05)
(-1.048772076 -0.1868875842 -3.365002851)
(-0.9909589903 -0.5144746349 -3.333213103)
(-1.048772076 -0.1868875842 -3.365002851)
(-1.10398252 -0.8246884225 -3.236210969)
(-1.207765894 -1.191434119 -3.101965762)
(-0.5404942717 0.003885573189 -6.069138571e-06)
(-0.7460889949 -0.006328043387 -3.729163719)
(-0.1133647514 -0.09413033593 0.000150156477)
(-0.905977089 -0.07530791263 0.0001206890067)
(-1.048772076 -0.1868875842 -3.365002851)
(-6.303996321 1.391218111 -2.618855659)
(-3.472108307 -2.548219071 -1.248356238)
(-4.45305946 -2.397739277 -0.8442532901)
(-5.456486483 -2.022894775 -0.3011417339)
(-6.723995971 -1.065866526 0.04892550227)
(-7.334862711 1.264651426 -0.3150967109)
(-0.7372726072 0.05788603655 -9.235659767e-05)
(-0.8216916392 -0.006054295554 -3.531468495)
(-1.467060858 -0.0005408695299 2.247008007e-06)
(-2.666673039 -0.005040039095 -4.021422579)
(-2.814789613 0.2168032129 -3.924162119)
(-2.570560165 0.2303470202 -4.202302263)
(-3.740637015 0.6372671564 -4.048862559)
(-5.643488481 1.204141872 -3.131476837)
(-1.593378122 -1.833839033 -2.673008887)
(-6.497340407 1.589723384 -2.307910515)
(-6.702639263 1.744595262 -1.895534262)
(-2.478158464 -2.397057988 -1.929087943)
(-6.818256887 1.86633216 -1.49534578)
(-5.218181018 2.63900413 -1.676627589)
(-4.914808894 -2.263977179 -0.5789219164)
(-6.057254759 -1.634491327 -0.08490973718)
(-7.983906489 0.4731508582 -0.07412572046)
(-6.832559197 1.775754698 -0.6227428534)
)
;
    }
}


// ************************************************************************* //
