/*--------------------------------*- C++ -*----------------------------------*\
  =========                 |
  \\      /  F ield         | OpenFOAM: The Open Source CFD Toolbox
   \\    /   O peration     | Website:  https://openfoam.org
    \\  /    A nd           | Version:  8
     \\/     M anipulation  |
\*---------------------------------------------------------------------------*/
FoamFile
{
    version     2.0;
    format      ascii;
    class       volVectorField;
    location    "1.7/wallFilmRegion";
    object      contactForce:contactAngle;
}
// * * * * * * * * * * * * * * * * * * * * * * * * * * * * * * * * * * * * * //

dimensions      [1 -2 -2 0 0 0 0];

internalField   nonuniform List<vector> 
1369
(
(0 0 0)
(0 0 0)
(0 0 0)
(0 0 0)
(0 0 0)
(0 0 0)
(0 0 0)
(0 0 0)
(0 0 0)
(0 0 0)
(0 0 0)
(0 0 0)
(0 0 0)
(0 0 0)
(0 0 0)
(0 0 0)
(0 0 0)
(0 0 0)
(0 0 0)
(-260.2223513 0 0)
(-327.0826855 0 0)
(-236.2349552 0 0)
(-353.6506481 0 0)
(-347.6221549 0 0)
(-420.2396281 0 0)
(-243.3641258 0 0)
(0 0 0)
(0 0 0)
(0 0 0)
(-458.4885226 0 0)
(-623.4029701 0 0)
(-532.1287047 0 0)
(-407.3833008 0 0)
(-324.4510014 0 0)
(0 0 0)
(0 0 0)
(0 0 0)
(0 0 0)
(0 0 0)
(0 0 0)
(0 0 0)
(-370.7842778 0 0)
(0 0 0)
(0 0 0)
(0 0 0)
(0 0 0)
(0 0 0)
(0 0 0)
(0 0 0)
(0 0 0)
(0 0 0)
(0 0 0)
(0 0 0)
(0 0 0)
(0 0 0)
(0 0 0)
(0 0 0)
(0 0 0)
(0 0 0)
(0 0 0)
(0 0 0)
(0 0 0)
(0 0 0)
(0 0 0)
(0 0 0)
(0 0 0)
(0 0 0)
(0 0 0)
(0 0 0)
(0 0 0)
(0 0 0)
(0 0 0)
(0 0 0)
(0 0 0)
(-516.1265896 0 0)
(-347.4191166 0 0)
(-524.2921522 0 0)
(-336.998361 0 0)
(-865.5994797 -793.4661883 0)
(0 0 0)
(0 0 0)
(0 0 0)
(0 0 0)
(0 0 0)
(0 0 0)
(0 0 0)
(0 251.1942882 -7.427601682e-13)
(0 0 0)
(0 -389.3066131 0)
(0 0 0)
(0 0 0)
(0 0 0)
(0 0 0)
(0 0 0)
(0 249.4910066 0)
(0 0 0)
(0 0 0)
(-502.9823251 0 0)
(-578.4236733 0 0)
(-635.0315077 0 0)
(-920.8889271 -844.1481816 0)
(0 0 0)
(0 358.9452285 0)
(0 0 0)
(0 0 0)
(0 0 0)
(0 0 0)
(0 0 0)
(0 0 0)
(0 0 0)
(0 0 0)
(0 0 0)
(0 0 0)
(0 0 0)
(0 0 0)
(0 0 0)
(0 0 0)
(0 0 0)
(0 0 0)
(0 0 0)
(0 0 0)
(0 0 0)
(0 0 0)
(0 0 0)
(0 0 0)
(0 0 0)
(0 0 0)
(0 0 0)
(0 0 0)
(0 0 0)
(0 0 0)
(0 0 0)
(0 0 0)
(0 -690.7631785 2.042528008e-12)
(0 0 0)
(0 0 0)
(0 0 0)
(0 0 0)
(0 0 0)
(0 0 0)
(0 0 0)
(0 0 0)
(0 0 0)
(0 0 0)
(1.243611165e-05 2089.959757 6.179833365e-12)
(637.7187652 0 1.728540167e-12)
(0 0 0)
(0 0 0)
(-998.4253499 -915.2232407 2.706237333e-12)
(0 0 0)
(0 0 0)
(0 0 0)
(0 0 0)
(0 0 0)
(-886.1533805 812.3072684 2.401923551e-12)
(0 0 0)
(0 -652.02295 -1.927976444e-12)
(0 0 0)
(0 0 0)
(0 0 0)
(0 0 0)
(0 0 0)
(-1008.222496 924.2039582 2.732792552e-12)
(0 0 0)
(0 0 0)
(-573.789021 0 1.555258258e-12)
(-235.4962724 0 6.383139254e-13)
(0 0 0)
(0 0 0)
(0 0 0)
(0 0 0)
(0 0 0)
(0 0 0)
(0 0 0)
(0 0 0)
(0 0 0)
(0 0 0)
(0 0 0)
(0 0 0)
(0 0 0)
(0 0 0)
(0 0 0)
(0 0 0)
(0 0 0)
(0 0 0)
(0 0 0)
(0 0 0)
(0 0 0)
(0 0 0)
(0 0 0)
(0 0 0)
(0 0 0)
(0 0 0)
(0 -534.5808297 0)
(0 0 0)
(0 0 0)
(0 0 0)
(0 0 0)
(0 0 0)
(0 0 0)
(0 0 0)
(0 0 0)
(0 0 0)
(0 0 0)
(0 0 0)
(-489.8167572 448.9986933 0)
(-534.2716 0 0)
(-349.0000831 -319.9167422 0)
(0 0 0)
(0 0 0)
(0 0 0)
(0 0 0)
(0 0 0)
(0 0 0)
(0 0 0)
(-772.3990807 708.0324894 0)
(0 -352.6122745 1.042644525e-12)
(0 0 0)
(0 0 0)
(0 0 0)
(0 0 0)
(0 0 0)
(0 0 0)
(0 331.4885708 0)
(0 -703.4199508 0)
(0 0 0)
(0 0 0)
(0 644.5330794 0)
(0 0 0)
(0 0 0)
(0 0 0)
(0 0 0)
(0 0 0)
(0 0 0)
(0 0 0)
(0 0 0)
(0 0 0)
(0 0 0)
(0 0 0)
(0 0 0)
(0 0 0)
(0 0 0)
(0 0 0)
(0 0 0)
(0 0 0)
(0 0 0)
(0 0 0)
(0 0 0)
(0 0 0)
(0 0 0)
(0 0 0)
(0 0 0)
(0 0 0)
(0 -665.2610563 0)
(0 0 0)
(0 0 0)
(0 0 0)
(0 0 0)
(0 0 0)
(0 0 0)
(0 0 0)
(0 0 0)
(0 0 0)
(0 0 0)
(0 0 0)
(0 0 0)
(0 0 0)
(0 0 0)
(0 0 0)
(0 0 0)
(0 0 0)
(0 0 0)
(0 0 0)
(0 0 0)
(0 0 0)
(0 0 0)
(0 -1030.632564 0)
(0 0 0)
(0 0 0)
(0 0 0)
(0 0 0)
(0 0 0)
(858.089471 786.5820137 0)
(0 0 0)
(0 -259.6584609 0)
(0 0 0)
(0 0 0)
(-1106.360254 1014.163564 0)
(0 0 0)
(0 0 0)
(0 0 0)
(0 0 0)
(0 0 0)
(0 0 0)
(0 0 0)
(0 0 0)
(0 0 0)
(0 0 0)
(0 0 0)
(0 0 0)
(0 0 0)
(0 0 0)
(0 0 0)
(0 0 0)
(0 0 0)
(0 0 0)
(0 0 0)
(0 0 0)
(0 0 0)
(0 0 0)
(0 0 0)
(0 0 0)
(0 0 0)
(0 -390.2309055 0)
(0 0 0)
(0 0 0)
(0 0 0)
(0 0 0)
(0 0 0)
(0 0 0)
(0 0 0)
(0 0 0)
(0 0 0)
(0 0 0)
(0 0 0)
(0 0 0)
(0 0 0)
(0 0 0)
(0 0 0)
(0 0 0)
(0 0 0)
(0 0 0)
(0 0 0)
(0 0 0)
(859.5672128 787.9366103 0)
(477.2804161 0 0)
(0 -403.6414297 1.1935334e-12)
(0 0 0)
(0 0 0)
(0 0 0)
(0 0 0)
(0 0 0)
(0 656.7411574 0)
(0 0 0)
(0 -760.0341906 0)
(0 0 0)
(0 0 0)
(0 0 0)
(-921.2035648 844.4366042 0)
(0 0 0)
(0 0 0)
(0 0 0)
(0 0 0)
(0 0 0)
(0 0 0)
(0 0 0)
(0 0 0)
(0 0 0)
(0 0 0)
(0 0 0)
(0 0 0)
(0 0 0)
(0 0 0)
(0 0 0)
(0 0 0)
(0 0 0)
(0 0 0)
(0 0 0)
(0 0 0)
(0 0 0)
(0 0 0)
(0 0 0)
(0 0 0)
(-671.5192879 -615.5593461 0)
(0 0 0)
(0 0 0)
(0 0 0)
(0 0 0)
(0 0 0)
(0 0 0)
(0 0 0)
(0 0 0)
(0 0 0)
(0 0 0)
(0 0 0)
(0 0 0)
(0 0 0)
(0 0 0)
(0 0 0)
(0 0 0)
(0 0 0)
(937.7379341 859.5931094 0)
(-1270.063701 0 0)
(245.8848128 0 0)
(-423.4222424 0 0)
(-646.3307762 0 0)
(-824.8645995 -756.1258815 2.235799965e-12)
(0 0 0)
(0 0 0)
(0 0 0)
(0 0 0)
(0 0 0)
(0 560.2723964 0)
(0 0 0)
(0 -385.6107386 0)
(0 0 0)
(0 0 0)
(0 0 0)
(0 0 0)
(-566.8737875 519.6343043 0)
(0 0 0)
(0 0 0)
(0 0 0)
(0 0 0)
(0 0 0)
(0 0 0)
(0 0 0)
(0 0 0)
(0 0 0)
(0 0 0)
(0 0 0)
(0 0 0)
(0 0 0)
(0 0 0)
(0 0 0)
(0 0 0)
(0 0 0)
(0 0 0)
(0 0 0)
(0 0 0)
(0 0 0)
(0 0 0)
(0 -277.6138287 0)
(0 0 0)
(0 0 0)
(0 0 0)
(0 0 0)
(0 0 0)
(0 0 0)
(0 0 0)
(0 0 0)
(0 0 0)
(0 0 0)
(0 0 0)
(0 0 0)
(0 0 0)
(0 0 0)
(0 0 0)
(0 0 0)
(0 0 0)
(-9.707383897e-12 1500.774001 0)
(-519.1080434 -475.849039 0)
(0 0 0)
(0 1001.272657 0)
(0 0 0)
(0 0 0)
(0 0 0)
(0 0 0)
(0 0 0)
(0 0 0)
(0 0 0)
(0 0 0)
(-743.2482387 681.3108843 0)
(0 0 0)
(0 -599.3322386 0)
(0 0 0)
(0 0 0)
(0 0 0)
(0 0 0)
(0 0 0)
(-983.5540514 901.5912122 0)
(-316.2972004 0 0)
(0 0 0)
(0 0 0)
(0 0 0)
(0 0 0)
(0 0 0)
(0 0 0)
(0 0 0)
(0 0 0)
(0 0 0)
(0 0 0)
(0 0 0)
(0 0 0)
(0 0 0)
(0 0 0)
(0 0 0)
(0 0 0)
(0 0 0)
(0 0 0)
(0 0 0)
(0 0 0)
(0 -262.5389312 0)
(0 0 0)
(0 0 0)
(0 0 0)
(0 0 0)
(0 0 0)
(0 0 0)
(0 0 0)
(0 0 0)
(0 0 0)
(0 0 0)
(0 0 0)
(0 0 0)
(0 0 0)
(0 0 0)
(0 0 0)
(0 0 0)
(0 0 0)
(0 0 0)
(0 0 0)
(0 0 0)
(0 286.3238021 0)
(719.7184492 -659.7419105 0)
(0 0 0)
(0 0 0)
(0 0 0)
(0 0 0)
(0 0 0)
(0 0 0)
(0 0 0)
(0 0 0)
(-501.4387612 459.6521994 0)
(-629.4370853 -576.9839969 0)
(0 0 0)
(0 0 0)
(0 0 0)
(0 0 0)
(0 0 0)
(0 0 0)
(0 0 0)
(0 507.006598 0)
(0 0 0)
(0 0 0)
(0 0 0)
(0 0 0)
(0 0 0)
(0 0 0)
(0 0 0)
(0 0 0)
(0 0 0)
(0 0 0)
(0 0 0)
(0 0 0)
(0 0 0)
(0 0 0)
(0 0 0)
(0 0 0)
(0 0 0)
(0 0 0)
(0 0 0)
(-1108.528223 -1016.150869 -3.004671752e-12)
(0 0 0)
(0 0 0)
(0 0 0)
(0 0 0)
(0 0 0)
(-8.484995499e-06 1425.953662 -4.21642378e-12)
(-732.5698538 0 -0.0003640337762)
(-483.4220611 0 0)
(420.9561651 0 -1.141003972e-12)
(967.1360861 -886.5414155 -2.621427614e-12)
(0 0 0)
(0 0 0)
(0 0 0)
(0 0 0)
(-1.184030122e-05 1989.837077 -5.883779111e-12)
(-6.424024162e-06 -1079.59407 -3.192267904e-12)
(0 0 0)
(0 0 0)
(0 0 0)
(1105.318494 1013.208623 -2.99597178e-12)
(0 0 0)
(0 0 0)
(668.9176007 -613.1744695 -1.81310479e-12)
(0 0 0)
(0 0 0)
(0 0 0)
(0 0 0)
(0 0 0)
(0 0 0)
(0 0 0)
(0 0 0)
(0 0 0)
(0 0 0)
(0 0 0)
(0 0 0)
(0 0 0)
(0 0 0)
(0 0 0)
(0 0 0)
(0 742.697441 -2.196093208e-12)
(0 0 0)
(0 0 0)
(0 0 0)
(0 0 0)
(0 0 0)
(0 0 0)
(0 0 0)
(0 0 0)
(0 0 0)
(0 0 0)
(0 0 0)
(0 0 0)
(0 0 0)
(0 0 0)
(0 0 0)
(0 0 0)
(0 0 0)
(-230.4067208 0 0)
(-462.7744437 -424.2099059 0)
(0 0 0)
(0 0 0)
(0 0 0)
(0 0 0)
(0 0 0)
(0 0 0)
(0 0 0)
(0 0 0)
(0 0 0)
(0 289.3098836 0)
(0 0 0)
(465.6857797 0 0)
(232.5136956 0 0)
(550.1267226 -504.2828282 0)
(0 0 0)
(0 0 0)
(0 0 0)
(0 0 0)
(0 0 0)
(563.4330734 516.4803164 0)
(0 0 0)
(0 0 0)
(0 0 0)
(0 -569.0759473 0)
(0 0 0)
(0 0 0)
(0 0 0)
(0 0 0)
(0 0 0)
(0 0 0)
(0 0 0)
(0 0 0)
(0 0 0)
(0 0 0)
(0 0 0)
(0 0 0)
(851.1218134 780.1949942 -2.306970311e-12)
(283.5236549 0 0)
(252.9952135 0 0)
(349.2140968 0 0)
(0 0 0)
(0 0 0)
(0 0 0)
(0 0 0)
(0 0 0)
(0 0 0)
(0 0 0)
(0 0 0)
(0 0 0)
(0 0 0)
(0 0 0)
(0 0 0)
(0 0 0)
(0 0 0)
(-426.2420803 0 0)
(-346.8284844 0 0)
(-469.4498089 0 0)
(-645.132141 -591.3711314 0)
(0 0 0)
(0 0 0)
(0 0 0)
(0 0 0)
(0 0 0)
(0 0 0)
(0 0 0)
(0 0 0)
(0 0 0)
(0 0 0)
(0 0 0)
(-968.1449712 887.4662269 0)
(0 0 0)
(0 0 0)
(0 0 0)
(0 0 0)
(871.328285 -798.7175931 0)
(0 0 0)
(0 0 0)
(0 0 0)
(5.730087559e-06 962.9729707 0)
(0 0 0)
(0 0 0)
(0 0 0)
(0 0 0)
(0 -300.9272079 0)
(0 0 0)
(0 0 0)
(0 0 0)
(0 0 0)
(0 0 0)
(0 0 0)
(0 0 0)
(0 0 0)
(0 0 0)
(0 0 0)
(0 0 0)
(737.3760661 675.9280593 0)
(0 0 0)
(0 0 0)
(0 0 0)
(0 0 0)
(0 0 0)
(0 0 0)
(0 0 0)
(0 0 0)
(0 0 0)
(0 0 0)
(0 0 0)
(0 0 0)
(0 0 0)
(0 0 0)
(0 0 0)
(0 0 0)
(0 0 0)
(0 0 0)
(0 0 0)
(892.2827686 817.9258742 0)
(427.5838733 -391.9518853 0)
(0 0 0)
(0 0 0)
(0 0 0)
(0 0 0)
(0 0 0)
(0 0 0)
(0 520.1403372 0)
(0 0 0)
(0 0 0)
(0 0 0)
(0 -357.6852145 0)
(0 0 0)
(0 0 0)
(0 0 0)
(0 0 0)
(-407.5297193 373.5689087 0)
(0 0 0)
(-345.9707815 0 0)
(0 0 0)
(0 0 0)
(545.3045062 -499.8624658 1.478050826e-12)
(0 0 0)
(0 0 0)
(0 0 0)
(0 0 0)
(0 0 0)
(0 0 0)
(0 0 0)
(0 0 0)
(0 0 0)
(0 0 0)
(0 716.4164129 0)
(0 0 0)
(0 0 0)
(0 0 0)
(0 0 0)
(0 0 0)
(0 0 0)
(0 0 0)
(0 0 0)
(0 0 0)
(0 0 0)
(0 0 0)
(0 0 0)
(0 0 0)
(0 0 0)
(0 0 0)
(0 514.7305212 0)
(0 -354.0124612 0)
(0 0 0)
(0 0 0)
(0 0 0)
(0 0 0)
(0 0 0)
(0 0 0)
(0 300.8457907 0)
(0 0 0)
(0 0 0)
(0 0 0)
(0 0 0)
(703.7253412 -645.0815616 0)
(0 0 0)
(0 0 0)
(0 0 0)
(0 0 0)
(0 1043.315469 0)
(0 0 0)
(-472.9680446 433.5540401 0)
(0 0 0)
(0 0 0)
(483.8931632 0 0)
(396.5154423 0 0)
(948.081408 -869.0746224 0)
(0 0 0)
(0 0 0)
(0 0 0)
(0 0 0)
(0 0 0)
(0 0 0)
(0 0 0)
(0 327.6067485 0)
(0 0 0)
(0 0 0)
(0 0 0)
(0 0 0)
(0 0 0)
(0 0 0)
(0 0 0)
(0 0 0)
(-373.0935332 0 0)
(0 0 0)
(0 0 0)
(0 0 0)
(0 0 0)
(0 360.312027 0)
(0 0 0)
(886.0080404 -812.1740356 -2.401529593e-12)
(0 0 0)
(0 0 0)
(0 0 0)
(0 0 0)
(0 0 0)
(0 530.986906 -1.57008315e-12)
(0 0 0)
(0 0 0)
(0 0 0)
(0 0 0)
(0 -675.1125465 -1.996250419e-12)
(0 0 0)
(1630.517748 0 -4.419527188e-12)
(0 0 0)
(0 0 0)
(0 0 -681.9512582)
(0 0 0)
(0 0 0)
(0 631.691688 -1.867858631e-12)
(0 0 0)
(-437.9621256 0 -1.18709872e-12)
(-457.1080526 0 -1.238993859e-12)
(-642.6709657 -589.115054 -1.741963143e-12)
(0 0 0)
(0 0 0)
(0 0 0)
(0 0 0)
(0 0 0)
(0 0 0)
(0 0 0)
(-656.4450497 601.7412978 -1.779297873e-12)
(-673.6574505 0 0)
(0 0 0)
(0 0 0)
(0 0 0)
(0 0 0)
(0 0 0)
(0 0 0)
(0 -655.8284601 1.939229015e-12)
(0 0 0)
(0 394.517369 1.166554328e-12)
(0 0 0)
(0 0 0)
(0 0 0)
(0 0 0)
(0 0 0)
(0 0 0)
(0 0 0)
(0 571.3806858 0)
(0 0 0)
(0 0 0)
(0 0 0)
(0 0 0)
(0 0 0)
(283.0334612 -7.671637186e-15 7.671637358e-13)
(0 0 0)
(361.8545209 0 0)
(245.7993727 6.662405217e-15 6.662405366e-13)
(0 -440.7559685 0)
(0 0 0)
(-1.122734652e-05 1257.877547 0)
(0 0 0)
(-470.7997614 -431.5664472 1.276105303e-12)
(0 0 0)
(0 0 0)
(0 0 0)
(0 0 0)
(0 0 0)
(0 0 0)
(0 0 0)
(0 0 0)
(0 0 0)
(0 0 0)
(0 0 0)
(0 0 0)
(-750.9556817 688.3760403 0)
(-443.311195 0 0)
(0 0 0)
(0 0 0)
(0 0 0)
(0 0 0)
(0 0 0)
(286.7708407 0 0)
(0 0 0)
(0 0 0)
(0 0 0)
(0 0 0)
(0 0 0)
(710.6634353 651.4414812 0)
(0 0 0)
(0 0 0)
(0 0 0)
(0 0 0)
(0 0 0)
(0 0 0)
(0 0 0)
(0 0 0)
(0 0 0)
(0 0 0)
(0 0 0)
(664.0104764 -608.6762651 0)
(0 0 0)
(0 617.3976429 0)
(0 0 0)
(0 0 0)
(0 0 0)
(0 0 0)
(0 0 0)
(0 0 0)
(0 0 0)
(0 0 0)
(0 0 0)
(0 0 0)
(0 0 0)
(0 0 0)
(0 0 0)
(0 0 0)
(0 0 0)
(-704.4476829 645.7437081 0)
(0 0 0)
(0 0 0)
(0 0 0)
(0 0 0)
(0 0 0)
(0 0 0)
(0 0 0)
(0 0 0)
(0 0 0)
(0 0 0)
(0 0 0)
(0 0 0)
(0 0 0)
(0 0 0)
(0 0 0)
(0 0 0)
(0 0 0)
(0 0 0)
(0 0 0)
(427.5779734 -4.27578007e-06 -1.158952413e-12)
(0 -346.425439 1.02435058e-12)
(0 0 0)
(0 0 0)
(0 0 0)
(0 0 0)
(0 0 0)
(0 0 0)
(0 0 0)
(0 0 0)
(0 0 0)
(0 0 0)
(0 0 0)
(0 0 0)
(0 0 0)
(0 0 0)
(0 0 0)
(0 0 0)
(0 727.9005735 0)
(0 0 0)
(0 0 0)
(0 0 0)
(0 0 0)
(0 0 0)
(0 0 0)
(0 0 0)
(0 0 0)
(0 0 0)
(0 0 0)
(0 0 0)
(0 0 0)
(0 0 0)
(0 0 0)
(0 0 0)
(0 0 0)
(0 0 0)
(0 0 0)
(736.5102418 -675.134392 0)
(0 0 0)
(0 0 0)
(0 0 0)
(0 0 0)
(0 0 0)
(0 0 0)
(0 0 0)
(0 0 0)
(0 0 0)
(0 0 0)
(0 0 0)
(0 0 0)
(0 0 0)
(0 0 0)
(786.7667181 721.2028275 0)
(0 0 0)
(0 0 0)
(0 0 0)
(0 0 0)
(0 0 0)
(0 0 0)
(0 0 0)
(0 0 0)
(0 0 0)
(0 0 0)
(0 0 0)
(0 0 0)
(0 0 0)
(0 0 0)
(0 0 0)
(0 0 0)
(0 0 0)
(0 0 0)
(0 -493.1648738 -1.458246631e-12)
(0 0 0)
(0 0 0)
(0 0 0)
(0 0 0)
(0 0 0)
(0 0 0)
(0 0 0)
(0 0 0)
(0 0 0)
(0 0 0)
(0 0 0)
(0 0 0)
(1064.949284 976.2035087 0)
(329.991025 0 0)
(0 0 0)
(0 0 0)
(0 0 0)
(0 0 0)
(0 0 0)
(0 0 0)
(0 0 0)
(0 0 0)
(0 0 0)
(0 0 0)
(0 0 0)
(0 0 0)
(0 0 0)
(0 0 0)
(0 0 0)
(0 0 0)
(0 0 0)
(0 0 0)
(0 0 0)
(0 -284.3139804 8.406922747e-13)
(0 0 0)
(0 0 0)
(0 0 0)
(0 0 0)
(1766.148514 -0.003291161727 0)
(0 0 0)
(0 0 0)
(0 0 0)
(0 0 0)
(0 0 0)
(0 0 0)
(428.0324318 392.3630618 0)
(0 0 0)
(0 0 0)
(0 0 0)
(0 0 0)
(0 0 0)
(0 0 0)
(0 0 0)
(0 0 0)
(-496.1636033 0 0)
(-343.1199147 0 0)
(0 0 0)
(0 0 0)
(0 0 0)
(0 0 0)
(0 0 0)
(0 0 0)
(0 0 0)
(0 0 0)
(0 0 0)
(0 0 0)
(0 0 0)
(988.0621779 -905.7236663 0)
(0 0 0)
(0 0 0)
(0 0 0)
(0 0 0)
(0 0 0)
(0 0 0)
(0 0 0)
(0 0 0)
(0 0 0)
(-6.79354175e-06 1141.6961 0)
(0 0 0)
(0 0 0)
(0 0 0)
(-538.8976445 0 0)
(-291.3743281 0 0)
(-251.6460124 0 0)
(-678.6561845 0 0)
(-472.4351311 0 0)
(-645.4296154 -591.643813 0)
(0 0 0)
(0 0 0)
(0 314.744324 0)
(0 0 0)
(0 0 0)
(0 0 0)
(0 0 0)
(0 0 0)
(0 0 0)
(0 0 0)
(0 0 0)
(0 0 0)
(0 0 0)
(0 0 0)
(617.5850627 -566.1196397 0)
(0 0 0)
(0 0 0)
(0 0 0)
(0 0 0)
(0 0 0)
(0 0 0)
(0 0 0)
(0 0 0)
(0 0 0)
(-437.0059695 400.5888047 -1.18450706e-12)
(-377.4611303 0 0)
(-420.4593105 -385.4210339 0)
(0 0 0)
(0 0 0)
(0 0 0)
(0 0 0)
(0 0 0)
(0 0 0)
(0 0 0)
(0 0 0)
(0 580.4173525 0)
(0 0 0)
(0 0 0)
(0 0 0)
(0 0 0)
(0 0 0)
(0 0 0)
(0 0 0)
(0 0 0)
(0 0 0)
(0 0 0)
(0 0 0)
(0 -664.6947953 0)
(0 0 0)
(0 0 0)
(0 0 0)
(0 0 0)
(0 0 0)
(0 0 0)
(1944.751879 -3.294537814e-13 0)
(0 0 0)
(0 0 0)
(0 0 0)
(0 0 0)
(0 0 0)
(0 0 0)
(0 0 0)
(0 0 0)
(0 0 0)
(0 0 0)
(0 0 0)
(0 0 0)
(827.1861703 758.2539881 0)
(0 0 0)
(0 0 0)
(0 0 0)
(0 0 0)
(0 0 0)
(0 0 0)
(0 0 0)
(0 0 0)
(0 0 0)
(0 0 0)
(0 0 0)
(0 -763.8716101 0)
(0 0 0)
(0 0 0)
(0 0 0)
(0 0 0)
(0 0 0)
(1096.818306 1005.416784 0)
(0 0 0)
(-6.839006399e-06 -1149.332927 0)
(0 0 0)
(0 0 0)
(0 0 0)
(0 0 0)
(0 0 0)
(0 0 0)
(0 0 0)
(0 0 0)
(0 0 0)
(0 0 0)
(806.8050688 739.5713157 0)
(0 0 0)
(0 0 0)
(0 0 0)
(0 0 0)
(0 0 0)
(0 0 0)
(0 0 0)
(0 0 0)
(0 0 0)
(0 0 0)
(0 0 0)
(0 -515.3011097 1.5237016e-12)
(0 0 0)
(0 0 0)
(0 0 0)
(0 0 0)
(0 0 0)
(0 434.5090065 1.284806215e-12)
(0 -782.5461501 2.313922479e-12)
(0 0 0)
(0 0 0)
(0 0 0)
(0 0 0)
(0 0 0)
(0 0 0)
(0 0 0)
(0 0 0)
(0 0 0)
(0 0 0)
(0 0 0)
(0 262.9187092 -7.774282849e-13)
(0 0 0)
(0 0 0)
(0 0 0)
(0 0 0)
(0 0 0)
(0 0 0)
(0 0 0)
(0 0 0)
(0 0 0)
(0 0 0)
(0 0 0)
(0 0 0)
(383.3276129 0 0)
(438.3752972 0 0)
(575.5976685 0 0)
(822.5085043 0 0)
(358.3156119 0 0)
(0 0 0)
(0 -648.1088434 0)
(0 0 0)
(0 0 0)
(0 0 0)
(0 0 0)
(0 0 0)
(0 0 0)
(0 0 0)
(0 0 0)
(0 0 0)
(0 0 0)
(0 0 0)
(0 281.8169349 0)
(0 0 0)
(0 0 0)
(0 0 0)
(0 0 0)
(0 0 0)
(0 0 0)
(0 0 0)
(0 0 0)
(0 0 0)
(0 0 0)
(0 0 0)
(0 0 0)
(0 0 0)
(0 0 0)
(0 -781.1560918 0)
(0 0 0)
(-1101.844102 1010.023758 0)
(-505.6140542 0 0)
(-1036.907436 -950.4984809 0)
(0 0 0)
(0 0 0)
(0 0 0)
(0 0 0)
(0 0 0)
(0 0 0)
(0 0 0)
(0 0 0)
(0 0 0)
(0 0 0)
(0 0 0)
(0 564.5240732 0)
(0 0 0)
(0 0 0)
(0 0 0)
(0 0 0)
(0 0 0)
(0 0 0)
(0 0 0)
(0 0 0)
(0 0 0)
(-929.0551761 -851.6339099 0)
(0 0 0)
(0 0 0)
(0 0 0)
(0 0 0)
(0 0 0)
(0 0 0)
(0 0 0)
(0 0 0)
(0 0 0)
(0 0 0)
(0 0 0)
(0 0 0)
(0 0 0)
(0 0 0)
(0 0 0)
(-404.9057198 371.1635758 0)
(-578.3651077 0 0)
(0 0 0)
(0 0 0)
(0 0 0)
(0 0 0)
(0 0 0)
(0 0 0)
(0 0 0)
(0 -656.0824543 0)
(0 0 0)
(0 0 0)
(0 0 0)
(464.2678575 425.5788686 0)
(774.8524259 -710.2813891 0)
(0 0 0)
(0 0 0)
(0 0 0)
(0 0 0)
(0 0 0)
(847.2446264 776.6409062 0)
(566.2098898 0 0)
(708.1605173 0 0)
(477.9053348 -438.0798895 0)
(0 0 0)
(0 0 0)
(0 0 0)
(0 0 0)
(0 258.9491409 0)
)
;

boundaryField
{
    walls
    {
        type            calculated;
        value           uniform (0 0 0);
    }
    wallFilmFace_top
    {
        type            calculated;
        value           uniform (0 0 0);
    }
    region0_to_wallFilmRegion_wallFilmFace
    {
        type            calculated;
        value           uniform (0 0 0);
    }
    mirrorFace_top
    {
        type            calculated;
        value           nonuniform List<vector> 0();
    }
    region0_to_wallFilmRegion_mirrorFace
    {
        type            calculated;
        value           nonuniform List<vector> 0();
    }
    procBoundary0to1
    {
        type            processor;
        value           uniform (0 0 0);
    }
    procBoundary0to2
    {
        type            processor;
        value           uniform (0 0 0);
    }
}


// ************************************************************************* //
