/*--------------------------------*- C++ -*----------------------------------*\
  =========                 |
  \\      /  F ield         | OpenFOAM: The Open Source CFD Toolbox
   \\    /   O peration     | Website:  https://openfoam.org
    \\  /    A nd           | Version:  8
     \\/     M anipulation  |
\*---------------------------------------------------------------------------*/
FoamFile
{
    version     2.0;
    format      ascii;
    class       volScalarField;
    location    "2/wallFilmRegion";
    object      kappa;
}
// * * * * * * * * * * * * * * * * * * * * * * * * * * * * * * * * * * * * * //

dimensions      [1 1 -3 -1 0 0 0];

internalField   nonuniform List<scalar> 
1369
(
0.6088100029
0.608810002
0.6088100016
0.6088100015
0.6088100015
0.6088100016
0.6088100017
0.6088100018
0.6088100019
0.608810002
0.608810002
0.6088100013
0.6088100019
0.6088100018
0.6088100017
0.6088100018
0.6088100021
0.608810002
0.6088100016
0.6088100013
0.6088100012
0.6088100012
0.6088100012
0.6088100013
0.6088100023
0.6088100016
0.6088100014
0.6088100015
0.6088100011
0.6088100008
0.6088100006
0.6088100006
0.6088100008
0.6088100009
0.6088100009
0.6088100009
0.6088100008
0.6088100008
0.6088100008
0.6088100009
0.6088100011
0.6088100012
0.6088100012
0.6088100013
0.6088100013
0.6088100013
0.6088100014
0.6088100014
0.6088100015
0.6088100015
0.6088100015
0.6088100015
0.6088100014
0.6088100014
0.6088100014
0.6088100014
0.6088100014
0.6088100013
0.6088100012
0.6088100009
0.6088100028
0.6088100026
0.6088100024
0.6088100021
0.6088100019
0.608810002
0.6088100023
0.6088100025
0.6088100026
0.6088100024
0.6088099976
0.6088100025
0.6088100026
0.608810003
0.6088100041
0.6088100039
0.6088100028
0.6088100025
0.6088100027
0.6088100026
0.6088100015
0.6088100011
0.6088100009
0.608810001
0.6088100023
0.6088100017
0.6088100015
0.6088100019
0.6088100036
0.6088100055
0.6088100047
0.6088100012
0.6088100012
0.6088100009
0.6088100009
0.608810001
0.6088100012
0.6088100013
0.6088100013
0.6088100015
0.6088100018
0.6088100018
0.6088100015
0.6088100016
0.6088100016
0.6088100016
0.6088100016
0.6088100016
0.6088100016
0.6088100015
0.6088100015
0.6088100014
0.6088100012
0.608810001
0.608810001
0.608810001
0.608810001
0.608810001
0.6088100009
0.6088100008
0.6088100027
0.6088100028
0.6088100027
0.6088100026
0.6088100026
0.6088100026
0.6088100026
0.6088100027
0.6088100029
0.608810003
0.6088100031
0.6088100032
0.6088100034
0.6088100034
0.6088100032
0.6088100031
0.6088100026
0.6088100024
0.6088100027
0.6088100027
0.6088100011
0.6088100008
0.6088100007
0.6088100009
0.6088100015
0.6088100017
0.6088100018
0.6088100021
0.6088100038
0.6088100054
0.6088100038
0.6088100007
0.6088100009
0.6088100011
0.6088100011
0.6088100011
0.6088100012
0.6088100014
0.6088100016
0.6088100016
0.6088100021
0.6088100025
0.6088100021
0.6088100018
0.6088100017
0.6088100016
0.6088100016
0.6088100015
0.6088100015
0.6088100014
0.6088100013
0.6088100012
0.608810001
0.6088100009
0.6088100009
0.608810001
0.608810001
0.6088100011
0.6088100013
0.6088100016
0.6088100025
0.6088100028
0.6088100028
0.6088100028
0.6088100028
0.6088100028
0.6088100029
0.608810003
0.6088100031
0.6088100033
0.6088100034
0.6088100038
0.6088100038
0.6088100032
0.6088100026
0.6088100025
0.6088100023
0.6088100022
0.6088100027
0.6088100027
0.6088100009
0.6088100007
0.6088100006
0.6088100005
0.608810001
0.6088100013
0.6088100018
0.6088100022
0.6088100031
0.6088100042
0.6088100026
0.6088100005
0.6088100007
0.608810001
0.608810001
0.6088100009
0.608810001
0.6088100011
0.6088100013
0.6088100015
0.6088100025
0.6088100043
0.608810003
0.6088100022
0.6088100019
0.6088100017
0.6088100015
0.6088100014
0.6088100012
0.6088100011
0.608810001
0.608810001
0.6088100009
0.6088100009
0.608810001
0.6088100011
0.6088100013
0.6088100014
0.6088100017
0.608810002
0.6088100023
0.6088100029
0.6088100029
0.6088100029
0.6088100029
0.608810003
0.608810003
0.6088100031
0.6088100032
0.6088100034
0.6088100035
0.6088100037
0.6088100037
0.6088100029
0.6088100021
0.608810002
0.6088100019
0.6088100022
0.6088100026
0.6088100026
0.6088100008
0.6088100007
0.6088100006
0.6088100006
0.608810001
0.608810001
0.6088100012
0.6088100017
0.6088100026
0.6088100035
0.6088100018
0.6088100004
0.6088100005
0.6088100009
0.608810001
0.6088100011
0.6088100011
0.6088100012
0.6088100013
0.608810002
0.6088100045
0.6088100089
0.6088100031
0.6088100024
0.6088100022
0.608810002
0.6088100016
0.6088100013
0.6088100011
0.608810001
0.608810001
0.6088100009
0.608810001
0.608810001
0.6088100012
0.6088100013
0.6088100015
0.6088100017
0.6088100021
0.6088100021
0.6088100022
0.6088100028
0.608810003
0.608810003
0.608810003
0.6088100031
0.6088100031
0.6088100032
0.6088100033
0.6088100034
0.6088100035
0.6088100037
0.6088100036
0.6088100025
0.6088100016
0.6088100015
0.6088100017
0.6088100021
0.6088100022
0.6088100018
0.6088100006
0.6088100008
0.6088100007
0.6088100008
0.6088100013
0.6088100012
0.6088100013
0.6088100016
0.6088100024
0.6088100034
0.6088100015
0.6088100003
0.6088100004
0.6088100005
0.6088100007
0.6088100009
0.6088100012
0.6088100014
0.6088100017
0.6088100036
0.6088100073
0.6088100148
0.6088100028
0.6088100026
0.6088100025
0.608810003
0.6088100024
0.6088100016
0.6088100013
0.6088100011
0.608810001
0.608810001
0.608810001
0.6088100011
0.6088100013
0.6088100015
0.6088100017
0.608810002
0.6088100022
0.6088100021
0.6088100021
0.6088100026
0.608810003
0.6088100031
0.6088100031
0.6088100032
0.6088100032
0.6088100032
0.6088100033
0.6088100034
0.6088100035
0.6088100036
0.6088100035
0.6088100015
0.6088100013
0.6088100013
0.6088100015
0.6088100017
0.6088100018
0.6088100012
0.6088100004
0.6088100011
0.6088100011
0.6088100012
0.6088100028
0.6088100027
0.6088100026
0.6088100029
0.6088100036
0.6088100041
0.6088100012
0.6088100002
0.6088100004
0.6088100004
0.6088100003
0.6088100004
0.6088100013
0.6088100031
0.6088100075
0.6088100172
0.6088100249
0.608810026
0.6088100223
0.6088100034
0.608810004
0.6088100066
0.6088100024
0.6088100019
0.6088100015
0.6088100012
0.6088100011
0.608810001
0.6088100011
0.6088100012
0.6088100013
0.6088100016
0.6088100018
0.6088100022
0.6088100023
0.6088100021
0.6088100021
0.6088100024
0.608810003
0.6088100032
0.6088100033
0.6088100033
0.6088100033
0.6088100033
0.6088100034
0.6088100035
0.6088100035
0.6088100036
0.6088100032
0.6088100016
0.6088100013
0.6088100013
0.6088100014
0.608810002
0.6088100044
0.6088100016
0.6088100003
0.6088100067
0.6088100058
0.6088100051
0.6088100101
0.6088100175
0.6088100128
0.6088100146
0.608810019
0.6088100087
0.6088100009
0.6088100003
0.6088100005
0.6088100002
0.6088100001
0.6088100001
0.6088100004
0.6088100011
0.6088100031
0.6088100163
0.6088100217
0.6088100158
0.6088100136
0.6088100177
0.6088100216
0.6088100223
0.6088100177
0.608810004
0.6088100022
0.6088100016
0.6088100012
0.6088100011
0.6088100011
0.6088100012
0.6088100014
0.6088100016
0.6088100019
0.6088100023
0.6088100023
0.6088100021
0.6088100021
0.6088100024
0.6088100031
0.6088100033
0.6088100034
0.6088100034
0.6088100034
0.6088100034
0.6088100035
0.6088100035
0.6088100036
0.6088100036
0.6088100027
0.6088100015
0.6088100014
0.6088100013
0.6088100014
0.6088100018
0.6088100023
0.6088100011
0.6088100001
0.6088100047
0.6088100036
0.6088100025
0.608810005
0.608809997
0.6088099985
0.6088100025
0.6088100113
0.608810005
0.60881
0.6088100003
0.6088100005
0.60881
0.6088099998
0.6088099999
0.6088100002
0.6088100007
0.608810002
0.6088100154
0.6088100111
0.6088100044
0.6088100085
0.608810014
0.6088100189
0.608810021
0.6088100193
0.608810013
0.608810002
0.6088100017
0.6088100014
0.6088100012
0.6088100011
0.6088100012
0.6088100013
0.6088100016
0.6088100019
0.6088100022
0.6088100023
0.6088100021
0.6088100021
0.6088100025
0.6088100031
0.6088100035
0.6088100036
0.6088100035
0.6088100035
0.6088100035
0.6088100035
0.6088100036
0.6088100036
0.608810003
0.6088100015
0.6088100016
0.6088100014
0.6088100014
0.6088100014
0.6088100008
0.6088100004
0.6088100002
0.6088100001
0.6088100004
0.6088100006
0.6088100013
0.6088100053
0.6088099971
0.6088100011
0.6088100019
0.6088100001
0.6088099998
0.6088099996
0.6088099999
0.6088100001
0.6088099996
0.6088099994
0.6088099996
0.60881
0.6088100005
0.6088100013
0.608810012
0.6088100041
0.6088100012
0.6088100066
0.6088100125
0.6088100164
0.6088100181
0.6088100177
0.6088100151
0.6088100024
0.608810002
0.6088100017
0.6088100014
0.6088100013
0.6088100012
0.6088100013
0.6088100015
0.6088100017
0.608810002
0.6088100021
0.6088100021
0.6088100022
0.6088100027
0.6088100033
0.6088100037
0.6088100037
0.6088100036
0.6088100036
0.6088100036
0.6088100036
0.6088100036
0.6088100036
0.608810003
0.6088100016
0.6088100015
0.6088100013
0.6088100014
0.6088100014
0.608810001
0.6088100022
0.6088099995
0.6088100007
0.6088100027
0.608810001
0.6088100003
0.6088100014
0.6088100007
0.6088100006
0.6088100004
0.6088100001
0.6088099998
0.6088099995
0.6088100167
0.6088099998
0.608809999
0.608809999
0.6088099993
0.6088100001
0.6088100011
0.608810003
0.6088100064
0.608810001
0.6088100003
0.6088100057
0.6088100109
0.6088100127
0.6088100137
0.6088100143
0.6088100141
0.6088100123
0.6088100032
0.6088100021
0.6088100018
0.6088100016
0.6088100014
0.6088100014
0.6088100015
0.6088100015
0.6088100017
0.6088100019
0.6088100021
0.6088100022
0.6088100032
0.6088100034
0.6088100036
0.6088100036
0.6088100036
0.6088100036
0.6088100036
0.6088100036
0.6088100036
0.6088100035
0.6088100027
0.6088100016
0.6088100013
0.608810001
0.6088100012
0.6088100002
0.608809995
0.6088099988
0.6088099993
0.6088100003
0.6088100009
0.60881
0.608809999
0.6088099991
0.608810001
0.6088100011
0.6088100008
0.6088100005
0.6088100001
0.6088099998
0.6088100036
0.6088099994
0.6088099986
0.6088099986
0.6088100008
0.6088100047
0.6088100018
0.6088100104
0.6088100018
0.6088099996
0.6088100001
0.6088100051
0.6088100082
0.6088100082
0.6088100087
0.6088100098
0.608810011
0.6088100116
0.6088100108
0.6088100045
0.6088100023
0.6088100028
0.6088100019
0.6088100016
0.6088100016
0.6088100017
0.6088100017
0.6088100018
0.6088100021
0.6088100035
0.6088100036
0.6088100036
0.6088100033
0.6088100021
0.6088100013
0.6088100009
0.6088100005
0.6088100001
0.6088099939
0.6088099759
0.6088099928
0.6088099992
0.6088099996
0.60881
0.6088099981
0.6088099986
0.6088099991
0.6088100009
0.6088100014
0.6088100013
0.6088100011
0.6088100009
0.6088100011
0.608810002
0.6088099996
0.6088099986
0.6088099981
0.6088100004
0.6088100016
0.60881
0.6088100004
0.6088099998
0.6088099989
0.6088099998
0.6088100031
0.6088100044
0.6088100041
0.6088100045
0.6088100056
0.6088100072
0.6088100089
0.6088100098
0.6088100096
0.6088100083
0.6088100059
0.6088100023
0.608810002
0.6088100018
0.6088100017
0.6088100018
0.6088100019
0.6088100021
0.6088100014
0.6088100009
0.6088100005
0.6088100001
0.6088099981
0.6088099815
0.6088099591
0.6088099786
0.6088099988
0.608809999
0.6088099993
0.608809997
0.6088099959
0.6088099975
0.6088099991
0.6088099997
0.6088100011
0.6088100002
0.6088100012
0.6088100019
0.608810001
0.6088099989
0.6088099985
0.6088099993
0.6088099997
0.6088099996
0.6088099985
0.6088099982
0.6088099989
0.6088099985
0.6088099994
0.6088100011
0.6088100015
0.6088100015
0.6088100018
0.6088100026
0.6088100039
0.6088100057
0.6088100074
0.6088100082
0.6088100081
0.6088100068
0.6088100044
0.6088100031
0.6088100026
0.6088100023
0.6088100019
0.608810002
0.6088100021
0.6088100002
0.6088099999
0.6088099972
0.6088099769
0.6088099507
0.6088099561
0.6088099981
0.6088099986
0.608809999
0.6088099965
0.6088099972
0.6088099985
0.6088099996
0.6088099986
0.6088099988
0.6088099987
0.6088100011
0.6088099989
0.6088099997
0.6088099981
0.6088099976
0.6088099992
0.6088099992
0.6088099988
0.6088099979
0.6088099973
0.6088099983
0.6088099983
0.608809999
0.6088099999
0.6088100002
0.6088100003
0.6088100005
0.608810001
0.6088100017
0.608810003
0.6088100048
0.608810006
0.6088100065
0.6088100057
0.6088100041
0.6088100028
0.6088100021
0.6088100019
0.608810002
0.608810002
0.6088100021
0.6088099472
0.6088099421
0.6088099972
0.6088099983
0.6088099977
0.6088099964
0.6088099978
0.6088099984
0.6088099992
0.6088099979
0.6088099986
0.6088099983
0.6088100007
0.608809998
0.6088099988
0.6088099974
0.608809997
0.6088099973
0.6088099991
0.6088099984
0.6088099975
0.6088099967
0.6088099977
0.6088099981
0.6088099987
0.6088099993
0.6088099996
0.6088099998
0.60881
0.6088100002
0.6088100006
0.6088100014
0.6088100028
0.6088100039
0.6088100048
0.6088100045
0.6088100035
0.6088100026
0.608810002
0.6088100017
0.6088100019
0.608810002
0.6088100021
0.608809991
0.6088099981
0.6088099969
0.6088099962
0.6088099974
0.6088099979
0.6088099985
0.6088099977
0.6088099983
0.6088099978
0.6088099992
0.6088099974
0.6088099976
0.6088099965
0.6088099965
0.6088099964
0.6088099988
0.6088100004
0.6088099969
0.6088099962
0.6088099971
0.6088099978
0.6088099986
0.608809999
0.6088099995
0.6088099998
0.6088099999
0.60881
0.6088100002
0.6088100006
0.6088100015
0.6088100024
0.6088100033
0.6088100035
0.6088100032
0.6088100026
0.608810002
0.6088100016
0.6088100017
0.608810002
0.6088100023
0.6088099969
0.608809997
0.6088099979
0.6088099974
0.6088099974
0.6088099974
0.6088099987
0.6088099966
0.6088099962
0.6088099959
0.6088099961
0.6088099955
0.6088099971
0.6088100033
0.6088099959
0.6088099957
0.6088099964
0.6088099976
0.6088099986
0.6088099991
0.6088099997
0.60881
0.60881
0.60881
0.60881
0.6088100002
0.6088100008
0.6088100013
0.6088100024
0.608810003
0.6088100032
0.6088100029
0.6088100023
0.6088100017
0.6088100014
0.6088100018
0.6088100023
0.6088099968
0.6088099966
0.6088099973
0.6088099972
0.6088099981
0.608809996
0.6088099957
0.6088099956
0.6088099959
0.6088099958
0.6088099955
0.6088099971
0.6088099952
0.6088099955
0.608809996
0.6088099974
0.6088099989
0.6088099997
0.6088100002
0.6088100003
0.6088100002
0.6088100001
0.60881
0.60881
0.6088100004
0.6088100005
0.608810002
0.6088100033
0.6088100039
0.6088100038
0.608810003
0.608810002
0.6088100014
0.6088100015
0.6088100022
0.6088099958
0.6088099958
0.6088099963
0.608809997
0.6088099961
0.6088099956
0.6088099956
0.6088099958
0.6088099952
0.6088099953
0.608809996
0.608809995
0.6088099954
0.6088099959
0.6088099976
0.6088099998
0.6088100008
0.6088100008
0.6088100007
0.6088100005
0.6088100003
0.60881
0.6088099999
0.6088100001
0.6088100001
0.6088100015
0.6088100035
0.6088100045
0.6088100049
0.6088100042
0.6088100027
0.6088100015
0.6088100013
0.6088100021
0.6088099955
0.6088099952
0.6088099954
0.6088099972
0.6088099947
0.6088099958
0.6088099957
0.6088099957
0.6088099949
0.6088099948
0.6088099954
0.6088099952
0.6088099956
0.6088099962
0.6088099989
0.6088100012
0.608810002
0.6088100013
0.6088100009
0.6088100006
0.6088100004
0.60881
0.6088099998
0.6088099998
0.6088099997
0.6088100004
0.6088100014
0.6088100027
0.6088100038
0.6088100044
0.6088100034
0.6088100018
0.6088100012
0.6088100021
0.608809995
0.6088099962
0.6088099976
0.6088099963
0.6088099958
0.6088099952
0.6088099948
0.6088099944
0.6088099951
0.6088099953
0.6088099954
0.6088099959
0.6088099972
0.6088100015
0.6088100018
0.6088100023
0.6088100015
0.6088100009
0.6088100007
0.6088100004
0.60881
0.6088099997
0.6088099994
0.6088099994
0.6088099995
0.60881
0.6088100004
0.6088100007
0.608810001
0.6088100012
0.6088100013
0.6088100011
0.6088100021
0.608809995
0.6088099964
0.6088099969
0.6088099959
0.6088099953
0.6088099952
0.6088099951
0.608809995
0.6088099955
0.6088099956
0.608809996
0.608809997
0.6088099998
0.6088100007
0.6088100009
0.6088100015
0.6088100016
0.6088100008
0.6088100006
0.6088100004
0.6088100001
0.6088099996
0.6088099993
0.608809999
0.608809999
0.608809999
0.6088099992
0.6088099996
0.60881
0.6088100005
0.6088100009
0.6088100009
0.608810002
0.6088099953
0.6088099964
0.6088099961
0.6088099951
0.6088099938
0.6088099942
0.6088099949
0.6088099953
0.6088099958
0.608809996
0.608809997
0.6088099984
0.6088099998
0.6088100001
0.6088100004
0.6088100011
0.6088100019
0.6088100006
0.6088100005
0.6088100004
0.6088100003
0.6088099999
0.6088099994
0.6088099991
0.608809999
0.6088099991
0.6088099993
0.6088099995
0.60881
0.6088100004
0.6088100008
0.6088100009
0.6088100018
0.6088099961
0.6088099962
0.6088099948
0.6088099937
0.6088099941
0.6088099953
0.6088099957
0.608809996
0.6088099957
0.6088099965
0.6088099979
0.6088099997
0.6088100001
0.6088100005
0.6088100013
0.6088100023
0.6088100004
0.6088100004
0.6088100004
0.6088100005
0.6088100007
0.6088100008
0.608810001
0.6088100012
0.6088100016
0.6088100017
0.6088100011
0.6088100008
0.6088100015
0.6088100022
0.6088100013
0.6088100016
0.6088099958
0.6088099949
0.6088099941
0.6088099949
0.6088099961
0.6088099965
0.6088099965
0.6088099961
0.6088099967
0.6088099985
0.6088100004
0.6088100014
0.6088100028
0.6088100045
0.6088100015
0.6088100003
0.6088100003
0.6088100004
0.6088100006
0.6088100008
0.6088100012
0.6088100016
0.6088100023
0.6088100031
0.6088100022
0.6088100025
0.6088100018
0.608810002
0.6088100028
0.6088100029
0.6088100023
0.6088099956
0.6088099951
0.6088099949
0.6088099956
0.6088099964
0.6088099967
0.608809997
0.6088099971
0.6088099975
0.6088099994
0.6088100004
0.6088100009
0.6088100008
0.6088100005
0.6088100012
0.6088100003
0.6088100003
0.6088100004
0.6088100005
0.6088100007
0.608810001
0.6088100015
0.6088100022
0.6088100034
0.6088100009
0.6088100013
0.6088100031
0.608810008
0.6088100214
0.6088100058
0.6088100025
0.6088099958
0.6088099962
0.6088099955
0.608809995
0.6088099955
0.6088099961
0.6088099968
0.6088099974
0.6088099977
0.6088099986
0.6088100001
0.6088100002
0.6088100002
0.6088100003
0.6088100006
0.6088100003
0.6088100003
0.6088100004
0.6088100004
0.6088100006
0.6088100008
0.6088100011
0.6088100015
0.6088100021
0.6088100004
0.6088100005
0.608810001
0.6088100024
0.6088100068
0.6088100046
0.6088100027
0.608809996
0.6088099969
0.6088099972
0.6088099971
0.6088099979
0.6088100001
0.6088100002
0.6088100003
0.6088100003
0.6088100002
0.6088100002
0.6088100003
0.6088100003
0.6088100004
0.6088100005
0.6088100006
0.6088100007
0.6088100009
0.6088100011
0.6088100002
0.6088100002
0.6088100004
0.608810001
0.6088100029
0.6088100039
0.6088100026
0.6088099938
0.6088099946
0.6088099958
0.6088099974
0.6088099979
0.6088100001
0.6088100007
0.6088100018
0.6088100027
0.6088100004
0.6088100002
0.6088100002
0.6088100003
0.6088100004
0.6088100006
0.6088100008
0.6088100012
0.6088100006
0.6088100002
0.60881
0.60881
0.6088100001
0.6088100004
0.6088100016
0.6088100041
0.6088100024
)
;

boundaryField
{
    walls
    {
        type            zeroGradient;
    }
    wallFilmFace_top
    {
        type            zeroGradient;
    }
    region0_to_wallFilmRegion_wallFilmFace
    {
        type            zeroGradient;
    }
    mirrorFace_top
    {
        type            zeroGradient;
    }
    region0_to_wallFilmRegion_mirrorFace
    {
        type            zeroGradient;
    }
    procBoundary0to1
    {
        type            processor;
        value           nonuniform List<scalar> 
52
(
0.6088100023
0.608810003
0.6088100032
0.6088100033
0.6088100034
0.6088100034
0.6088100035
0.6088100035
0.6088100033
0.6088100033
0.6088100033
0.6088100031
0.6088100031
0.608810001
0.6088100005
0.6088100005
0.60881
0.6088099999
0.6088099969
0.6088099828
0.6088099828
0.608809948
0.6088099354
0.6088099354
0.6088099707
0.6088099975
0.6088099968
0.6088099963
0.6088099963
0.6088099963
0.6088099967
0.6088099967
0.6088099961
0.6088099961
0.6088099955
0.6088099952
0.6088099952
0.6088099947
0.6088099952
0.6088099951
0.6088099951
0.6088099959
0.6088099959
0.6088099957
0.6088099956
0.6088099958
0.6088099948
0.6088099947
0.6088099945
0.608809995
0.608809995
0.6088099927
)
;
    }
    procBoundary0to2
    {
        type            processor;
        value           nonuniform List<scalar> 
26
(
0.6088099931
0.6088099937
0.6088099951
0.608809996
0.6088099974
0.60881
0.6088100004
0.6088100006
0.6088100009
0.6088100009
0.6088100003
0.6088100002
0.6088100002
0.6088100003
0.6088100004
0.6088100005
0.6088100009
0.6088100012
0.6088100015
0.6088100002
0.6088100002
0.6088100005
0.6088100013
0.6088100051
0.6088100051
0.6088100021
)
;
    }
}


// ************************************************************************* //
