/*--------------------------------*- C++ -*----------------------------------*\
  =========                 |
  \\      /  F ield         | OpenFOAM: The Open Source CFD Toolbox
   \\    /   O peration     | Website:  https://openfoam.org
    \\  /    A nd           | Version:  8
     \\/     M anipulation  |
\*---------------------------------------------------------------------------*/
FoamFile
{
    version     2.0;
    format      ascii;
    class       surfaceScalarField;
    location    "1.3/wallFilmRegion";
    object      phi;
}
// * * * * * * * * * * * * * * * * * * * * * * * * * * * * * * * * * * * * * //

dimensions      [1 0 -1 0 0 0 0];

internalField   nonuniform List<scalar> 
2648
(
-0.004901084408
0.003138551901
-0.006464127322
0.00329921055
-0.005944769153
0.001318509727
-0.005913265397
0.0005690820202
-0.00735429735
0.0004929431037
-0.009083542647
0.0004306799607
-0.01086689936
0.0004359579638
-0.01261908788
0.0006098888679
-0.01399699263
0.0008474587249
-0.01134361847
-0.003734170524
-0.01236201223
-0.00690377848
-0.01354704139
-0.003246780602
-0.01480284186
-0.002142291336
-0.01527828743
-0.002339128454
-0.01430212128
-0.002278206446
-0.01182675636
-0.001918539221
-0.008533264527
-0.001286414686
-0.005328646289
-0.0006777509838
-0.002388022625
-0.0007922622222
-0.001103516393
-0.000673639498
-0.0005790634451
-0.001038557697
-0.000653178784
-0.0003027120365
-0.001044261987
-0.0001938630519
-0.002240117457
-0.0003729502731
-0.004859289514
-0.0006777337539
-0.008163009206
-0.0009102132795
-0.009350769609
-0.001147905112
-0.005265473435
-0.001787114879
-0.002731184948
-0.0005012797731
0.0008155702722
-0.0004228393817
0.00218082931
-0.002688652101
0.002717024594
-0.004116103815
0.007762366211
-0.009811798114
0.006308568584
-0.004897258094
0.002628276563
-0.003355063903
-0.002755524626
-0.002588703091
-0.0008527000847
-0.001502808308
0.005785422792
-0.0006232011664
0.008988541977
-0.001000381993
0.009792982532
-0.001021634022
0.01058610656
-0.001112211566
0.01169730782
-0.002361243926
0.01180161709
-0.001188125358
0.01171929442
-0.0009910238451
0.01171579714
-0.001225952338
0.01195333296
-0.00155530903
0.01285119776
-0.001699820555
0.01476703796
-0.001574505991
0.01743050901
-0.001288929508
0.02006930305
-0.001152707324
0.02315421593
-0.001822001628
0.03024303081
-0.004468409116
0.03107066303
0.003716146411
0.02992736708
0.004631634718
0.02695712801
0.004257878232
0.02158807508
0.004707135128
0.01603843363
0.00437285411
0.01124718682
0.003902263693
0.006750771598
0.003880825062
0.003807673003
0.00960408827
-0.007645379414
0.008588533448
0.004362588699
0.005055132546
0.00463577632
0.001867414492
0.003791858395
-7.277818772e-05
0.002138972198
-0.0002249974087
0.0004388612269
-0.0003131724053
0.0003630291276
-0.0004261434911
0.0004602145349
-0.0001780435227
0.000582227611
0.0001008315792
-0.003526905449
-0.002348811288
-0.008314082615
-0.002686139273
-0.003515263419
-0.00265895413
-0.002044557545
-0.002341316074
-0.001733299484
-0.001831066629
-0.001426000497
-0.00123038575
-0.001176816029
-0.0006303012273
-0.0009741412008
-0.0002422688452
-0.0008097156268
7.88472396e-05
-0.0007533347074
0.000221641008
-0.0006829759831
-1.473561254e-05
-0.0009736511444
-0.0001311064868
-0.0004105377551
-0.0002650749537
-0.0002539496273
-0.0003795283089
-0.0005859127769
-0.0003852760332
-0.000897300393
-0.0003329911206
-0.0008562459006
-0.0004505852622
-0.00085493997
-0.000985016857
-0.00139380751
-0.00123600814
-0.001455595384
-0.002006509741
-0.001587505492
-0.002797758533
-0.00240142578
-0.001750361329
-0.003408409806
0.002438571162
-0.005694893872
0.003083910817
-0.003326657136
0.002432133379
-0.002224193954
0.001435402935
-0.001462812531
0.0005384190029
-0.001041340266
0.000160940713
-0.0003295539108
0.0003549552757
-0.0007623718934
0.000719470948
-0.0007219912595
0.0006809591565
-0.0005151560327
0.0008725157425
-0.002258809241
0.0006355033864
-0.0004273442495
0.0006939443479
-0.0003653951787
0.0009690745985
-0.0004714358512
0.001270099292
-0.0005842244337
0.001426165827
-0.0006161417686
0.001435020804
-0.0005607496764
0.001419646424
-0.000476232287
0.001366011762
-0.0006045482359
0.001057077321
-0.002115558966
0.001825867115
-0.006361336062
0.003209188928
0.002196951793
0.003572558567
0.002858227577
0.003054044417
0.003116914674
0.001473626753
0.00421003813
-0.002176045412
0.00670459082
-0.005167353678
0.00538432174
-0.006401098305
0.003758678139
-0.005857019331
0.007612148995
-0.0152362286
0.00964986037
0.001299115125
0.008989470093
0.004441561052
0.007046134043
0.005558228693
0.004563138324
0.004505197244
0.002459893877
0.002656728045
0.0005204224338
0.002288989327
-0.0004119356921
6.612021316e-05
0.002386378481
-0.002317504836
0.001728399883
-0.006133101505
-0.002369995551
-0.007005522686
-0.002484759365
-0.001384678013
-0.001758673291
-0.0006150841029
-0.001195137327
-0.0004871625483
-0.0008538201406
-0.000397965156
-0.0006756131441
-0.0003136292186
-0.0005266941696
-0.0002048805242
-6.752211443e-06
-0.000230770286
0.0002409294892
-0.0003865284174
0.0002703445379
-0.0004458613389
0.0001047708935
-0.0007361158027
-0.000154933493
-0.0004660160528
-0.0004261849052
-0.0004281384441
-0.0004942262301
-0.001010884555
-0.0003313281318
-0.001051738193
-0.0002235628688
-0.000700101194
-0.0003227279553
-0.0005936222989
-0.001189667397
-0.0006657396125
-0.002794439036
-0.0005609619937
-0.00386237329
-0.0005226302032
-0.00333696107
-0.0004420556876
-0.001569746995
-0.0004988680522
0.001881233556
-1.313169775e-05
0.002773293823
-0.0001072034564
0.002684796644
-0.0001299896864
0.002025533106
-8.544387837e-05
0.00112957517
-0.0001212477582
0.0003647845794
0.0003086231845
-0.0002096739099
-0.0007377465613
-0.0001326246673
-0.0009561922706
-0.0005327587578
-0.0007214168897
-5.239765834e-05
-0.002070628387
0.0001127379063
-0.0003313532986
0.0002033170401
-0.0001346992492
0.0003161769906
-0.000154774249
0.0004042894162
-0.0001772132619
0.0004282219765
-0.0001918905352
0.000408617809
-0.000199878509
0.0003962713645
-0.000211563837
0.0002422022045
-0.0003409787672
-0.01073777068
-0.0007238736528
-0.007018395386
-0.005869442066
0.0009042680921
-0.002260110228
0.001796200798
0.001125081843
-0.002407894305
0.005276605444
-0.005742674484
0.006505185263
-0.007649431326
0.00747552428
-0.008596443743
0.005273931277
-0.00755578125
0.001861750959
-0.01610618568
0.003928728405
-0.01839681565
0.006467935158
-0.001664527511
0.007808862725
0.001814598958
0.00803842329
0.004863203109
0.007214717939
0.005064191021
0.005871936353
0.004003532768
0.005260014359
0.002996070191
0.004918640436
0.0007488014463
0.004246518289
-0.002088914356
0.003046754104
-0.005560312058
-0.0007597493666
-0.004900298832
-0.0006583541744
-0.001026751945
-0.0004551972849
-0.0004657507494
-0.000309416921
-0.0002845925897
-0.0002047788114
-0.0001914933303
-0.0001125527624
-0.0001594425044
-2.859232616e-05
-0.0001470857874
8.10101337e-05
-0.0002199356539
0.0001510002607
-0.0002488031177
0.0001332357279
-0.0003584342031
1.269854816e-05
-0.001231300922
-0.0003442378391
-0.0005648515276
-0.0008098106377
-0.001401195763
-0.000653342044
-0.001540222279
-0.0002974825316
-0.0009738402708
-0.0001605799759
-0.0005263655247
-8.96952652e-05
-0.0004585125239
-5.001562124e-06
-0.0004740021203
6.125150802e-05
-0.0003510207023
0.0001124843351
-0.000360354852
0.0001556623751
-0.0003522778371
0.000126873594
-0.0004500685236
0.0001853232389
0.001591748182
8.948014931e-05
0.0001496524891
8.431714031e-05
-0.0001073411941
7.239500173e-05
-1.510623317e-05
8.225916769e-05
-2.436759661e-06
0.0001884187483
0.0009748903494
-0.0002708274454
-0.001208953133
-0.0002477582671
-0.001375833865
-0.0007448926943
-0.0005373373439
-9.08307217e-05
-0.001671295432
2.256883417e-05
-0.000361447991
5.285730804e-05
-0.0001117435306
7.89950332e-05
-0.0001102962913
0.0001011198075
-0.0001146008032
0.0001187560017
-0.0001219318496
0.0001342985491
-0.0001313699669
0.0001525683641
-0.0001562109712
0.000156814301
-0.0003424469621
-4.227674338e-06
-0.001036990537
-0.007252098562
-0.003590744957
-0.006634492457
-0.002245677714
-0.006501986173
0.000829736137
-0.006450147917
0.004890418507
-0.006878069031
0.006316349482
-0.006491131001
0.006218025515
-0.006031342916
0.003706482094
-0.004586641887
-0.0005390691242
-0.0219674148
0.003213458473
-0.0201890073
0.004021991165
-0.002623647294
0.006702509382
-0.001392309747
0.007890513086
0.003113960063
0.007773874197
0.004774673794
0.007346768411
0.004368748489
0.007139839783
0.003499291227
0.006563104856
0.001709645812
0.006080896181
-0.00240266617
0.003996749697
-0.004763851167
-0.0004699567846
-0.001515070044
-0.0004436029214
-0.0009431930977
-0.0002613749386
-0.000507231752
-0.0001529432175
-0.0002254198264
-0.0001040609586
-8.833767021e-05
-7.034000532e-05
-7.652857065e-05
-4.352909853e-05
-0.0001072814661
3.126860803e-06
-0.0002186204954
1.912879983e-05
-0.0002648369454
-0.0003715293886
-0.0006040983217
-0.00622966198
-0.001161639686
-0.002289063849
-0.002050095492
-0.001332261482
-0.00369956394
-0.0006465860649
-0.0008445476849
-0.0002473838444
-0.0005126025786
-0.0001397329483
-0.0003511664402
-6.83605e-05
-0.0003394424369
2.35363048e-05
-0.0003449596779
9.743290225e-05
-0.0002633312719
0.0001639293831
-0.0002792411829
0.0002235208377
-0.0002864945671
0.0001998657749
-0.0003527657386
0.0002824861429
0.001727154529
3.735050381e-05
0.0001082895831
1.580182145e-05
-0.0002918384286
4.234975519e-06
-5.692591482e-05
7.684976448e-07
-7.359306199e-06
0.0001238327173
0.001630312615
-0.0004307079024
-0.001769417946
-0.0001999110188
-0.001725737248
-0.0006451218053
-3.437154446e-05
-0.0001009623298
-0.001345273804
1.816664959e-05
-0.0004172424494
3.666858741e-05
-0.0001438749722
4.852600423e-05
-0.0001153918804
6.045758218e-05
-0.0001047551035
7.448021265e-05
-0.0001024692265
9.153048679e-05
-0.000105144299
0.0001109658226
-0.0001384204892
0.0001455843134
-0.0004858139189
-0.001143489056
-0.001319263044
-0.009367503044
-0.0006230829139
-0.007668397013
-0.003269676942
-0.007380311587
-0.0008868645444
-0.007359560892
0.005033483972
-0.007450934783
0.006072644419
-0.007287632489
0.005359960654
-0.005877817227
0.001217987908
-0.005003529382
-0.002553245033
-0.02815547954
0.002372573478
-0.02157064031
0.002683788587
-0.002686273795
0.00354082889
-0.003014198546
0.004945600017
0.001357438196
0.005815787292
0.003778410614
0.006572137688
0.003893705488
0.007158051027
0.00337889243
0.007627969257
0.0007677921718
0.006377406205
-0.001818351256
-0.0004097696319
-0.001441119214
-0.0006417852178
-0.00155295388
-0.0004954808238
-0.001092748704
-0.0002528887552
-0.0006620720998
-8.896603567e-05
-0.000267677843
-6.182454362e-05
-2.131271558e-05
-6.305034017e-05
-1.622965635e-05
-6.736622244e-05
-6.662942824e-05
-6.982395266e-05
-0.0002447765623
-0.0002061503266
-0.0004459861203
-0.0008782300593
-0.00105889758
-0.002300113118
-0.002186384074
-0.003304685163
-0.003659436805
-0.0007413918078
-0.004288983796
-0.0003920516923
-0.0009348477941
-0.000186816722
-0.0003190461408
-0.0001151044287
-0.0002154484
-5.62581412e-05
-0.0002176304418
2.069202993e-05
-0.0002176883377
8.204050419e-05
-0.0001727516882
0.0001400590593
-0.0001880650008
0.0001992097547
-0.0001995727785
0.0002219133585
-0.0002218034372
0.000829564021
-3.097195785e-05
0.0006310634475
-0.0004086964737
0.000160406041
-0.0004129783994
1.634597757e-05
-6.561145691e-05
2.215065828e-06
-1.450158896e-05
8.222646232e-05
0.001895926089
-0.0005576335353
-0.001735684663
4.125041162e-05
-0.002133797698
-2.652735337e-05
0.0003592680703
-8.485293529e-05
-0.0005998879433
2.140051059e-05
-0.0004149098263
4.029949563e-05
-0.0001821828601
4.940106634e-05
-0.0001239613296
5.743978253e-05
-9.809122574e-05
6.724649143e-05
-8.683316914e-05
7.999690456e-05
-8.330940793e-05
8.973289084e-05
-0.0001268242711
0.0001413424872
-0.0009174934396
-0.0001266282499
-0.001901510816
-0.004022390855
-0.0005579474562
-0.00556534337
-0.001099537618
-0.007012878561
-0.000246226935
-0.007012703661
0.004426403938
-0.006267413986
0.004440435587
-0.005712440683
0.00400734396
-0.004042288013
-0.001775510681
-0.00486481329
-0.003672626404
-0.03640630053
0.0002901510195
-0.02322251031
0.001552228344
-0.003526459142
0.001705651282
-0.003671853756
0.002135126778
0.0004297137038
0.003388662554
0.002058474438
0.00503901042
0.002271241943
0.004206513936
0.003871031247
0.003015809958
0.001198620963
-4.060272239e-05
-0.0002232455651
-0.000576143281
-0.001473155158
-0.0007931727807
-0.001393904528
-0.0006209858965
-0.001230643141
-0.0003853331001
-0.0008411237071
-8.604960291e-05
-0.0004761795824
-4.795643048e-05
3.699069988e-05
-5.808157046e-05
4.317659944e-05
-0.0001131722698
-3.791691603e-05
-0.0002426323725
-0.0003619317341
-0.000597359918
-0.000706098018
-0.001148441791
-0.001256394056
-0.001710636447
-0.00202930547
-0.001720856524
-0.003024543966
-0.0005242822597
-0.003727086081
-0.000217127112
-0.001450571289
-0.000128311177
-0.0002355884382
-8.349127388e-05
-0.0001068527268
-4.011648135e-05
-0.0001063153423
1.594431527e-05
-0.0001052030828
6.165869435e-05
-8.491773317e-05
0.0001067271598
-9.522276979e-05
0.0001554762112
-0.0001072089165
0.0002152679446
-0.0001212197617
0.0005407649543
-0.0001606307798
0.0006767164502
-0.0003492928088
0.000407559157
-0.000655817129
6.20393789e-05
6.468582858e-06
6.255812613e-06
-4.425319832e-06
6.423397589e-05
0.0008618560248
-0.0007028177037
-0.001016594201
-0.001755363795
-0.0005888627407
-0.0001085571743
-0.0003971589016
-4.156282263e-05
-0.0003187371554
2.924416213e-05
-0.000329443987
4.917967802e-05
-0.0002085104071
5.481393124e-05
-0.00012936819
5.796749517e-05
-8.957522178e-05
6.245486923e-05
-7.149793641e-05
6.969714301e-05
-6.407747847e-05
7.004782055e-05
-0.00011528988
-9.472520055e-05
-0.001820988455
-0.0002816452393
-0.001847821424
-0.00209459674
-0.0001578942667
-0.00751372349
-0.0001611800027
-0.0006778478812
0.006657834433
-0.001165820113
0.001453428681
-0.002508581064
0.003892533083
-0.001867357928
0.003336707553
-0.002361571958
-0.0003295108443
-0.001949762643
-0.006279712467
-0.04477584163
-0.00195936387
-0.0253948862
-0.001814097081
-0.005676371522
-0.0004535659431
-0.002516300319
0.0002286401682
0.0004739106359
-0.0004338336811
0.0017457448
-0.001535909748
0.001966257705
8.903475976e-05
0.003514077239
0.004158890909
0.004920559736
-0.0004105156201
-0.0006851810255
-0.0007730247239
-0.001034883733
-0.0007749426927
-0.001237786798
-0.0007487822981
-0.001079321436
-0.0008438226618
-0.0007081642553
-0.0008930055929
-0.0004757879379
-0.0004076143188
-0.000134688971
-0.0001932259567
0.0002090619717
-0.0002471232946
2.529519861e-06
-0.0005604072518
-0.0005647803869
-0.0009067416237
-0.0008783215785
-0.001163284881
-0.00122539011
-0.001247895552
-0.00169273319
-0.001000870939
-0.002311641599
-0.0002378971711
-0.002736376804
-9.929349604e-05
-0.001892985752
-6.659507451e-05
-0.0003114748131
-4.750745344e-05
-3.394914159e-05
-2.216105069e-05
-2.95244082e-05
9.755195216e-06
-2.915368355e-05
3.531347269e-05
-2.328514028e-05
6.182953168e-05
-2.824257888e-05
9.453567852e-05
-4.007444731e-05
0.0001326077971
-5.082804771e-05
0.0001973079759
-6.943373967e-05
0.0002689650816
-0.0001775832377
0.0001502964616
-0.001160889525
7.009248218e-05
-0.001439691104
6.586937871e-06
9.454792023e-07
-0.0001020660848
-0.0002174056295
-0.0001953283551
-0.0007345459293
-0.0001479566773
-0.0002781423489
-5.744888007e-05
-0.0001722437706
-1.015742102e-05
-0.0001601587098
3.598891257e-05
-0.0002060736552
5.826123916e-05
-0.000194225915
5.982867873e-05
-0.0001242886956
5.760149268e-05
-7.793016466e-05
5.703691432e-05
-5.686564415e-05
5.911344633e-05
-4.821793741e-05
5.385709217e-05
-0.0001022498982
-0.0006923116335
-0.002632172134
-0.0001115164629
-0.00148050536
1.905592741e-05
-0.0001828932273
0.0001036561386
-0.000146138635
0.0004335209092
-0.0001740190726
0.004073065876
-5.789153977e-05
0.00770316807
0.01135540548
0.01028211616
0.0005623188303
0.01085005271
-0.001079622648
0.007238979211
-0.005381181174
-0.04368972757
-0.008169267867
-0.02370973083
-0.01300849041
-0.003082765095
-0.00919164205
-0.0006941936081
-0.00778238831
0.001287378003
-0.005744313797
0.005879668357
-0.003315289014
0.005753258964
-0.001071223118
-0.0001635530528
-0.0004130667244
-0.0002723772345
-0.0005142985052
-0.0005555452222
-0.000583224048
-0.0007549820407
-0.0005740872103
-0.0009139670833
-0.00050135291
-0.0008189295834
-0.0005417535537
-0.0005183319014
-0.0008320758334
-0.0002799049363
-0.001103348505
-0.0001953279409
-0.0007850691335
-0.0001899659101
-0.0005851204152
-0.0003101937503
-0.0009939690565
-0.0006815684989
-0.00117252541
-0.0008567652453
-0.001221892331
-0.00104230392
-0.0011441501
-0.001319987976
-0.0008101325769
-0.001692842053
8.84053965e-05
-0.001934109928
0.0002278120762
-0.001445638547
-1.522658134e-05
-0.0007296078727
-1.64536424e-05
-2.771112475e-07
-7.419016926e-06
-7.078373763e-08
3.663164202e-06
-6.73460115e-08
1.196510461e-05
-4.229304965e-08
2.140778282e-05
-1.855296169e-06
4.036042601e-05
-1.427952773e-05
5.907026787e-05
-2.512020222e-05
7.454737105e-05
-2.934140101e-05
9.730907652e-05
-9.892828746e-05
-0.000655111897
-0.0004017720552
-0.0002577149193
-0.0004168098078
-0.0001741043446
-0.0002700441526
-0.0001325515476
-0.000759329424
-7.076748674e-05
-0.0007066764426
-3.451172602e-05
-0.0001686016601
-1.545925321e-05
-7.622223714e-05
6.694515529e-06
-7.160158179e-05
3.221998466e-05
-0.0001020900434
6.304327689e-05
-0.0001479761058
6.347573681e-05
-0.0001069306821
5.643253821e-05
-6.333572071e-05
5.162658027e-05
-4.376871355e-05
4.888204167e-05
-3.570367365e-05
4.696188812e-05
-9.485986001e-05
-0.000734325573
-0.002686207534
-0.0001059743333
-0.001309285483
1.709862964e-05
-0.0002283253691
0.0001222525443
-0.0001869648215
0.0004987414794
-0.0003036387797
0.0009918166671
-0.0003161481418
0.00504974772
-0.0003642843964
0.005729965198
-0.0006424805143
0.008392043852
-0.001139593551
0.008831996509
-0.002717255005
-0.0346497476
-0.003930140519
-0.02179193005
-0.003165681591
-0.002071329931
-0.002466347508
-0.000511290471
-0.00313647076
-0.0001755382416
-0.001924681165
-0.0001417062575
-0.0003601431636
-0.0001311376742
-0.0003791305102
-0.0001947274951
-0.0002871943725
-0.0002886640872
-0.0003407547836
-0.00038049672
-0.0003855974954
-0.0004992431222
-0.0003669684751
-0.0005971248811
-0.0002710957884
-0.0005649231438
-0.000186664758
-0.0003790088328
-0.0001773800657
-0.000205526727
-0.0002975972531
-0.0001601155918
-0.0006465901389
-0.000233865417
-0.001039444389
-0.0003804668891
-0.001298791053
-0.000501725557
-0.001308217003
-0.0005756653824
-0.0012437826
-0.0006483911158
-0.001106504824
-0.0007598741967
-0.0007299057692
-0.0009363830921
0.0001511089571
-0.00105509328
0.000523325299
-0.0006635858936
3.026464866e-05
-0.0006728625805
-5.099561113e-06
6.223465306e-06
-3.577371244e-06
1.162715359e-05
1.347634707e-06
3.081246119e-05
1.429672924e-06
7.269344225e-06
1.440744337e-06
2.800455852e-06
3.018343485e-06
7.570178785e-06
-4.615664798e-06
-1.794727589e-05
-2.360609278e-05
-2.008983424e-05
-0.0001061078812
-7.549980297e-05
-0.0002208672069
-0.000483059491
-0.000166932603
-0.0005760749534
-8.789093467e-05
-0.0004802857288
-0.0001145264371
-0.0007663466425
-3.951606844e-05
-0.0007228027881
-1.16114423e-05
-0.000118183272
-1.698636341e-06
-3.845732029e-05
8.325078952e-06
-3.24474905e-05
2.129322679e-05
-4.320721711e-05
6.393033332e-05
-0.0001045175264
6.763752323e-05
-8.760845072e-05
5.59848486e-05
-4.872444837e-05
4.741492836e-05
-3.331839283e-05
3.950682327e-05
-2.520431769e-05
5.489662389e-05
-0.0001123406341
-0.000514590052
-0.002118830958
-8.15895063e-05
-0.001394320385
4.642386361e-05
-0.0003429566286
0.000151266869
-0.0002534498188
0.0003350395375
-0.0002880411324
0.0007675529828
-0.0003818021865
0.001366196101
-0.0005043831747
0.001790953721
-0.0006243104853
0.002110424003
-0.0009531427847
0.002320560393
-0.001987904147
-0.02955553449
-0.001236302484
-0.02015320219
-0.0006096266105
-0.001378239089
-0.0003764822939
-0.0003440545159
-0.0003263609128
-0.0001581390371
-0.0002709555286
-0.000156968664
-0.0002034449946
-0.0001663786987
-0.0001828596031
-0.0001853898654
-0.0002014998316
-0.000214528835
-0.0002268068876
-0.0002579321973
-0.0002472328946
-0.0003156862591
-0.0002351441465
-0.0003660993894
-0.0001720362534
-0.000352753672
-0.0001066086629
-0.0002483220316
-0.0001033617172
-0.0001358999411
-0.00024153436
-8.647268704e-05
-0.0006229796976
-7.283210065e-05
-0.0009817385548
-7.184125832e-05
-0.001086178072
-8.002103274e-05
-0.001039731384
-0.000103795314
-0.00093734069
-9.477005651e-05
-0.0008111224263
-1.66270063e-05
-0.0005405743668
4.290787887e-06
8.458995482e-05
2.298823442e-06
0.0004422200959
-6.124196743e-05
0.001180902602
-3.00759545e-05
0.0009468772094
6.084434405e-05
0.0001598658599
0.0001995424548
1.027402634e-05
0.0001638190488
4.23142432e-06
2.588568556e-05
1.027113657e-05
2.316229111e-05
3.142768142e-05
5.081852351e-05
-6.805781621e-06
1.326793464e-06
-5.126042306e-05
-3.528145317e-06
-0.0002209728566
-4.728891751e-05
-0.0003116445709
-0.0006131705137
-0.0002326289708
-0.000578417857
-0.0001354102727
-0.000489122677
-0.0001337217443
-0.0006530463053
-2.728187179e-05
-0.0005956564902
-4.460857665e-06
-7.462869884e-05
2.499698883e-06
-2.120100834e-05
6.128084364e-06
-1.484692142e-05
1.148387175e-05
-1.66690207e-05
7.195573002e-05
-8.240030147e-05
8.501818259e-05
-8.805591126e-05
6.31977286e-05
-3.964163693e-05
4.775049329e-05
-2.628254203e-05
3.314186815e-05
-1.50643367e-05
0.0001281107764
-0.0002285831451
-9.449614352e-05
-0.00154047137
-1.459997849e-05
-0.001501658481
0.0001207094729
-0.000577764481
0.0001992992913
-0.0003321813222
0.0003231420405
-0.0002579240861
0.0005071358895
-0.0002557238776
0.0007501301906
-0.0002954663214
0.001031309523
-0.000363381594
0.001262883812
-0.0006208183
0.001368815751
-0.001377432678
-0.02545044351
-0.0006830711597
-0.000276684685
-0.0001852555116
-0.0001658499646
-0.0001581310866
-0.00015424196
-0.0001519019544
-0.0001517508008
-0.000168103105
-0.0001550521118
-0.0001803444962
-0.0001577727413
-0.0001978006511
-0.000145568982
-0.0002131987594
-0.0001077147349
-0.00020189329
-6.615736458e-05
-0.000147913051
-4.939898879e-05
-8.67455044e-05
-4.839978019e-05
-5.900398179e-05
-4.823638574e-05
-5.45071527e-05
-4.524313694e-05
-5.499998403e-05
-4.255319626e-05
-5.72125986e-05
-4.060914757e-05
-7.339917474e-05
-8.89556148e-05
1.563792085e-07
-0.0002461064464
0.0001948852869
-0.0003075074534
0.0005246304112
-0.0001444565843
0.0007067363359
-0.0001748531542
0.0001930829936
1.560183304e-05
0.0002119795635
3.686232467e-05
9.440806207e-05
9.540173011e-06
0.0001712769979
1.789644432e-06
0.0002970785638
4.691753598e-06
3.840359577e-05
2.952426845e-05
8.429694854e-05
-6.955908931e-06
-2.120976439e-05
-1.996688503e-05
9.683957457e-06
-3.802133694e-05
2.140315246e-05
-0.0002688635277
5.031573956e-06
-0.000392334467
-0.0004872218792
-0.0002465701605
-0.0004528487491
-0.0001497356031
-0.0003906367307
-0.0001242329403
-0.0004903190516
-1.914032674e-05
-0.0002645262156
-2.104508313e-06
-3.367906281e-05
3.124705516e-06
-9.751019075e-06
3.646848361e-06
-5.382645893e-06
5.38028303e-06
-5.674367265e-06
0.0001208984954
-7.750837298e-05
0.0002039151096
-0.0001726860792
0.0001526824214
3.861997945e-06
0.0001067011608
1.647191513e-05
8.79075016e-05
1.067391427e-05
0.000678010299
-0.0008862972521
0.001017396347
-0.001389121978
0.0005104793538
-0.00128464222
0.000289506516
-0.0007028721656
0.0002773759588
-0.000385019544
0.000302596067
-0.0002265301502
0.0003635197986
-0.0001502832598
0.0004764351766
-0.0001322016097
0.0006598962596
-0.0001562452653
0.0008762385352
-0.0003442309942
0.0009973834254
-0.0009168852195
-0.02132009951
-0.0001249749403
-0.0001122751975
-0.0001020480615
-8.77918719e-05
-6.407936956e-05
-0.0001106489129
-4.063743834e-05
-8.485643336e-05
-3.134971304e-05
-5.568874442e-05
-3.31668358e-05
-4.03989606e-05
-3.928946896e-05
-3.730906064e-05
-4.681425601e-05
-3.698962243e-05
-5.801935903e-05
-3.645942753e-05
-8.271599412e-05
-5.237839412e-05
-0.0001666488581
2.260768471e-05
-0.0004234572414
0.0003326090995
-0.0005625828287
0.001048982641
-0.0003014190736
0.001588353374
-0.0002291156099
0.0004322371812
-1.860024746e-05
0.0002584134072
-4.336648155e-06
6.963972997e-05
-1.049027943e-05
0.0001652711091
-4.375003649e-06
0.000510727554
1.640366299e-06
6.423546934e-05
-1.898847267e-05
4.057705339e-05
-5.168395545e-05
4.826096204e-06
-0.000149627161
5.589899978e-05
-0.0006487999699
0.0002643813803
-0.0006154874771
-0.0002439976422
-0.000386654672
-0.0004694740666
-0.0002310664392
-0.0003826946137
-0.0001946910233
-0.0002945027162
-6.90781996e-05
-0.0002490704055
-8.982751502e-06
-5.529168147e-05
-1.390397581e-06
-9.57374157e-06
1.260641492e-06
-2.976867134e-06
1.329955285e-06
-1.420132947e-06
2.141953756e-06
-1.939608558e-06
0.0003617974698
-6.742543795e-06
0.001400721774
-1.85971268e-05
0.002426714577
-3.954846914e-05
0.002976331421
-7.683066712e-05
0.003118305981
-0.0001450240545
0.00252303323
-0.0003280118899
0.00196269526
-0.0005952894043
0.001053238301
-0.0005542319884
0.0005154222097
-0.0003815378225
0.0003992839049
-0.0003036182854
0.0003361861463
-0.0002005273246
0.0002682737408
-7.048948623e-05
0.0002596590188
-1.807138984e-05
0.000354312333
-1.568526009e-05
0.0006034280291
-0.0002153163446
0.0007756898884
-0.0007890184483
-0.01846119699
-3.866135334e-05
-2.592126311e-05
-2.04611336e-05
-4.071094487e-05
-2.129873973e-05
-3.380821457e-05
-2.682249875e-05
-3.054943612e-05
-3.883347723e-05
-2.328034189e-05
-5.835803432e-05
-1.193736363e-05
-9.768328394e-05
-1.67576725e-05
-0.0005006016353
-6.208814668e-06
-0.0009951002346
0.0005231185423
-0.00108930625
0.001213413689
-0.0004103704798
0.001803027596
-0.000217144836
0.0005535030819
-1.587249332e-05
0.0002256166085
-9.512279028e-06
3.692131832e-05
1.299482789e-06
0.0001217318359
-0.00023676199
0.001113161646
-0.0005359571183
0.0003042351634
-0.0005960755677
0.0002418671464
-0.0007100649025
0.000349416553
-0.001069825205
0.0003686129709
-0.001091956704
0.0002065920377
-0.0007395548528
-0.0003454871755
-0.0003877737006
-0.000398085788
-0.0002406352838
-0.0001971879471
-0.0001559107726
-0.0001197677207
-1.983607642e-05
-6.262845072e-05
-3.107575757e-06
-8.680924138e-06
-6.101245388e-07
-2.034256977e-06
3.148165708e-07
-7.54290501e-07
4.102560937e-07
-3.782498404e-07
7.397578488e-07
-7.115740835e-07
6.144846235e-06
-1.357093589e-06
2.136540763e-05
-2.555903577e-06
5.534909672e-05
-4.901868684e-06
0.000119235403
-9.56482654e-06
0.0002191014705
-3.000888255e-05
0.0004254265517
-0.0002889378218
0.0006281725991
-0.0005727938621
0.0005085145307
-0.0002269503849
0.0003828168342
-0.0001139354247
0.0004508571689
-0.0001378634072
0.0006292695437
-0.0001858045127
0.0006937652591
3.075879381e-05
0.000761660656
0.0001081866772
0.00089693918
8.536417771e-05
0.001257523246
-0.0003761618651
0.001303838053
-0.001112829884
-0.0170589304
-1.676482141e-05
-1.567180558e-05
-1.466916679e-05
-1.493910265e-05
-2.57975903e-05
-5.296426888e-06
-4.539396556e-05
-9.483077333e-06
-0.0001266121391
-4.677492132e-10
-0.0002837314851
-4.594791069e-08
-0.0002582968571
0.0006153563568
-0.0002084210153
0.002602221674
-0.0002723636563
0.001197090844
-5.4476645e-05
0.0002219542935
-0.0001438396015
5.696323231e-05
-0.001084973332
0.0006151082203
-0.002824603671
0.003334936541
-0.002117289592
-0.0004761690594
-0.001680948592
-0.0002230083163
-0.001665700377
0.0004232298534
-0.001813314063
0.0004725229694
-0.001399940936
3.441296707e-05
-0.0006460130926
-0.0003467252426
-0.0002396575184
-0.0001738632772
-0.0001366787046
-5.525979569e-05
-6.525209803e-05
-2.848028242e-05
-5.178919489e-06
-1.480576608e-05
-1.073959254e-06
-7.600851978e-06
-2.404257058e-07
-7.174957559e-07
5.716477113e-08
-2.394353959e-07
1.23743083e-07
-1.374544562e-07
3.156800134e-07
-3.15900485e-07
7.717374872e-07
-6.361004264e-07
1.873816555e-06
-1.257099699e-06
4.452965249e-06
-2.52276901e-06
1.015179326e-05
-5.031222142e-06
2.576705354e-05
-2.14128368e-05
0.0001334804036
-0.000478555987
0.0001837542655
-0.0005368120204
0.0001181754883
-2.920579066e-05
0.0001002172539
-2.266869699e-05
0.0002529431431
-3.544154668e-05
0.001001093741
-5.171198385e-05
0.002320364918
-8.012035912e-05
0.003590816438
-0.0001283478797
0.004344760659
-0.000199186404
0.004125105085
-0.0003680626691
0.002953944726
-0.0007665073704
-0.01554667675
-1.537989504e-05
-1.053004972e-09
5.050605023e-10
3.022615263e-10
9.785591003e-07
4.28914005e-08
0.0002219086019
-2.808915291e-05
0.001454404571
-0.000251857854
0.004132359334
-0.0003871301238
0.00414304805
0.0008504572646
0.001087448542
0.001172680263
-0.001628495136
0.000244158526
-0.00236495316
0.001931594803
-0.002374064475
-0.0006552097237
-0.002306597154
-0.0006500489916
-0.002167731258
1.140720793e-05
-0.002000256943
0.0003023566804
-0.001139774138
-9.186179993e-05
-0.000273750004
-0.0001931265236
-7.846998099e-05
-0.0001069919094
-3.815312428e-05
-5.866182506e-05
-1.857733988e-05
-3.757775766e-05
-6.134382341e-06
-2.519820238e-05
-4.506131458e-07
-1.392887857e-05
-1.044039786e-07
-3.750674075e-07
1.052024723e-08
-1.056419421e-07
5.444560272e-08
-6.879400102e-08
1.719554823e-07
-1.590079556e-07
4.417862392e-07
-3.183691853e-07
1.087359752e-06
-6.69351778e-07
2.635437134e-06
-1.489429002e-06
6.126768622e-06
-3.322900788e-06
1.894436123e-05
-1.819875704e-05
-3.506173894e-05
-0.0006663206122
-1.430623212e-05
-0.0002159357109
7.261136691e-06
-1.530260039e-05
2.093130697e-05
-1.952590903e-05
4.894288528e-05
-6.537848624e-05
0.0001011461814
-3.271839021e-05
0.0001985321861
-3.334323983e-05
0.0003595759133
-3.743222301e-05
0.0005953788824
-4.686213476e-05
0.0008975645149
-0.000105085572
0.001190936991
-0.0003854626349
-0.01465831656
1.145435978e-07
4.678628176e-06
0.0004349856864
0.001532165151
0.002403932995
-0.001296869461
0.003270094645
-0.0004030626115
0.0004727410354
0.001528606269
-0.001500152279
-0.0006233249455
-0.002275591627
-0.0003027378547
-0.002689066655
-0.0007945167875
-0.002763097969
-0.0006592337725
-0.00251243355
-0.000385083218
-0.001580611388
-0.0001000753106
-0.0005810451317
-0.0001944930686
-0.0001774907982
-0.0002720272029
-7.359518321e-05
-0.0001748449459
-3.831528491e-05
-8.735113455e-05
-2.397162283e-05
-5.094683974e-05
-1.230167755e-05
-3.953432885e-05
-2.830678891e-07
-2.954478113e-05
-5.941814889e-08
-3.103397415e-07
2.215618836e-09
-5.986964835e-08
3.499490298e-08
-4.028830793e-08
1.098478295e-07
-7.903397409e-08
2.79175346e-07
-1.516975966e-07
7.198113277e-07
-3.549072446e-07
1.921386943e-06
-9.196999882e-07
5.021847402e-06
-2.326527164e-06
1.791571548e-05
-1.260796975e-05
-9.634215598e-05
-0.0003272792449
-1.549734795e-05
-8.325626735e-05
4.949272955e-06
-2.290755646e-05
2.256183808e-05
-2.974600035e-05
7.508042016e-05
-0.0009386609155
4.933957693e-05
-6.339592486e-05
5.725847667e-05
-2.511172432e-05
7.307638238e-05
-1.821827641e-05
0.0001045090028
-1.420732202e-05
0.0001665705645
-2.771035191e-05
0.0003067687286
-0.0002123131648
-0.01455468686
0.001087172162
0.001128654647
-3.325743289e-05
0.001023532428
-0.0007688360369
-0.0002864238452
-0.001855367247
-0.0004489014227
-0.002341611055
-0.0006560910994
-0.002511565685
-0.0004988408394
-0.002297394375
-0.0005325663969
-0.001468324497
-0.0004411930137
-0.0006482731309
-0.0004187533159
-0.0003137408224
-0.0005554778461
-0.0001243449159
-0.0004084272447
-4.728065714e-05
-0.0001617922788
-3.249118436e-05
-7.242036327e-05
-2.48926938e-05
-5.371712473e-05
-2.568408433e-07
-6.319655814e-05
-3.705427608e-08
-3.667220126e-07
2.078028019e-09
-3.714652766e-08
2.693731646e-08
-2.149647501e-08
7.097063346e-08
-3.029675366e-08
1.721451604e-07
-5.762853467e-08
4.967090424e-07
-1.776355665e-07
1.573032931e-06
-5.62767708e-07
4.82884414e-06
-1.597947548e-06
1.80745135e-05
-4.07978566e-06
-8.467664659e-06
-1.586802815e-05
1.920543196e-05
-2.609986431e-05
3.855918428e-05
-3.207446323e-05
5.785451489e-05
-3.713725947e-05
0.0005370282424
-0.007165423846
0.0001109515929
-0.0004921256419
5.813236564e-05
-3.08402302e-05
4.748457008e-05
-7.064447361e-06
4.364924921e-05
-2.596929094e-08
4.093446752e-05
2.238081855e-06
-0.001108053481
5.861351405e-05
-0.01526073404
-5.034939628e-05
9.236250693e-06
-0.000133600674
-0.0004046856289
-0.0002912855465
-0.001421337936
-0.0002812751316
-0.002159455562
-0.0002387421271
-0.002315781518
-0.0004752889929
-0.001747163045
-0.0005537423631
-0.001083535471
-0.0006271493636
-0.0006835871707
-0.001001853102
-0.000342925548
-0.0009758240948
-6.400648395e-05
-0.0004591066815
-3.350182921e-05
-0.0001635919245
-3.541802713e-05
-0.0001997809977
-2.255831637e-07
-0.0001274333005
-1.837855572e-08
-4.433856006e-07
5.044373076e-09
-2.296475809e-08
1.967683342e-08
-4.767634579e-09
3.639908289e-08
-1.601226042e-09
8.880784571e-08
-1.126298218e-08
3.532060947e-07
-8.099431976e-08
1.460247219e-06
-2.836891811e-07
5.480797876e-06
-8.146145609e-07
1.835493612e-05
-2.303841881e-06
4.391649077e-05
-7.813153284e-06
0.0001179039475
-3.046750139e-05
0.0002214272692
-4.919844206e-05
0.000250948313
-3.16977692e-05
0.002544944065
-0.02070104809
0.0005604174854
-0.003215111811
0.0001877187083
2.730778208e-05
0.0001539199545
4.733260221e-05
0.0001571542915
4.648316363e-05
0.0001775961428
7.20232415e-05
0.0004120049009
0.0002639128691
-0.01542330173
3.536665613e-05
-7.18280798e-05
0.0001527343692
-0.0001145644574
-0.0001523849871
-0.000187333845
-0.000818157204
-0.000100086204
-0.001422230754
-5.394382104e-05
-0.001404731909
-4.73022334e-06
-0.001105505644
4.167734927e-05
-0.0007748038612
-0.0007977173878
-0.0005731984927
-0.00149483973
-8.980817622e-05
-0.0009698232889
-2.671786956e-05
-0.0004615288543
-1.549799318e-05
-0.004967549346
-1.144298078e-07
-0.0002643100665
2.820777251e-09
-4.291301524e-07
1.035789367e-08
-1.269482945e-08
2.849091066e-08
2.460214012e-08
6.52417126e-08
6.574084016e-08
1.921905748e-07
1.401009394e-07
7.45490403e-07
2.958970941e-07
3.423459602e-06
7.247177261e-07
1.616219143e-05
1.67940422e-06
6.930183016e-05
2.196110731e-06
0.0002590785342
-5.807409409e-06
0.0007322496092
-4.022519245e-05
0.001408476046
-0.0002809061776
0.002378425212
-0.0008100930047
0.008073892308
-0.02603987133
0.00340954946
-0.004987762438
0.00226489544
0.0003206654881
0.002363020534
0.0006655558192
0.003044799627
0.0007512584253
0.004705361509
0.0006662640872
0.007577854611
-0.0007853474211
-0.01049201327
5.688352305e-05
0.0001380485491
-4.203147259e-05
0.0002864177799
-0.0001081125084
0.0001366389194
-4.057560973e-05
6.837096632e-05
-0.0001343289722
6.166723947e-05
-0.000110826813
0.000101860785
1.514101164e-05
0.0003425116964
-0.0003880609623
-0.0004517475199
-0.0008638668591
-0.0002999904962
-0.001199034416
-0.0005356108144
-7.890376851e-05
0.001192567394
0.001168147817
-4.620593467e-08
-0.0006253426475
-5.333657704e-11
-3.998450419e-07
5.482873866e-09
-8.692625249e-09
5.540692427e-08
6.565141517e-08
2.03956003e-07
2.32416207e-07
6.989175852e-07
6.228777458e-07
2.488456036e-06
1.548014156e-06
9.156207214e-06
3.692910909e-06
3.080037709e-05
7.509022152e-06
8.376727253e-05
1.036930075e-05
0.0001720907819
-1.326999998e-06
-0.0007830630474
-7.52928947e-05
-0.008452799708
-0.0003411792156
-0.009055047161
-0.0005500762877
0.03439916798
0.01748022323
0.02261895424
0.001131036674
0.0103112451
-0.0003417487434
0.006626727249
-0.0002557139941
0.006275242553
-0.0006880357767
0.005190442241
-0.0007957252997
0.002821130118
-0.001241923594
-0.008283537793
0.0002449076973
4.538849598e-05
0.0003538467455
5.663559611e-06
0.0004753588648
0.0001357119449
0.000483867124
-1.882218002e-05
0.0003267556201
-6.538911431e-05
0.0003555399148
-4.101821064e-05
0.0003850284464
-0.0001520226099
0.0002588268544
-0.0008090433439
-7.830381507e-05
-0.0007105532561
-2.809889841e-05
4.012819707e-05
2.475211526e-08
0.0001049138721
-9.634237145e-08
-0.001066020057
-7.685002751e-11
-3.581886465e-07
4.746444291e-09
-5.993789247e-09
1.158469816e-07
1.364177823e-07
5.73939641e-07
6.23054622e-07
2.182821891e-06
1.996467067e-06
7.481342708e-06
5.587286017e-06
2.233310109e-05
1.347193773e-05
5.474902093e-05
2.615245911e-05
0.0001223057892
3.718723321e-05
0.0002795311911
2.551293515e-06
0.0006618507463
-0.0003919812277
0.0009855250282
-0.0007536336129
0.001432174115
-0.0008222961419
0.006019190387
0.01190700476
0.002380190768
0.0003823215321
0.002178116604
-0.0006043675102
0.002105373499
-0.0005376961722
0.001960363758
-0.002598591311
0.0007664722925
-0.001366024006
7.576768245e-05
-0.0011563414
-0.005840614145
0.0001005475374
0.0001194538247
0.0001406499193
0.000435551231
-6.828575941e-05
0.0004175366323
-0.0001349977739
2.613303896e-05
-0.0001309370947
-1.478571339e-05
-4.221441591e-05
-7.384068847e-05
0.0001671172623
7.483875194e-05
0.0009574102455
0.0001876115327
-0.0001009011605
-9.132511202e-05
-4.389802179e-05
6.853908501e-05
3.458714583e-05
7.882891532e-05
-8.565694399e-08
-0.0008264937709
-5.61789145e-11
-2.820546434e-07
4.283404359e-09
-4.593970791e-09
3.829400891e-07
3.173028514e-07
2.12964025e-06
1.715223324e-06
8.12374042e-06
5.950783872e-06
2.59241863e-05
1.679597583e-05
7.725941355e-05
4.168235874e-05
0.0002519364016
6.736372372e-05
0.0007781876466
2.296309928e-05
0.001614977073
-0.0007579415289
0.001917630384
-0.001099835979
0.001808564441
-0.001161495285
0.001787030097
-0.001045051622
0.00267196096
0.001379607124
0.001388182477
-0.0005193748016
0.001090426526
-0.0004588841035
0.0009701837136
-0.0002757515396
0.001804702171
-0.005492963632
0.0004984474892
-0.002861052576
-4.882498359e-05
-0.0009662956358
-0.003839030716
-0.0002557132491
-0.0002402058909
0.0006152521534
-3.795148435e-05
0.0002683780291
-3.331390711e-05
2.519923072e-05
1.118537796e-05
-0.0001599524153
0.0001802363978
-4.924241892e-05
1.074587104e-05
0.0005148165629
-0.0006623636214
0.0005260950479
-0.0003367699584
-7.015970127e-05
-0.0001249017301
-0.0001086156763
-1.122752436e-05
4.669081175e-05
-1.184987898e-07
-0.0004997609361
-1.077864213e-10
-2.043176867e-07
4.446558046e-09
-4.696739689e-09
4.221538536e-06
4.583395044e-07
1.96195672e-05
5.154325128e-06
5.515563988e-05
1.948950747e-05
0.0001453154717
4.556005312e-05
0.0004645032908
7.400920547e-05
0.001435807727
-0.0004642301728
0.002041578988
-0.0008540368838
0.001907263094
-0.001007155984
0.001691021426
-0.001136061376
0.001503537414
-0.001225803651
0.001288863954
-0.001168759959
0.00111968779
-0.0008664087851
0.0007261630231
-0.0006257643241
0.0004537122418
-0.0003722218484
0.0004146851378
-0.0001795918159
0.003261550603
-0.007511435194
0.0011709891
-0.004886926367
0.0001771683955
-0.001326152781
-0.002685878974
-0.0004535749419
-0.0003475530257
0.0001529988193
-0.000156832683
-5.923541809e-05
2.004107925e-05
-0.0003565604662
4.910680179e-05
-0.0002951565401
0.000126195074
0.0004025403952
-0.0007017757914
0.0005414335602
-0.0003894793577
0.0002503053551
-0.0002780250638
-7.800074053e-05
-2.148669878e-05
-0.0003304323532
-1.18871091e-07
-0.0004592312284
8.443083717e-09
-1.234457326e-07
7.272349958e-09
1.457992944e-09
1.141744991e-06
1.696426674e-07
1.447551969e-05
1.20488877e-06
0.0001406185806
1.036356325e-05
0.0006329708798
-0.000142831665
0.00135659515
-0.0006092901715
0.001396104528
-0.0007969558445
0.001196571251
-0.000783804048
0.001100014727
-0.0007605773314
0.001116925561
-0.0008413274234
0.00117049579
-0.001031162985
0.001118892705
-0.001202526123
0.0008961350423
-0.001179217752
0.0003960344776
-0.001107372147
-9.042017391e-05
-0.000708110552
9.602773336e-05
-0.0005699761637
0.006020153753
-0.007079637048
0.003920311927
-0.004673567399
0.001420853896
-0.002105173288
-0.002192647501
-0.0004444391357
-2.310046527e-05
-0.0004555396269
-0.001138913591
0.0003135728985
0.0007407259792
0.0009818076777
-0.0001852350852
0.0003311928522
0.0001912430382
8.395728221e-05
0.0002086597751
0.0001979726627
0.0002639060111
0.0002156186892
7.565011089e-05
0.000162069515
-0.0001679473129
-2.299601773e-07
-0.0009352083544
1.158929521e-07
1.184613616e-08
1.197376444e-07
6.882483929e-08
2.831867401e-07
1.756295042e-07
1.980428191e-06
4.845930428e-07
0.0003340281954
-3.239269439e-05
0.0008339356389
-0.0004084442961
0.001022872618
-0.0006334839353
0.0009277659639
-0.0006049674839
0.0007513953011
-0.0004742821896
0.0006598232237
-0.0004108687774
0.0007027633342
-0.0004678905556
0.0008736685176
-0.000661151909
0.001070556983
-0.0009636291803
0.001048272226
-0.001184166265
-0.0002863583406
-0.001114200526
-0.002095426279
-0.0006704096223
-0.000154718569
-0.0003556224562
0.01376871345
0.004525762644
0.01365729812
0.002814165842
0.007456366772
0.0006787321483
-0.001152038103
-6.877806756e-05
-0.0001756088215
-3.613233359e-05
-0.001067951727
9.112244685e-05
-3.47390076e-05
0.000628314522
-0.0005960478996
0.0006423004187
-0.0002689315908
0.000538279065
-1.83194085e-05
0.0007066209786
0.00011807764
0.0005151730658
3.666232542e-05
0.0002626976394
-6.435447715e-05
-0.0001019515354
-0.0001903143791
3.881632595e-05
-0.0002689493146
1.588209447e-05
6.778688162e-06
6.967755367e-06
7.342723716e-06
0.0002171221968
8.664653133e-05
0.0006477971092
-3.455630772e-05
0.0008279692796
-0.0002638500332
0.0007753501134
-0.0003426186369
0.0005553270303
-0.0002446049972
0.0003824869346
-0.0001917192717
0.0003177087045
-0.0001878754772
0.0003584585088
-0.0002383117703
0.0005283670314
-0.0003630125314
0.000819613556
-0.0005865412849
0.001096640956
-0.0008608195232
0.001164805158
-0.001036353286
0.001005016761
-0.0009671529694
0.0007731990925
-0.0006941994319
0.005266605785
0.005821427186
0.002938052192
0.003245022193
0.0006255709909
0.0004238944054
-0.0005593664944
-2.339711806e-05
-2.441600681e-05
2.244874595e-05
0.0003059792262
0.0005233408497
0.0009428687637
0.0003272432965
0.001274521286
0.0009110208086
0.0009555162131
0.0001318194287
0.0004493285003
0.0001279216502
0.0003465475596
0.0002819359282
9.037895366e-05
-5.60760929e-05
3.312393155e-05
4.963055691e-05
4.913608026e-05
6.114828508e-05
0.0002548989317
7.262612848e-05
0.0004460554038
-0.0001172273189
0.0004114038653
-0.0001396042719
0.0002811881229
-0.0001137184445
0.0001974955171
-7.938642976e-05
0.0001465595804
-7.146611201e-05
0.0001367458186
-8.78697938e-05
0.0001740511789
-0.000128378764
0.0002817225396
-0.0001985864424
0.000497093742
-0.0003124534801
0.0008067599153
-0.0004793125941
0.001072205231
-0.0006656301165
0.001119747258
-0.0007839881796
0.0009794117587
-0.0007167135093
0.003159515718
0.003305709766
0.001483055389
0.001047958991
0.0003232698733
1.179216385e-05
-0.0004213961984
0.001041445767
0.0007713093186
0.0006052302371
0.0006449738051
0.0004225074959
0.000398546469
0.0004034298387
0.0007224146413
0.0002216918169
0.0001500945262
4.776650051e-05
6.956853737e-05
5.01100041e-05
0.0001589125017
0.0006981423911
-3.889026976e-07
0.0004235131421
-0.001949827432
0.0001890144369
-0.0002487620819
0.0001167763217
-7.179011641e-05
7.542549975e-05
-4.993452764e-05
5.375548461e-05
-3.307306335e-05
4.782181828e-05
-3.323580293e-05
5.959905534e-05
-4.904465847e-05
9.322161745e-05
-7.783734411e-05
0.0001592455358
-0.0001181906574
0.0002781119022
-0.0001735179182
0.0004704146468
-0.0002509902019
0.0007228900178
-0.0003543793064
0.0009209633824
-0.0004616326626
0.0009337221578
-0.0005096434039
0.001684989419
-2.010317881e-05
0.000888472462
-0.0001945529123
0.0003976095098
-0.0001817772051
-0.0002319530309
0.0005655993947
0.0005560389196
0.0006557226133
0.0002131773582
0.0001261322967
0.0001394897495
-2.310511539e-06
-1.209710785e-05
0.0006047645552
9.895894285e-05
3.000388733e-05
2.240939074e-05
1.730802374e-05
1.936340226e-05
3.278220476e-05
5.99863388e-05
0.0001038152902
0.0001714342581
0.000275638296
0.000426084274
0.0005994522273
0.0007380246353
0.0008758449318
0.0007312955841
0.0005068271017
)
;

boundaryField
{
    walls
    {
        type            calculated;
        value           nonuniform List<scalar> 
102
(
4.675074559e-09
3.92836129e-09
3.966674201e-09
3.785768638e-09
3.413889257e-09
2.388333707e-09
1.747274974e-09
1.601441996e-09
1.703970992e-09
1.873650357e-09
2.250463471e-09
1.288880362e-09
6.181669098e-10
3.895087832e-10
2.688690285e-10
1.294476097e-10
-1.370890476e-12
-7.692218598e-11
-7.148181446e-11
-3.89908991e-11
-1.30704921e-11
-3.700995585e-12
2.734409051e-13
2.753863553e-12
1.114635468e-11
4.352002715e-11
1.36858849e-10
2.912129446e-10
3.825663378e-10
2.800386592e-10
1.93776491e-10
1.52063274e-10
3.645116417e-10
-1.109282045e-09
1.590519136e-11
4.601364165e-11
2.558677812e-10
7.803929853e-10
4.868936129e-10
6.614255872e-10
5.521886361e-10
3.834589821e-10
2.672998491e-10
1.156275766e-10
-5.639567989e-11
-2.368311625e-10
-4.559423449e-10
-7.545987127e-10
-1.163081523e-09
-1.658290721e-09
-2.250800285e-09
-3.253350137e-09
-4.809936232e-09
-4.698288413e-09
-4.382966577e-09
-4.135126666e-09
-3.922508774e-09
-3.684008095e-09
-3.296219304e-09
-3.037689213e-09
-1.40115502e-09
-1.177359435e-09
3.827645658e-09
-2.636695871e-09
4.180690812e-09
-3.342694791e-09
3.459466885e-09
-3.359936622e-09
3.140050219e-09
-3.91777648e-09
2.776377814e-09
-4.508353521e-09
2.476494511e-09
-5.579876312e-09
2.211828271e-09
-7.181634273e-09
2.108668768e-09
-7.30790005e-09
1.708437765e-09
-5.924975907e-09
1.404737437e-09
-5.47265021e-09
1.253138065e-09
-5.322280125e-09
-5.175572612e-09
-5.176138709e-09
-5.327347745e-09
-5.244878974e-09
-5.335850555e-09
-5.784823206e-09
-6.835208913e-09
-8.578538151e-09
-6.544146349e-09
-5.499709595e-09
-5.053279572e-09
-5.186047147e-09
-4.354267481e-09
-7.066417915e-09
-4.195785798e-09
-3.701255425e-09
-2.277736986e-09
-1.808164768e-09
)
;
    }
    wallFilmFace_top
    {
        type            calculated;
        value           uniform 0;
    }
    region0_to_wallFilmRegion_wallFilmFace
    {
        type            calculated;
        value           uniform 0;
    }
    mirrorFace_top
    {
        type            calculated;
        value           nonuniform List<scalar> 0();
    }
    region0_to_wallFilmRegion_mirrorFace
    {
        type            calculated;
        value           nonuniform List<scalar> 0();
    }
    procBoundary0to1
    {
        type            processor;
        value           nonuniform List<scalar> 
52
(
-0.01813748608
-0.0008936103919
-0.0002499584174
-0.0001376968062
-0.0001421514645
-0.0001499738722
-0.0001587857083
0.0001403726903
-0.0001351733713
-0.000128391381
-0.00012425116
-0.0001213953209
5.384295525e-05
-6.310554864e-05
-5.204751749e-05
1.984723764e-05
-3.605169165e-05
-3.663438725e-05
-3.792340873e-05
-3.074456057e-05
6.712236362e-06
-8.69402424e-06
-4.201457315e-05
-1.127423298e-05
6.060044342e-06
3.638585075e-06
-0.0002414080411
-0.0009340969974
-0.0008119923041
-0.001421025329
-0.0004507350289
0.0008284362047
-0.000200479688
4.129052269e-05
1.833782771e-05
-6.383537544e-05
-0.0001470039181
-3.664932815e-05
0.0001042923523
0.0003563311676
0.0005592565475
0.0003596204647
0.0001672621556
0.0001959077475
0.0001052636073
0.0002356753797
-0.0002532570994
-9.73763169e-06
-0.0002408055132
0.0001165231776
-0.001163487917
-0.0008442317678
)
;
    }
    procBoundary0to2
    {
        type            processor;
        value           nonuniform List<scalar> 
26
(
0.0006415095236
0.0007946215907
0.001313385731
0.001319779818
-0.0001995272925
0.0002176122371
0.0007094868726
-6.858699746e-06
-0.006947271014
-0.001097536493
-0.0001225123658
-3.494908429e-05
-1.486796056e-05
-1.633430371e-05
-2.920563656e-05
-4.984306064e-05
-7.563116812e-05
-0.0001066678274
-0.0001467237714
-0.0002004328065
-0.0002653799606
-0.0003237201797
-0.0003468689413
-0.0003209803896
-0.0002298790742
6.711604797e-05
)
;
    }
}


// ************************************************************************* //
