/*--------------------------------*- C++ -*----------------------------------*\
  =========                 |
  \\      /  F ield         | OpenFOAM: The Open Source CFD Toolbox
   \\    /   O peration     | Website:  https://openfoam.org
    \\  /    A nd           | Version:  8
     \\/     M anipulation  |
\*---------------------------------------------------------------------------*/
FoamFile
{
    version     2.0;
    format      ascii;
    class       surfaceScalarField;
    location    "1.3/wallFilmRegion";
    object      phi;
}
// * * * * * * * * * * * * * * * * * * * * * * * * * * * * * * * * * * * * * //

dimensions      [1 0 -1 0 0 0 0];

internalField   nonuniform List<scalar> 
2727
(
7.360724995e-10
-2.909119878e-12
-2.825789068e-10
-4.079388953e-10
-0.009255658824
-0.0002193979216
0.009201404414
-1.245238984e-09
0.01306933152
-1.354618323e-09
-0.002233668497
-0.01010673678
2.341617207e-07
-1.066280247e-06
-3.899906666e-10
9.747878639e-07
2.078434408e-06
1.518946549e-06
-3.192040772e-06
-2.679745936e-10
3.050649262e-06
5.35065603e-06
2.130552986e-06
7.468650211e-06
-2.266554277e-10
6.66046261e-05
-3.63770966e-05
2.353695637e-05
-5.689140898e-11
0.0007170472913
0.0006267281077
-0.0011048597
-0.0006266699887
0.001704962237
0.002158125204
-0.002497077138
-0.002383412866
0.003396807471
0.006259932101
-0.00410983428
-0.006975771868
0.00363052393
0.01207512948
-1.143355094e-06
-0.01357169024
6.530524281e-06
2.056154647e-05
-2.667338764e-05
-1.273192549e-09
5.049775651e-05
3.082619055e-05
-6.945411762e-05
-2.846114621e-09
0.0001020932215
6.872276749e-05
-0.0001509453684
-1.124761164e-11
0.000217652452
0.0001282574731
-0.0003108779559
-1.194664793e-11
0.0004504413934
0.0001823459302
-0.0006173798882
-1.892439555e-11
0.0007706995318
0.0001228449505
-0.0008566934366
-2.948947365e-11
0.0007839875447
-0.0006212599845
9.128140847e-06
-3.779284838e-11
3.793648142e-12
-4.054265581e-12
-4.263768667e-12
5.350509305e-12
-1.220548004e-11
6.701610879e-11
6.395978106e-12
-5.161105319e-11
1.970211136e-10
1.33995765e-11
-4.461320274e-11
-1.42555393e-10
3.068823285e-10
7.441866652e-11
-8.166817222e-11
-2.606707646e-10
1.637744015e-10
7.027111679e-11
-6.259070682e-11
-1.432637288e-10
1.072315021e-10
-1.507661427e-11
4.130024578e-11
-3.85973917e-11
-4.425051203e-11
-2.099535218e-11
2.919502752e-11
1.82702896e-11
-1.391757068e-11
0.000484175067
0.0003013206987
-0.0004765618854
0.001903514528
0.0007538940207
-0.001113386266
0.00556289585
0.001523668197
-0.001842774647
-0.003494762287
0.01084569087
0.001636170258
2.027520393e-09
-0.006838694513
9.81268508e-10
1.68781069e-10
-1.60987425e-10
-8.548778905e-10
2.32839648e-09
1.429541924e-10
-2.018311806e-11
-2.111153764e-09
2.531445554e-12
1.643877907e-12
-7.674665004e-13
-1.884034049e-12
9.028438531e-13
4.712656631e-13
-4.692516598e-13
-4.207353939e-13
1.679055011e-12
6.771615986e-13
-1.136544132e-12
-4.271704433e-13
5.76189472e-12
1.861668102e-12
-2.139552617e-12
-2.960627125e-12
8.805023806e-12
9.789818631e-13
-1.084288347e-12
-5.179797759e-12
-2.500154097e-12
3.565639591e-12
-3.206411629e-12
2.782380864e-12
-4.207674492e-12
-9.164804755e-12
1.787189631e-11
4.879360537e-12
-6.516450693e-12
3.585425507e-11
-9.493500408e-12
-1.648083917e-11
-1.033515414e-11
5.698595745e-12
1.030799843e-10
9.762177119e-12
-7.23771624e-11
-2.901625972e-11
2.208418614e-10
4.353171774e-11
-5.347341085e-11
-1.84688518e-10
1.377411056e-10
3.784629867e-11
-5.256636314e-11
-1.100361183e-10
9.500677051e-12
6.486315775e-12
1.184049829e-11
-2.873357893e-12
-1.298423269e-11
0.00171687454
0.0004006560908
-0.0004890663931
-0.0007373247994
0.00337651331
0.0004441813266
-0.001463075977
1.69095513e-09
7.490809484e-10
1.247112224e-10
-6.643041139e-10
-1.188015306e-10
1.927626479e-09
1.079818964e-10
-1.343087756e-11
-1.780693433e-09
1.434688117e-12
1.080165218e-12
-1.053594622e-12
-4.18673924e-13
2.66300369e-13
1.478351349e-13
-4.975805621e-14
-1.951999202e-13
7.104072327e-14
2.364225727e-14
-2.245653457e-14
-3.401795102e-14
1.798457608e-12
1.145141593e-13
-5.34650761e-13
-7.06393167e-13
1.029285906e-16
3.729707654e-17
-1.321382036e-17
-5.122835194e-17
4.156391338e-18
-1.142199253e-18
-7.796031249e-18
1.558357845e-17
2.605897106e-19
-4.018048741e-20
-7.912195128e-19
1.552236819e-18
9.269914026e-21
3.449307177e-22
5.099415159e-22
-4.847433504e-21
5.508731398e-13
-5.258130537e-14
1.455431183e-13
-5.804261202e-13
-2.798462115e-13
4.566661392e-13
-1.017021479e-12
9.701420738e-13
-6.778812778e-13
9.471438271e-13
1.411410494e-12
-1.465357022e-12
1.915090859e-12
-1.272582825e-12
1.595695983e-12
-1.909457054e-12
2.834123991e-12
-1.615819042e-12
5.309620205e-12
-5.860883991e-12
4.837134669e-12
-3.669873921e-12
-1.971857494e-11
1.143782298e-11
2.082794371e-11
5.35540798e-13
6.679921997e-12
-1.388347917e-11
1.619071222e-11
-8.161730371e-12
5.340886781e-12
-1.082114692e-11
5.395319412e-12
8.619450486e-12
2.695232217e-12
-2.608736945e-12
-3.376008069e-12
-3.995546885e-12
2.029197239e-12
3.439170857e-12
-1.618388166e-12
-1.807301548e-13
-6.560327152e-13
6.314792345e-18
7.959943397e-18
-2.286302345e-18
-1.471067994e-18
1.286689236e-18
7.574258955e-19
-2.228936944e-19
-2.616131872e-19
1.446809335e-19
-9.113635426e-21
-3.289262121e-20
5.470707882e-20
1.008053482e-22
9.601869823e-22
8.339840217e-23
-2.101206776e-22
6.354046527e-13
-7.017122982e-13
-1.128856105e-13
3.065115607e-13
1.098136064e-12
9.168376513e-13
-1.185747406e-12
-5.750775611e-13
-1.332156705e-12
1.823010974e-12
-1.636374288e-12
1.551952115e-12
-2.39714023e-12
3.117760854e-12
2.066043544e-12
-2.176580577e-12
2.152357529e-12
-3.884540805e-12
3.313541181e-12
1.313416608e-12
-2.089565057e-12
1.451968633e-11
3.791982869e-12
-1.089395753e-11
3.224361125e-12
-7.728937593e-12
5.390226644e-12
-3.933904085e-12
1.158614386e-11
3.921641564e-12
-1.4025735e-11
1.375533364e-12
1.990094638e-12
9.032375691e-13
-2.479186408e-12
-6.799471514e-13
3.061163232e-19
1.875826225e-19
-7.49607373e-20
-1.717064675e-19
6.09845076e-20
2.783285753e-20
-9.171674398e-21
-3.508599458e-20
8.478467502e-21
2.475818816e-21
-4.430647192e-22
-4.969223107e-21
-2.642793518e-23
4.737864266e-23
3.943004317e-24
2.992692284e-24
7.898510062e-13
-8.60390073e-13
-1.040831412e-13
2.699183061e-13
1.293287863e-12
-4.856173795e-13
7.458526419e-13
-1.375244459e-12
1.734471869e-12
-1.048314052e-12
1.393175363e-12
-1.810005888e-12
2.14330419e-12
-1.790036569e-12
2.288953037e-12
-2.274205448e-12
-9.813825444e-13
1.392137935e-12
2.947118033e-12
5.535143212e-12
-4.068951605e-12
-3.580497786e-12
4.384082053e-12
-6.826803359e-12
6.158605847e-12
-3.013331075e-12
-1.863223952e-12
3.760872723e-12
1.28560096e-11
-7.403114844e-12
-5.068174472e-12
3.121908048e-11
7.792242e-12
-1.724400324e-11
-1.687865729e-11
1.524452086e-10
-4.467932e-13
8.763945176e-12
-1.434773648e-10
2.024611254e-11
4.21639043e-11
-5.45463732e-12
-4.89586539e-11
4.115346476e-11
5.840397085e-11
-1.306557898e-11
-7.211001494e-11
-1.273377498e-10
1.196993739e-10
9.312519242e-11
-4.96148347e-11
1.817745311e-10
1.021515604e-09
-9.48738414e-10
-2.180999584e-14
-7.264092537e-16
5.289747985e-16
1.705638946e-15
5.785544835e-18
2.703165058e-16
-8.150675178e-17
1.032703198e-16
3.772262526e-18
1.608149414e-17
9.421225835e-18
1.158599329e-18
-6.885952449e-21
4.062128801e-13
-1.803392013e-20
-1.204586708e-12
1.293936969e-12
1.566688437e-12
4.633545954e-12
-3.624667169e-12
-1.861492635e-12
4.367096159e-12
4.519912225e-12
-5.183880068e-12
-2.658520218e-12
-1.001340997e-11
5.383229919e-09
-5.819690651e-11
1.160334581e-09
6.124225083e-12
9.943592293e-12
-1.105952656e-11
1.219853878e-09
-1.009143812e-09
-2.361920379e-11
-5.360520789e-11
-1.111155542e-09
2.62153633e-09
-3.616963655e-11
-0.009006428444
-0.0001668677687
-6.738686791e-10
-0.00022895746
1.382672924e-09
-0.005700627314
-1.311472419e-09
9.189733982e-11
-1.011911432e-10
-2.662388299e-10
-3.43373468e-10
1.227778615e-06
-1.285740976e-10
-1.539781655e-10
-2.538317197e-10
0.000304854931
0.0003931477659
-0.0005503196741
-0.0002443093004
-0.0006706291749
-0.0001945212108
7.091933657e-05
-0.0004189867297
-6.89319175e-06
-3.742014331e-06
0.0005870983815
-0.0003043199025
-0.0001279544835
-5.706913924e-05
-0.0001901628715
-7.562772609e-06
-7.669546469e-06
-1.060185516e-06
-2.853460643e-07
6.632789183e-05
-1.947614969e-05
3.588375106e-06
-1.898444315e-06
1.414206366e-06
-1.856732668e-07
-1.210594567e-06
5.888635413e-08
-7.003225219e-08
8.183143891e-06
-4.10404687e-06
2.354694756e-07
-1.090302693e-06
6.111397896e-08
1.815443409e-07
-1.24692359e-06
3.618726663e-07
7.330799716e-07
3.162034361e-06
9.000137577e-06
-2.056697041e-05
-1.529458241e-06
2.191942694e-09
6.696799579e-07
-3.101524368e-06
4.826031969e-06
1.579206943e-06
-1.994984886e-05
2.350852447e-05
-7.849891422e-06
1.929722487e-07
-1.298430188e-06
3.718836899e-06
1.19360642e-06
8.751322944e-07
-7.721837477e-05
-3.026179719e-05
8.820477382e-05
4.358476721e-05
-1.848395404e-05
1.325579955e-05
-4.028768508e-05
-1.991198042e-05
-2.954897637e-05
-1.577990602e-05
-0.000106495269
-4.346226713e-06
0.0001593692888
-1.417517153e-05
2.866950734e-05
-1.862947014e-05
-9.545442949e-06
-1.410488141e-05
-2.329916463e-06
3.991265262e-07
1.733830287e-06
3.453615729e-07
-2.852710195e-06
7.384131406e-06
-1.124225138e-05
5.015510035e-06
-9.399041225e-06
2.72853236e-05
-0.0002323276199
0.000412364327
-0.0001408553625
2.41284741e-05
-1.251345095e-05
-2.370570335e-06
-6.622710983e-07
6.361747212e-05
-8.445492747e-05
0.001331517231
-0.0009295087079
-8.69781113e-05
5.442364435e-05
-0.0001870040285
-8.262437544e-05
-2.018670263e-06
-1.019725546e-05
0.0004066955405
-8.116431905e-05
-3.983781257e-05
2.876497345e-05
-2.264987834e-07
-8.149511403e-06
-1.910953796e-05
-3.520684513e-07
1.281315469e-05
-4.042412659e-06
-4.974319541e-06
1.683414009e-06
2.706135383e-06
-3.000056593e-06
4.211832153e-07
2.844314004e-07
2.133791327e-06
-1.375105006e-06
-1.699951181e-06
-1.514168648e-07
3.75447707e-07
-9.034677734e-07
3.328077307e-07
2.0725861e-07
1.019439188e-06
-6.577789231e-07
-4.11802017e-07
-3.164891479e-07
2.207811812e-07
-1.031332294e-07
4.952561877e-08
1.210963679e-06
-1.333955083e-07
1.029233951e-06
6.894101966e-09
-4.909351341e-08
7.976873295e-10
3.658703973e-07
9.005270382e-08
-1.138423247e-05
1.881360352e-06
-1.310667267e-05
-4.256787658e-06
-2.846254336e-06
-3.620956753e-07
-7.325369418e-06
-3.549634025e-06
-1.50957113e-05
1.552513141e-05
-2.161739608e-05
-1.235862563e-05
1.192516704e-05
-4.252969992e-06
-1.583996205e-05
-6.489888392e-06
-1.204019743e-05
1.952838135e-05
-1.617034218e-05
-1.638119778e-05
1.398159998e-05
-7.162691421e-06
-1.453993923e-05
-6.877762892e-06
-7.835994336e-06
1.2699133e-05
-1.047091018e-05
-1.101134445e-05
1.000704914e-05
-5.994220216e-06
-6.32831722e-06
-4.370728501e-06
-3.104758501e-05
5.607952145e-06
1.393282327e-05
-1.200825249e-06
5.467562228e-06
-1.548754167e-06
-1.037548291e-05
-1.888942542e-05
-4.542608614e-07
-8.34489389e-05
0.0001155728479
-2.290873447e-05
2.252670384e-05
8.652728421e-05
-0.0001741271009
3.335284732e-05
-2.950768402e-08
0.0001077555095
-0.0003366641326
0.001218241229
-0.0007712102648
6.598555438e-05
-2.77697318e-05
1.294008793e-05
3.761097205e-05
0.000187804611
7.378347693e-08
-2.15283127e-06
-3.608744714e-07
0.0008643989728
0.0008096281577
-0.001411466208
0.0002295034717
-0.001095910665
-8.081744779e-05
-5.292727478e-08
-9.52250558e-06
9.710124696e-05
-1.991453199e-07
-0.0005369148744
-2.685728101e-05
-0.0004726802441
1.801840285e-06
8.214089652e-06
-3.669848654e-06
-4.535865883e-05
-7.16902896e-05
-0.0002505841192
-4.394955843e-06
-3.198463402e-05
4.52693722e-07
1.853003341e-06
-9.209765663e-07
-1.307196174e-06
-8.059693164e-07
2.840140367e-06
-3.631610368e-07
9.272932261e-07
5.34488919e-09
2.96002328e-07
-7.837797325e-09
-2.219232184e-09
-1.402393766e-07
3.092518678e-07
-6.128990514e-14
8.433223943e-09
-7.957758751e-10
4.24789097e-09
-5.049730352e-07
-1.741463186e-10
2.399442515e-14
9.763168549e-16
-2.61847606e-07
-1.766998838e-10
-2.190026241e-06
1.684139933e-06
-1.888407032e-06
-1.116072372e-06
6.432902198e-07
-4.33578103e-07
-5.035100937e-07
-1.549663446e-06
-1.294189051e-06
3.980792332e-06
-6.596077885e-06
-6.635632326e-07
1.001014046e-06
-3.651460167e-07
-1.14390603e-06
-1.978664851e-07
-2.301067106e-06
8.080117365e-06
-7.86892373e-06
-1.851781958e-06
1.891992126e-06
-2.909360681e-07
-2.484623337e-06
-5.08541302e-07
-2.256023348e-06
5.860451313e-06
-2.056432752e-06
-2.7013584e-06
2.33361213e-06
-8.185364715e-07
-2.731281332e-06
-1.043403599e-06
-9.128321005e-06
-1.623169053e-06
3.17703586e-05
-2.87971495e-06
2.073071907e-06
-9.614395279e-07
-1.383702012e-06
-7.611748056e-07
-1.422495946e-07
4.951435691e-08
3.337656944e-07
-1.300984771e-06
1.705936051e-05
-1.207132745e-06
7.103800363e-07
-2.720894789e-07
1.441509027e-05
-1.413062148e-05
5.372729045e-05
4.976010338e-06
-3.076505072e-06
6.039022455e-07
7.611940191e-06
1.875342293e-05
-0.0004208400307
-0.0008066536064
0.0006091060379
0.0003372782805
0.0009534776957
-0.0003751681831
0.0001847583663
-7.736284453e-05
-0.0002980468236
-0.0003945792275
0.0002338485618
0.0001466211353
0.0002165261498
-3.483981505e-05
-6.166346772e-05
9.384824483e-06
-2.345149745e-06
-4.61595698e-05
-1.534987414e-06
-2.796306335e-06
6.556179953e-05
-1.209271718e-06
-9.157869353e-07
-1.085761175e-07
1.597937222e-06
2.32475962e-07
5.803882741e-07
1.241425224e-06
-2.760504384e-06
2.356859515e-06
1.280316207e-06
2.91015408e-06
3.163102912e-07
-3.733247433e-07
3.790259914e-08
9.546807976e-07
-1.163422506e-06
2.089836634e-06
3.567453153e-07
9.19354545e-07
2.462299603e-10
8.40270338e-10
-2.476495498e-07
4.326560057e-08
-2.510447146e-08
2.417763865e-07
-1.953067252e-07
6.673618495e-08
-1.106792017e-06
9.313640088e-07
-2.375594019e-07
-7.710145134e-07
2.720305952e-07
-1.108597567e-07
-1.698161755e-07
-7.548911787e-07
-2.484073641e-08
1.263370641e-07
-1.755176366e-07
-1.937869677e-08
2.22758329e-07
-1.762124789e-07
-6.464737637e-09
-1.268847232e-08
-1.731138849e-08
3.132973982e-07
-5.758202926e-07
-1.21592813e-08
8.443423258e-09
-1.058329986e-09
-2.965038675e-08
-1.677535073e-10
-9.922966308e-08
9.815596736e-07
-1.392411751e-06
-7.392226124e-08
4.55304513e-08
-1.25162741e-10
-1.659981642e-07
-2.953845728e-10
-2.763010074e-07
1.460642597e-06
-1.087597343e-06
-3.120586059e-07
1.688833718e-07
-7.550269483e-10
-5.25335302e-07
-1.718078946e-09
1.038990766e-07
1.224214063e-06
-5.560267725e-08
-6.061213147e-07
2.712495702e-07
-2.386834269e-09
-6.096995675e-09
-3.70790008e-09
6.987027016e-06
-7.999813182e-07
7.071265316e-06
1.258517871e-07
-2.595581332e-08
-1.238484805e-07
6.82093693e-06
7.834515391e-06
0.005343010613
-9.763642781e-05
-0.001290553458
-0.0008108927321
-0.0006140510315
0.003171178
-0.001092810638
-2.072569905e-05
-3.181448548e-05
5.372464601e-06
1.788831787e-05
0.0001132561734
-3.787479441e-05
3.835099432e-06
-3.816800911e-06
1.410411725e-05
3.741436055e-06
-2.683235552e-07
2.433740058e-07
4.336251095e-06
-3.567221367e-08
-4.271439203e-06
-3.873935254e-10
1.538003265e-08
4.457593553e-08
-9.516390467e-08
-1.042044067e-08
-7.008453881e-07
-2.469033258e-10
4.699623986e-09
2.871527688e-08
3.236489889e-06
-7.99975686e-07
1.304865902e-06
5.551641967e-07
-1.975060567e-06
1.725895795e-06
1.148343383e-06
3.164802301e-06
1.377426871e-06
-1.191510198e-06
6.875917958e-07
1.204328079e-06
-2.603344426e-06
2.757987779e-06
8.330248071e-07
1.647458637e-06
2.339036386e-07
-2.28684211e-07
2.277105279e-08
4.376538359e-07
-5.690582931e-07
8.206278018e-07
1.728030251e-07
4.453280796e-07
-4.58515202e-07
5.788831465e-07
-1.51522696e-07
-1.80318397e-07
-2.121817067e-07
5.088956247e-07
-1.312357491e-07
-2.740904033e-08
-6.126889597e-09
1.187309817e-08
-1.026601285e-09
-6.654724451e-09
1.468341731e-07
-1.180261585e-07
-4.877718453e-10
-1.825828585e-09
-5.600439009e-11
1.552126637e-10
-1.046818607e-10
-7.021800349e-11
3.933359132e-10
-9.21844324e-11
-6.503702375e-11
-9.584174211e-12
-1.786308336e-10
2.336005969e-10
-6.123959322e-10
-1.829372513e-10
5.700299631e-11
-1.677194611e-12
-5.71013151e-10
-2.826633274e-13
-1.926940496e-09
1.418178628e-09
-2.688721728e-09
-1.77376666e-09
5.904759664e-10
-2.474366384e-14
-5.595188577e-09
-6.76412768e-17
-5.974350926e-08
5.260069401e-10
2.330075976e-08
5.465268704e-09
8.445049851e-09
-2.910313731e-08
1.468356131e-07
-2.507494673e-07
-1.554116926e-06
-1.014396016e-07
-0.003154712195
3.013276908e-06
1.170873231e-06
-5.248357004e-06
1.672382738e-05
-5.887731566e-05
-0.0003911926253
0.00031262452
-8.826394302e-05
-0.004853974652
0.0004457224208
-0.000416531172
-8.147285171e-08
-4.344064487e-06
5.116445007e-08
-7.961299268e-09
3.571517424e-07
-4.265137342e-07
-9.626556684e-15
-8.959234974e-08
-1.629295583e-19
9.474454783e-11
-2.789372182e-10
-1.330871445e-19
3.264428661e-14
-1.776912577e-14
-5.851821087e-20
6.742678554e-21
3.739847354e-08
-3.947255573e-11
8.794631819e-09
2.120936448e-20
1.690551324e-20
9.861748964e-20
7.42485621e-09
4.268520091e-08
2.927686423e-06
-4.081926442e-07
9.625221384e-07
3.127007309e-07
-1.525499506e-06
1.359950081e-06
7.974973274e-07
2.617385579e-06
1.758222932e-06
-1.106486213e-06
8.617905594e-07
9.786171452e-07
-2.682215852e-06
2.477058553e-06
8.315769075e-07
1.764356223e-06
6.318325695e-07
-5.46446179e-07
3.035126074e-07
6.06162276e-07
-9.989905761e-07
1.108053138e-06
4.174270029e-07
7.744327095e-07
2.877084839e-07
-1.666334743e-07
-4.620185759e-08
3.200448578e-07
-6.527606191e-07
7.789573993e-07
-3.673080628e-10
6.487043605e-07
1.006620716e-09
1.874119381e-09
-1.439928072e-10
-7.06677883e-10
-2.436340156e-08
3.16727748e-08
-2.761641236e-11
1.351383044e-09
-2.990647614e-13
1.73790065e-11
-2.831584364e-12
-3.122611951e-12
-1.508367997e-11
2.121709042e-11
-1.096842854e-12
1.195257974e-12
-9.292176272e-14
4.102762324e-13
-3.101869424e-14
-2.138079827e-13
2.987962375e-13
1.726449787e-13
-1.608196619e-14
9.793226895e-15
-2.698173965e-19
7.340813933e-17
1.090973101e-17
-3.675231054e-19
9.371614435e-15
-8.767527999e-21
3.058529263e-19
-9.033879272e-34
-1.248037864e-06
-4.732459768e-08
9.950131954e-07
3.329710408e-07
1.049878039e-07
-5.252907567e-07
5.344505424e-06
-6.446996983e-06
-5.808944635e-05
-8.392249618e-06
-0.0001469598493
1.885246352e-05
1.355661212e-05
-2.721722629e-05
-6.571254177e-05
3.025415297e-05
-5.487628516e-07
-5.748700742e-08
-3.81272686e-07
-9.571262027e-07
-9.400667251e-08
2.098830983e-08
-1.298048298e-14
-6.518852758e-08
4.851641612e-07
-5.527418105e-07
-3.564660464e-10
-8.499561927e-08
7.020848076e-15
4.644524136e-15
-6.470834208e-19
-6.385257034e-10
-6.998901602e-15
5.368729438e-10
-1.313529608e-09
1.178936146e-09
4.97280926e-08
-1.081909585e-19
5.083947218e-09
-8.455438249e-09
-5.899756836e-18
9.144457554e-09
3.676975999e-10
5.493378617e-08
2.282463526e-06
-2.513850743e-07
6.64043613e-07
1.61502958e-07
-1.216544534e-06
1.137840152e-06
3.952374401e-07
2.064062286e-06
1.749942925e-06
-8.409757368e-07
7.228221558e-07
3.832665512e-07
-2.223522093e-06
2.147672248e-06
-6.87221135e-08
2.13023271e-06
1.064378087e-06
-5.161089373e-07
2.019943375e-07
-3.927726466e-07
-1.235638959e-06
1.535790254e-06
-4.9261883e-07
1.172547277e-06
5.104204542e-07
1.672445983e-07
-1.452872207e-08
-2.207622854e-07
-1.192918735e-06
9.443535702e-07
-1.116407453e-08
3.079092957e-07
8.494561088e-10
9.239632794e-10
-2.374335071e-11
-8.916652786e-10
-2.04113215e-08
1.146130478e-08
-6.679229647e-10
7.788297849e-10
1.670723427e-12
2.794737278e-12
-6.122189001e-13
-1.319423814e-09
-1.853388733e-11
5.420779855e-10
-2.574899689e-09
1.014738375e-09
3.339294666e-14
5.998134501e-14
-1.61067727e-18
-5.136238411e-09
-3.143955538e-13
2.106914827e-09
-1.133931071e-08
5.007783764e-09
1.485834395e-32
1.555017666e-32
5.72672801e-32
-1.862901909e-08
-1.151134561e-18
6.642363545e-09
1.916082093e-07
-1.541883824e-07
-2.320276254e-05
-2.710929272e-06
1.820775391e-05
1.13012184e-05
3.4819201e-06
-1.546509355e-05
1.513567585e-05
-3.772093244e-05
-1.271344961e-05
-1.985805571e-05
-3.179664995e-07
-0.0001264856582
2.734053921e-05
0.000339346104
-1.266564443e-05
2.917615e-05
-1.397435346e-06
5.734787234e-06
-2.11183146e-06
-2.089631721e-05
-1.833827272e-06
-1.378627782e-07
3.45970517e-07
-4.345508498e-09
-1.243948964e-05
5.221399316e-07
-8.234830631e-06
-9.759125838e-06
-2.210377246e-05
1.41449448e-08
6.009990412e-09
-1.531685165e-08
-1.996546986e-07
-3.962043691e-09
-3.89105158e-05
-2.711544039e-07
7.287505946e-08
2.053948769e-07
6.538666951e-08
-1.902187489e-07
-6.079372212e-07
-6.794519214e-08
3.07622749e-07
-1.19533231e-06
5.262016742e-07
2.24475628e-06
3.848319773e-08
-1.751982406e-07
-1.869931173e-06
-1.075135563e-06
9.818023476e-07
-2.733477181e-06
1.806536578e-06
2.205174648e-06
5.700571927e-07
-6.595850933e-07
-2.679762728e-06
-2.307378151e-06
1.028578083e-06
-1.831393202e-06
1.324623127e-06
1.04266793e-06
6.048914937e-07
-4.569406488e-07
-1.128078212e-06
-1.505295839e-06
9.255754293e-07
-6.315887537e-07
5.496821621e-07
1.747949891e-07
1.441104629e-07
-6.440066207e-09
-5.532058389e-07
-6.457785684e-07
2.553665234e-07
-2.070787261e-06
1.974279476e-07
8.334843176e-10
8.614463394e-10
-8.519106475e-10
-8.668421217e-06
-6.809031962e-09
5.756040928e-07
-3.044077013e-05
1.686736067e-06
1.104065098e-09
1.293787436e-09
-1.719194134e-09
-9.174740818e-05
-7.477250479e-10
2.593745377e-06
-0.0002339456366
6.58312295e-06
1.56797227e-09
1.530494322e-09
1.654110689e-09
-0.0004657376106
-1.639459652e-09
9.615218087e-05
-0.0006780517874
0.0002651649377
-1.517280006e-05
-1.133978748e-08
1.511028865e-05
-0.0008635474631
-1.149735549e-09
0.0003796081857
-0.001105481723
0.0004397006888
-1.017665347e-14
7.070366205e-15
-3.380756852e-15
2.565869272e-14
-1.416773938e-15
-4.156535384e-15
-2.651363975e-15
1.611796223e-15
-5.394275414e-16
8.649821088e-15
-5.929953573e-16
5.414208884e-15
-2.066459817e-15
-1.925268963e-16
-9.394759665e-16
-3.362826254e-16
1.441268038e-16
-2.864182344e-17
1.140739366e-15
-5.138373689e-17
1.018165179e-15
-3.548030825e-16
-1.082064187e-17
-1.170756355e-16
-2.44084387e-17
2.059684352e-18
3.818965329e-18
7.808796824e-17
-1.262790146e-18
1.020002526e-16
-3.512854419e-17
5.193206248e-19
-8.622611003e-18
-2.525748993e-13
-1.807509826e-18
5.71932822e-14
2.275262219e-13
1.751112345e-19
1.568171365e-18
-1.571565711e-19
5.579911857e-14
-2.751484518e-13
-5.921103975e-13
-1.538226608e-13
2.936175273e-13
5.395419124e-13
1.520567376e-13
4.33087826e-13
-4.686607291e-13
2.933542317e-13
-6.436137916e-13
-9.237235796e-13
-4.823938358e-13
7.263787818e-13
8.37747794e-13
4.851800349e-13
7.51921012e-13
-8.202731065e-13
7.330007904e-13
-1.008336672e-12
-1.323077605e-12
-1.030870702e-12
1.405261666e-12
1.205505772e-12
1.037612326e-12
1.111752401e-12
-1.207177664e-12
1.378550545e-12
-1.403995249e-12
-2.060110959e-12
-1.828579624e-12
2.635698092e-12
1.65822866e-12
2.038963894e-12
1.554801011e-12
-1.871811746e-12
-1.174925002e-12
1.498636912e-12
4.987746628e-12
-3.937370104e-12
3.426532794e-12
-3.651936913e-12
3.97636601e-12
-2.315641213e-12
-6.800092922e-12
1.269957134e-11
5.270699267e-12
-4.960360564e-12
1.34264602e-11
-1.283407058e-11
7.634227267e-12
-6.229609855e-12
-6.496592041e-11
-1.113426244e-11
7.70727307e-11
-1.502133406e-11
6.444186698e-12
-1.907418236e-11
-2.796282303e-11
-1.912947596e-15
-5.801785614e-16
2.259314306e-16
-7.199672242e-17
-4.081149578e-16
1.924695272e-17
-4.188993015e-18
-5.064217108e-17
-3.674383917e-18
5.837065658e-19
-3.637580478e-23
-2.945129554e-13
-1.339176885e-20
5.138432972e-14
-1.41155874e-13
2.733272193e-13
-6.889027383e-13
-4.521860326e-13
6.81706863e-13
-1.07980749e-12
-1.447270835e-12
-9.620137164e-13
1.247710824e-12
-4.790545342e-16
-2.363156249e-16
9.225466679e-16
-1.817382964e-16
-1.565862284e-21
-3.621652029e-19
5.051398113e-19
8.692613942e-21
7.072222935e-20
8.656382853e-14
-3.256230892e-13
5.000141149e-13
2.386778144e-13
2.239191443e-12
-1.641709394e-12
-1.615619258e-12
-1.579775481e-12
-2.452792619e-12
2.107816124e-12
-9.598984909e-13
1.79113421e-12
1.330088045e-12
2.520873958e-12
-2.680695192e-12
2.403730809e-12
-2.135314143e-12
-1.798158922e-12
1.604035807e-12
-6.602019868e-12
-3.35812108e-12
5.808290847e-12
-4.530716356e-12
2.406441951e-12
-4.507354758e-12
-7.528940641e-12
4.131649346e-12
-1.182373294e-16
4.213352595e-17
-2.094776671e-17
-2.632078279e-18
5.210092356e-18
-1.079008903e-18
3.887180428e-18
-2.497333901e-19
-4.582913767e-19
-1.856633137e-19
-3.929181303e-20
-3.435346508e-13
-8.002643671e-13
7.606392789e-13
2.674720196e-13
-9.70996949e-14
5.101706429e-13
-8.711635789e-13
-1.237579104e-12
1.186258058e-12
8.258692402e-13
-1.32387439e-12
1.217142867e-12
-1.696768386e-12
9.932871547e-13
-1.739428996e-12
-3.278480971e-12
4.538103247e-12
-2.235272056e-12
3.7118851e-12
-2.158792834e-12
1.04335642e-12
-3.61057391e-12
2.252927862e-12
7.684778701e-12
1.462850452e-12
-3.136473441e-12
-3.503980409e-12
2.614762556e-12
7.282529914e-12
-5.407270017e-12
-4.550334748e-12
4.493760855e-12
4.526337901e-12
-1.005199651e-11
1.834505566e-17
-3.295617001e-18
-1.46164575e-20
9.886346796e-20
5.647692994e-20
-2.437010839e-20
3.525215001e-20
-8.33420226e-21
-2.543140074e-21
3.72431965e-13
-1.400620852e-13
6.848360906e-13
9.516529925e-13
-1.053929962e-12
-1.412530982e-12
1.072301444e-12
1.532806192e-12
-1.518154906e-12
1.790928096e-12
-1.868745173e-12
2.066735894e-12
2.331675852e-12
-2.385475682e-12
-7.922311612e-13
2.284791868e-12
-3.043000807e-12
6.200592683e-12
-3.551538355e-12
4.160021244e-12
-1.02681115e-11
1.317494175e-11
2.637674513e-12
-7.15787689e-12
7.967469457e-20
8.226839927e-20
-3.090803079e-20
-1.790581053e-20
1.41750212e-20
1.028776722e-20
-2.800404295e-21
-3.441706491e-21
-5.72122239e-13
1.133428639e-12
1.014488229e-12
-1.304758894e-12
2.287242899e-12
-4.282951795e-12
3.955132794e-12
-2.056527175e-12
3.377122992e-12
8.361985454e-12
-5.741106849e-12
-4.804375062e-12
-7.595713994e-12
-1.477028302e-06
0.0001314300432
0.000177507921
8.825362729e-12
-6.61931553e-12
-3.881121414e-14
-7.704109058e-12
-0.0002259880252
0.0003125287804
0.000170632635
4.274421735e-12
-2.436190438e-12
-1.099851155e-14
-8.930533154e-13
-0.0003911317886
0.0004635971904
0.0001320739751
5.93702662e-13
1.075526489e-12
-1.179779344e-15
2.2053145e-13
-0.0005349654159
0.0006037989951
0.000107578409
-2.710888425e-12
4.279476461e-12
-6.617389211e-17
3.435727152e-13
-0.0006700645788
0.0007345858851
8.719476993e-05
-5.938376348e-12
7.725449983e-12
-3.616983059e-13
1.858325702e-13
-0.000797610899
0.0008602613668
6.851329383e-05
-9.588539001e-12
1.147345361e-11
-6.274829154e-13
-1.157018945e-13
-0.000929753025
0.001011153918
4.042542972e-05
-1.341217066e-11
1.545527554e-11
-9.306244561e-13
3.559472604e-12
-0.001111098658
0.001227717969
1.621596965e-05
-1.818276217e-11
2.495466159e-11
-1.338644125e-12
-1.605742801e-10
-4.936388024e-11
-3.609183303e-11
1.721472131e-11
-0.001247097523
0.00137195421
-2.766098004e-11
-1.52924019e-12
-0.0003353441574
2.83515546e-05
2.482854257e-07
8.317723468e-08
-1.686450588e-05
3.01929722e-07
0.0001081616272
8.167560369e-06
-0.0002140413553
-0.003102470566
0.003802417531
0.0002785655008
-0.001368105884
-0.002481236787
0.00600741123
-0.001237285786
0.002224335251
-0.004718835774
0.001715375453
3.127503112e-11
-1.327114751e-05
-0.0001805662891
0.008162498643
-0.0006415495931
-0.0007127740679
-0.000512620182
-1.003162009e-09
0.0001937733678
-0.0004107736348
0.0004744115669
0.0001026757463
-7.532714919e-05
0.0001365953774
-0.0005347340592
0.0001869203151
-3.005420601e-06
-2.008071526e-05
1.198506396e-05
-1.5812532e-05
0.0008307291642
-0.0002760751026
0.0004496163176
0.0009841083644
-0.001325943204
-0.0001282199069
0.001754924855
-0.002048899537
-0.0002559285481
0.002128115498
-0.002178815298
-0.0006142818174
0.002318266638
-0.002496905468
-0.001307753639
0.002759317347
-0.002025732554
-0.0005232591697
0.00112224263
-0.0004994884661
-0.0002067410075
0.0002876473563
-0.0002077327732
-9.561092243e-05
0.0001708047819
-0.0001416537373
-9.827798739e-05
0.0001114635039
-7.4704953e-05
-0.0001162801905
0.0002603057949
-0.001768353605
0.0001325573417
0.002598794428
-0.00245858391
0.002082040027
4.528615046e-05
-8.432219278e-05
0.0001329450582
-2.665574161e-11
-0.0008455620899
-2.932696541e-05
0.001191858604
1.522258404e-14
3.443109645e-15
3.538838631e-16
1.291035547e-17
3.95643032e-13
6.827326541e-13
1.010579194e-12
1.450052646e-12
2.268633293e-12
-1.079669617e-12
1.80301308e-12
-2.661538019e-12
7.362447953e-12
7.477764487e-12
-9.419762115e-12
-4.080083259e-12
-9.868587596e-12
1.131629951e-11
-2.358054661e-11
2.714825968e-11
-1.073196963e-11
1.042677665e-11
-5.600224958e-12
-5.540497564e-12
4.324687123e-11
-3.573748447e-11
1.486326299e-11
-1.567424547e-12
-1.156267199e-11
-1.532858635e-16
5.756026124e-17
-1.546332676e-17
-1.514732593e-17
3.425567465e-18
-8.793960044e-13
-4.614694067e-13
7.603997611e-13
-1.286093396e-12
-1.141051093e-12
-2.012566784e-11
3.803586028e-11
1.883984138e-11
-2.930688858e-11
-2.498903144e-11
4.880634673e-11
-8.164986146e-12
-1.578940126e-11
8.964532736e-12
2.650618975e-11
-1.396214962e-11
-2.384250253e-11
4.357093938e-12
-7.328998059e-13
1.834579024e-12
-3.008890891e-12
2.813443247e-12
-2.094797737e-12
5.751596069e-12
9.806851926e-12
-7.382118014e-12
3.277511903e-12
-6.022811873e-12
9.815555167e-12
3.788402576e-12
-3.998148621e-11
5.409327231e-11
-1.166505904e-11
2.803146777e-12
-2.756902757e-11
1.046418806e-11
-1.629063806e-11
1.34096047e-10
3.576007453e-11
-5.090209997e-11
-1.079214436e-10
-1.181728095e-10
3.779043592e-10
3.073522406e-10
-3.588833543e-10
-8.196923019e-11
-1.150855335e-10
1.071353385e-10
2.875126783e-10
-1.970279546e-10
3.14030411e-10
-8.395297046e-11
-4.196213782e-10
4.815169578e-10
9.014741029e-11
-9.483354793e-11
1.449056575e-10
-3.218067148e-10
-1.547553855e-10
1.56651102e-09
-1.46600153e-09
8.928944738e-11
-4.959012427e-12
-3.055637213e-13
4.988543574e-13
4.383883909e-13
-1.785142287e-13
-8.253100064e-14
-2.082909765e-13
5.044063864e-13
9.816591775e-14
-6.122004105e-14
6.481996486e-14
-1.981239019e-14
-7.445286232e-15
1.175747786e-14
4.391237335e-15
-2.69775406e-16
5.40950614e-15
-2.137632963e-15
-3.124938435e-16
5.519193551e-13
-4.170166989e-13
-2.878527684e-16
2.001546634e-13
2.987873954e-12
5.349446487e-12
-4.569406124e-12
-3.112052878e-12
-6.376669032e-12
2.023686031e-12
-1.164665886e-11
7.718662867e-12
-1.910050712e-11
-3.862354263e-11
-1.201683947e-10
3.174326828e-11
3.633118633e-11
1.129517634e-10
-4.697039571e-11
8.058198654e-11
-5.262453531e-11
6.305007386e-12
-1.607094627e-10
-9.807378091e-11
1.032294162e-10
1.436042887e-10
-1.148654595e-10
8.649332187e-11
-5.959507262e-11
-9.937926917e-11
1.17834042e-09
-1.069456852e-09
-3.794330726e-13
1.488365504e-10
1.527017786e-14
3.365375038e-14
-1.245499263e-15
-1.447440232e-14
2.450407014e-14
1.712387083e-14
-3.23610384e-15
-7.824377514e-15
4.011294894e-16
4.178109101e-16
-2.432473993e-17
-2.108714381e-17
-4.360223356e-13
9.777092744e-13
6.463923635e-13
4.232120977e-13
-6.955176375e-13
-5.390135673e-13
7.63579999e-13
-3.78619056e-13
3.67806954e-20
3.153184443e-20
-1.337839155e-20
-1.860116034e-20
8.229443868e-21
5.237611801e-21
-1.800993613e-21
-4.248413751e-21
1.236433599e-21
5.02107794e-22
-9.157940584e-23
-6.463017474e-22
-5.135593614e-24
4.206949683e-24
3.318834303e-24
5.774909624e-25
4.945139646e-25
-2.504470996e-24
-1.015764195e-12
-2.244920533e-13
-2.020186057e-13
4.994970253e-13
-1.162469466e-12
1.549043894e-12
-8.634712873e-13
1.28145342e-12
-1.703954228e-12
1.960366833e-12
-1.748285474e-12
2.260953003e-12
-2.096847685e-12
2.325882951e-12
-2.815052627e-12
3.356841135e-12
-2.391677018e-12
8.000972911e-21
1.035511916e-20
-4.495703191e-21
-2.904785088e-21
1.864754095e-21
1.793396469e-21
-6.272896378e-22
-6.906520909e-22
2.878199004e-22
1.775039075e-22
-3.275151876e-23
-1.084265935e-22
1.018068543e-24
1.704591048e-25
1.609658123e-25
-3.413533326e-25
1.37979434e-12
-4.725486635e-13
1.093967148e-12
-1.709542358e-12
1.917214709e-12
-1.796481247e-12
2.557371126e-12
-2.206394689e-12
2.275378531e-12
-3.366434473e-12
4.223317821e-12
-2.494094595e-12
2.561925021e-12
-5.132738948e-12
6.1314306e-12
-2.744026625e-12
2.829442793e-12
-7.156827182e-12
8.478806596e-12
-3.127105441e-12
8.686268624e-22
1.785694078e-21
-7.906244933e-22
-1.756621758e-22
2.102970219e-22
3.207213117e-22
-1.140569918e-22
-4.308515873e-23
3.357127345e-23
3.282925654e-23
-6.155146606e-24
-6.961083726e-24
9.172109405e-26
2.397816444e-26
2.603789828e-26
-1.579632873e-26
2.227616494e-12
-1.605360688e-12
3.217152882e-12
-3.109865259e-12
2.583785954e-12
-4.767654476e-12
6.260831722e-12
-3.048962321e-12
2.730171299e-12
-7.717727121e-12
9.15296055e-12
-2.902277037e-12
2.91022411e-12
-1.060049362e-11
1.221580721e-11
-3.012932357e-12
3.123764981e-12
-1.39280631e-11
1.560404601e-11
-3.085049826e-12
1.327927946e-24
1.927929698e-23
-7.58964258e-24
3.608689011e-24
2.666359879e-25
2.68198681e-24
-8.132857956e-25
6.751651821e-25
3.218942409e-26
1.938454699e-25
-2.873144492e-26
7.81172106e-26
9.163190514e-31
1.315445858e-30
1.90885513e-30
2.250821099e-30
4.765066193e-12
-5.112061689e-11
6.837208033e-11
-9.107283205e-12
3.373458543e-12
-8.619364337e-11
1.047261165e-10
-5.285441492e-12
2.571460578e-12
-1.243371614e-10
1.45050095e-10
-2.532897972e-12
3.199230068e-12
-1.653060053e-10
1.726285445e-10
1.210048562e-11
8.833243434e-12
1.535075843e-10
-1.951386212e-10
5.200103205e-11
-8.834907324e-12
0.0001432332838
-5.834339599e-14
9.762346151e-05
-6.757908489e-15
-1.094044365e-11
0.0001835528783
-2.630721243e-14
0.0002862047353
0.0004262301058
-3.580967231e-15
-1.22868711e-15
-3.002374885e-12
0.0001471354634
-3.665653759e-15
0.0006354962308
0.0007740200805
-3.324042483e-16
-5.932943836e-17
-1.095424504e-13
0.0001184243375
-2.351288941e-16
0.0008327147651
0.0008503211736
-2.85137555e-20
1.656552393e-17
2.864024311e-13
9.785285985e-05
-2.031305025e-13
0.0008480484745
0.0008237316398
1.030939178e-17
5.252730494e-14
3.127595092e-13
7.787537113e-05
-4.955837427e-13
0.0007973383388
0.0007764238698
1.385801463e-13
2.585403535e-13
3.998957485e-14
5.467982614e-05
-7.704239512e-13
0.0007574320315
0.0007745146384
4.169107688e-13
6.195904435e-13
2.225586249e-13
2.002417725e-05
-1.11253925e-12
0.0008455761716
0.0009255186288
8.733235394e-13
1.185565586e-12
-9.819620521e-13
0.0001279981047
-1.533419779e-12
0.0008880905666
0.001015030651
1.571786042e-12
2.019901344e-12
0.002369314559
0.002633765062
-1.164822443e-05
0.0004014137411
0.0004488681233
0.0023840871
1.762333921e-09
1.47753496e-09
9.340366439e-05
0.0001213773934
-0.0007965860874
-1.614258778e-09
6.422654856e-10
-1.178118243e-10
-0.0002918642318
0.0002185078576
-3.398090187e-06
9.556887671e-07
-2.104732451e-10
9.092478759e-07
-3.066241329e-10
-4.994084403e-06
-1.847428901e-10
-2.033253911e-10
-1.083788923e-10
-1.935834785e-10
-1.445733767e-10
2.445378217e-06
-1.456435297e-10
-1.743922595e-10
-6.258766958e-11
0.0004173980227
-0.001686929545
7.846629568e-05
-8.372242646e-11
-0.0008431925014
2.846778324e-05
2.104312658e-05
-1.466649695e-10
-1.219019899e-10
-6.2411562e-11
-8.177083903e-11
-4.318495945e-11
-9.03572955e-05
-0.0003514433563
-0.004983791916
-0.0003235226364
-0.00035132507
-0.0002514054913
-0.0001788261804
-0.005234059659
-0.001190442917
-0.005779775893
-0.001276132379
-0.0005622073271
-0.0008926300269
-0.001007338067
-0.0003865957414
-0.006656922629
-0.003736955699
-0.007819932772
-0.004160719543
-0.001321334242
-0.001809493154
-0.003322093981
-0.0009792044042
-0.008930172854
-0.00984375446
-0.008727070347
-0.0109919
-0.002190605469
-0.001942644065
-0.008761538769
-0.0005799219953
-0.004866287429
-5.617786087e-06
-0.005739716587
-5.742202519e-08
-6.302486651e-09
-2.127883413e-10
-4.277590033e-08
-0.0003972270009
-0.005584622654
-2.686732308e-05
-0.004978508058
-1.850434959e-09
-3.30311819e-10
-3.165304936e-10
-1.44404314e-09
-6.922836439e-05
-0.004328760068
-4.696442504e-05
-0.003956794766
-8.747332289e-11
-4.92529097e-11
-1.048724374e-11
-5.009655512e-11
-9.081514001e-05
-0.003987246327
-9.57587216e-05
-0.004209185327
-1.068728329e-11
-9.566546524e-12
-1.008010121e-11
-1.307422108e-12
-0.0001076485055
-0.00444645404
-0.0001680134489
-0.004589543584
-1.476707249e-11
-1.159674108e-11
-1.401727551e-11
-1.022833278e-12
-3.106901521e-05
-0.004591524963
-0.0001669868368
-0.004421784284
-2.414426098e-11
-1.704805181e-11
-1.994521811e-11
-3.165574414e-12
0.0008700068125
-0.003984001432
-3.082056835e-05
-0.002553861628
-3.240739822e-11
-2.113859211e-11
-2.070551454e-11
-7.461538814e-12
9.290514332e-05
-0.0002780360202
-5.472095561e-11
2.1371546e-11
-2.615189909e-13
-1.9010591e-11
-1.077998938e-11
-1.855329171e-11
-1.406677092e-11
-2.067325466e-11
-8.269531473e-11
-3.635785555e-11
-2.931948534e-12
-8.455954034e-13
1.196086146e-11
-3.538686141e-11
-2.044588435e-11
-9.660580024e-12
-6.51941611e-11
-2.043303193e-10
-3.2846e-11
-5.906035603e-11
-1.539588421e-10
-2.293934743e-10
-6.715343912e-11
-5.608386707e-11
-2.116333608e-10
-6.164398101e-11
-8.514644464e-11
-4.92010077e-11
-1.081201171e-10
-4.015049555e-11
-3.370406465e-11
-7.880013182e-11
4.646066026e-11
5.093815874e-11
-2.505079246e-11
-2.43289489e-11
-2.707395295e-11
-3.690971313e-11
3.677252444e-11
-1.19576131e-11
-3.595708734e-11
2.528244051e-11
-0.002080290364
-0.0009115430924
-0.001012284815
-0.005509212235
-0.001109892206
-0.0009912661606
-0.002717141024
-2.410715704e-08
5.067342039e-09
-1.488503413e-10
-9.170097556e-09
-1.262821978e-09
-1.416709554e-10
-1.27395288e-10
-1.10978752e-09
-3.87065082e-11
-1.771156788e-11
-1.394040362e-12
-2.895013521e-11
-8.607521715e-13
-5.595455315e-13
-2.347256742e-13
-6.37322134e-13
-2.989146808e-13
-1.393911134e-13
-1.608578254e-13
-1.112423647e-13
-1.018260849e-12
-2.973677091e-13
-6.723529623e-13
-1.635139374e-13
-5.072564799e-12
-4.089212795e-13
-1.394857009e-12
-2.095281485e-12
-3.318994306e-12
-9.168971033e-12
1.496316752e-12
-1.269828555e-12
5.007543995e-12
-7.319009873e-12
-5.298696812e-12
-1.470903391e-11
-3.742528493e-12
3.866441347e-12
-7.676106283e-12
-1.182895436e-11
1.139873997e-12
-7.73634029e-12
5.408846688e-12
1.982291398e-11
7.721258724e-12
-1.922326274e-11
-3.778357409e-11
-3.298664037e-12
-1.826059992e-11
-3.384112931e-11
1.459887801e-11
-3.818628692e-11
-1.214379798e-10
-6.862352422e-11
-2.921695991e-11
-3.657411168e-11
-6.739368637e-11
-2.028493412e-10
9.353049003e-11
-3.385423061e-11
-4.737826989e-11
-1.808609137e-10
-1.060124225e-10
-1.15822382e-10
-3.815068882e-11
-3.205512611e-11
-8.171756445e-11
-2.90117279e-11
-2.148844207e-11
-8.054907908e-11
-8.43533127e-12
-2.353763961e-11
-1.097128803e-11
-8.352010479e-12
4.63062958e-12
-4.074998026e-12
-7.20422568e-12
9.604428731e-12
4.549637637e-12
1.235987914e-11
-3.287185606e-12
-4.512839469e-12
-6.832147425e-12
-8.753694242e-12
-1.278223348e-11
-8.390755521e-12
0.0004337670626
-0.0002838865198
-2.962500321e-10
-0.0011764334
-0.0003428233455
-0.0003121321495
-4.036864959e-10
8.292483532e-10
3.684771319e-09
-1.317219752e-10
-3.230257552e-10
-1.814095993e-10
9.86740768e-10
-1.670294594e-10
-8.051267242e-10
-2.072173492e-11
-1.698706425e-11
-1.412595697e-12
-9.359199357e-12
-5.540433266e-13
4.72178015e-13
-1.934059684e-13
-2.304772265e-13
7.240186189e-14
5.71669261e-14
-1.269009412e-14
-3.738120426e-14
-1.162240617e-15
-4.092737027e-15
4.882164064e-16
-1.992978225e-15
-4.090098062e-13
-1.821892286e-12
2.319777878e-13
9.723363775e-13
-1.360193599e-12
-4.516824456e-12
2.026617531e-12
2.102206439e-12
-2.50296137e-12
-3.085169031e-12
-4.006373998e-12
-3.484202167e-17
-1.229684494e-17
-3.314779663e-18
-3.732362775e-22
4.397933645e-22
-3.775731926e-13
1.687621791e-12
2.25416622e-12
2.978209981e-12
-6.380985445e-19
-4.205820224e-13
-3.658620364e-12
-3.315624405e-12
-4.089567625e-12
-4.866871539e-12
2.283636673e-12
1.148626637e-11
-8.673863836e-12
-2.156154427e-11
-1.585795443e-11
4.536276719e-11
-1.868452533e-11
-3.111738463e-11
-2.756220093e-11
-8.267782503e-11
-4.221170197e-11
-3.019858284e-11
-5.808317558e-11
-1.435983949e-10
1.652179713e-10
-3.688747089e-11
-1.189969113e-10
-9.352869189e-11
-3.652744862e-11
4.667958739e-11
-5.62310738e-12
4.892843109e-12
1.72445612e-12
-5.198488717e-12
-2.058591574e-12
-5.157688246e-12
-2.493427747e-12
-9.376253847e-11
-5.342299478e-11
8.611720672e-11
-1.061615106e-10
-1.250600008e-10
1.510106482e-10
-7.065397663e-11
-1.334249342e-10
2.774135341e-10
-2.059607601e-10
-1.429068762e-10
-2.372545933e-10
1.286796809e-10
-1.447630063e-10
5.756694429e-10
-4.522061633e-10
-1.308505709e-09
1.492569611e-10
-5.627796375e-12
-1.700379068e-12
-6.483003461e-14
1.534804561e-13
-3.911953344e-14
-7.690028733e-14
1.423914804e-13
-7.325146653e-15
-2.395492018e-14
2.353797233e-14
-6.69029901e-15
-1.021497476e-16
1.808015694e-15
1.354815631e-16
3.62684279e-16
-6.005594958e-17
-2.885398725e-13
-3.98966713e-16
3.523125822e-13
-2.509712592e-13
2.643354157e-13
-2.078012913e-12
-1.935948546e-12
5.498590868e-12
-2.898814144e-12
-1.0673237e-12
-3.943441947e-13
2.002013129e-12
-1.072085923e-12
-5.733169286e-13
-1.377775865e-12
-1.253209319e-12
-9.567537219e-11
-6.55263227e-11
-7.168374303e-10
-5.7084948e-12
-1.554956609e-12
-1.247479151e-15
-6.769818927e-13
-5.197900989e-13
-1.365539135e-18
-6.53617329e-19
-5.164449879e-19
-1.808804403e-19
-1.402391781e-19
-2.684301817e-23
-2.211834098e-21
1.985758396e-23
-4.806436431e-13
2.662712956e-12
-1.941821963e-12
3.243153748e-12
2.677540586e-12
-1.899340425e-12
-3.620810916e-19
-2.033505596e-19
-7.367850615e-20
-1.301852619e-21
-5.035699708e-22
-3.281630596e-22
-5.308576917e-13
-6.450035145e-13
-1.598177805e-12
1.53893763e-12
2.138128444e-12
-1.764537237e-12
-2.020019897e-12
2.807114437e-12
3.533065792e-12
-2.139023761e-12
1.330120158e-12
-2.63165013e-12
3.999661083e-12
-4.867010232e-12
7.546280663e-12
1.63141351e-12
-2.958011194e-12
6.565735617e-12
-3.052972063e-12
-1.162002834e-11
-4.862912731e-12
-1.112415916e-11
-7.048557297e-12
-4.282959182e-12
2.017022387e-11
-4.812400138e-12
-1.781025149e-11
-1.317245199e-11
-3.434058754e-11
-2.797371882e-11
-4.868852301e-12
6.509059274e-11
2.360128472e-11
-8.713137846e-11
-5.654656767e-11
6.201081459e-11
1.135850273e-12
-7.574006684e-12
-4.933160959e-11
-1.415245884e-11
-7.73900409e-12
-4.88109681e-11
-1.599492776e-12
-1.742675782e-11
-1.464869615e-12
-5.387302814e-12
1.92904472e-11
4.712197711e-13
-2.972127302e-11
2.335921731e-11
-1.53280488e-11
-3.045378608e-11
-7.658029688e-11
6.887051539e-11
-3.399523739e-11
-4.143583389e-11
-3.976653844e-11
-2.800685807e-11
-4.780450022e-11
-5.933507678e-11
9.252223523e-11
-6.5817083e-11
2.71384509e-10
-1.427747973e-10
-1.608796671e-10
1.160776324e-10
-1.363058715e-10
-7.588215827e-11
-9.416597057e-11
3.376844231e-10
-2.496163826e-14
-2.797282486e-14
2.98128298e-13
-1.965973335e-15
-1.209123554e-14
2.470459111e-16
4.924745785e-18
-8.363398723e-16
-3.123430722e-16
5.855249731e-16
3.656905444e-17
2.423928567e-18
-2.480938467e-16
-1.801506466e-15
5.564969512e-15
-9.51808982e-17
-9.012844731e-17
1.268493186e-15
-1.926130665e-17
-5.946354609e-20
8.227564872e-20
2.126682584e-19
-1.105118409e-20
-2.965452769e-13
-2.773786237e-17
2.633787509e-13
2.850546222e-13
5.224305996e-13
2.777137761e-13
-3.385757868e-13
2.587589403e-12
-1.451008963e-13
1.114629326e-12
-9.940327479e-13
1.84338654e-12
-4.194196347e-11
-1.453783915e-10
-3.541134558e-13
-3.676041574e-20
-1.974652341e-20
-1.558925731e-20
-9.158603996e-21
-8.478809242e-21
-3.351076341e-21
-3.984831074e-21
-1.789082039e-21
-1.162400923e-21
-3.263463399e-22
-7.913026675e-22
-1.722129057e-22
-5.981733327e-23
-3.463076566e-25
-7.709354693e-23
-7.581373594e-13
3.104441734e-25
3.021654436e-13
-9.353077553e-13
-1.461143804e-12
7.266578379e-13
1.229887011e-12
-1.684305637e-12
-1.912369429e-12
1.792699922e-12
2.409123511e-12
-2.110473474e-12
-2.26032339e-12
3.075244366e-12
3.796492733e-12
-2.424452076e-12
-2.312148988e-12
4.593521195e-12
5.81389471e-12
-2.782805722e-12
-5.582007882e-21
-4.596977325e-21
-1.650008676e-21
-1.462429792e-21
-2.017715607e-21
-8.122591843e-22
-4.414967615e-22
-2.956558505e-22
-2.865892177e-22
-8.179607475e-23
-9.079924354e-23
-2.921083605e-23
-1.521753367e-23
-6.94233474e-26
-9.100030245e-24
-1.226464112e-12
6.972531716e-26
8.005537927e-13
-1.746021984e-12
-2.001615602e-12
1.751365369e-12
2.758338119e-12
-2.454851088e-12
-2.364177315e-12
3.796840784e-12
4.863641317e-12
-2.6690326e-12
-2.611150546e-12
5.959107822e-12
7.097013235e-12
-2.790581641e-12
-2.903576561e-12
8.33293372e-12
9.664678219e-12
-3.050895776e-12
-2.921782418e-12
1.089592826e-11
1.223931597e-11
-3.060193344e-12
-3.309961195e-22
-5.387556997e-22
-2.646177228e-24
-8.989722328e-23
-2.396662384e-22
-9.757885258e-23
-6.215552897e-25
-1.871843275e-23
-3.482617014e-23
-1.006006346e-23
-1.015919422e-25
-1.895016848e-24
-1.892384524e-24
-6.011136578e-27
-7.117628847e-27
-2.84563774e-12
7.308568269e-27
4.499192635e-12
-6.114569377e-12
-3.113055302e-12
7.744400862e-12
1.041158782e-11
-3.968639062e-12
-2.976096325e-12
1.270910729e-11
1.476991716e-11
-2.932654142e-12
-2.861993731e-12
1.665354324e-11
1.847662832e-11
-2.363579536e-12
-3.113724729e-12
2.121143147e-11
2.278928703e-11
-2.054500771e-12
-3.037915725e-12
3.199371997e-11
2.404251606e-11
7.39276389e-12
-5.697580978e-11
-2.031153679e-11
7.548306818e-24
3.873731332e-12
-1.255631014e-11
1.62559659e-24
-1.593038163e-11
8.125915923e-12
-2.113817219e-11
2.50568409e-25
-2.982956938e-11
2.339723049e-11
-4.601828873e-11
1.73547035e-26
-8.185012901e-11
-1.899662496e-10
-4.579846838e-11
-9.477745958e-10
-5.704636283e-17
-3.010571113e-10
-7.082734447e-12
-1.760722231e-10
-9.101009757e-11
-3.88986101e-12
-3.908511832e-11
-1.137518116e-11
-2.264960733e-22
-3.210721747e-22
-2.2171432e-21
3.799787276e-21
-4.189718518e-13
1.206629273e-11
1.153883933e-11
1.206002998e-12
-8.209455747e-13
)
;

boundaryField
{
    walls
    {
        type            calculated;
        value           nonuniform List<scalar> 0();
    }
    wallFilmFace_top
    {
        type            calculated;
        value           nonuniform List<scalar> 0();
    }
    region0_to_wallFilmRegion_wallFilmFace
    {
        type            calculated;
        value           nonuniform List<scalar> 0();
    }
    mirrorFace_top
    {
        type            calculated;
        value           uniform 0;
    }
    region0_to_wallFilmRegion_mirrorFace
    {
        type            calculated;
        value           uniform 0;
    }
    procBoundary3to2
    {
        type            processor;
        value           nonuniform List<scalar> 
64
(
0.0005178777114
0.0002150291578
-0.0002849642241
-0.001183710053
0.0002951854195
9.817626607e-17
1.65564392e-17
4.527672684e-19
3.70989082e-11
0.0002986486256
-8.369837757e-05
0.0006558818603
-7.891060547e-05
0.001406489491
8.145089816e-05
4.500720149e-05
-0.0006650588403
-0.001291423312
-0.0007828547431
-0.000247533431
-6.523866712e-05
-3.284896648e-05
-2.209191764e-09
3.218742621e-07
2.466214845e-07
1.047001821e-06
2.166134606e-06
1.253514583e-05
4.9215011e-05
-4.897759406e-06
1.530509686e-14
3.167431125e-15
-1.912057269e-14
1.365004219e-15
1.153573678e-15
9.202997796e-05
6.967416329e-12
-0.0001110039519
0.000856291295
4.509190089e-14
2.452155425e-10
4.848381004e-19
7.142428189e-20
2.27969111e-20
3.831346127e-21
4.523131462e-23
5.419186078e-05
1.331063127e-14
0.004947770466
0.000250333291
-0.0001564684231
-0.0006115191052
0.000666211112
0.0002114753292
9.220448032e-17
1.007045291e-10
7.991082154e-11
3.465330633e-18
6.280485877e-11
2.647395394e-11
4.410083203e-20
9.97810299e-21
1.146675934e-21
1.024200491e-11
)
;
    }
}


// ************************************************************************* //
