/*--------------------------------*- C++ -*----------------------------------*\
  =========                 |
  \\      /  F ield         | OpenFOAM: The Open Source CFD Toolbox
   \\    /   O peration     | Website:  https://openfoam.org
    \\  /    A nd           | Version:  8
     \\/     M anipulation  |
\*---------------------------------------------------------------------------*/
FoamFile
{
    version     2.0;
    format      ascii;
    class       volVectorField;
    location    "0.7/wallFilmRegion";
    object      U;
}
// * * * * * * * * * * * * * * * * * * * * * * * * * * * * * * * * * * * * * //

dimensions      [0 1 -1 0 0 0 0];

internalField   nonuniform List<vector> 
1369
(
(-0.1202258734 -0.1479304333 0)
(-0.4829651944 0.1584976709 0)
(-0.9871487175 -0.1114307393 0)
(-1.000141766 -0.5623627413 0)
(-0.9655068991 -0.6358508666 0)
(-0.9390489839 -0.6172629241 0)
(-0.9196975058 -0.5910409679 0)
(-0.9120242013 -0.5631323058 0)
(-0.9148669325 -0.5358545173 0)
(-0.915053989 -0.5133197433 0)
(-0.923399376 -0.5011224156 0)
(-0.9439719951 -0.5016700684 0)
(-0.9778246662 -0.5060623319 0)
(-1.027359912 -0.4991459666 0)
(-1.090553271 -0.4785094425 0)
(-1.148513269 -0.4557769271 0)
(-1.168528441 -0.4362051997 0)
(-1.114487473 -0.4181838811 0)
(-0.9753878239 -0.4088655451 0)
(-0.822383478 -0.4167202552 0)
(-0.7690040719 -0.40728366 0)
(-0.8074941105 -0.4466336896 0)
(-0.9267685566 -0.4208513484 0)
(-1.19065867 -0.3490377239 0)
(-1.489370258 -0.2449722699 0)
(-1.643878936 -0.1496652703 0)
(-0.5588669633 -0.0540808292 0)
(-0.6023532728 0.05275591124 0)
(-0.6799217825 0.1226584334 0)
(-0.7972018857 0.1363762355 0)
(-0.8785608032 0.1844005272 0)
(-1.023752437 0.1858964262 0)
(-1.295572508 0.08179882703 0)
(-1.466051301 -0.09581523243 0)
(-1.221185616 -0.06589991843 0)
(-1.586112704 0.121480662 0)
(-1.595036781 0.1872299366 0)
(-1.496369955 0.2505173841 0)
(-1.372714758 0.2994851131 0)
(-1.29508533 0.3448803624 0)
(-1.22893008 0.3769482876 0)
(-1.185093169 0.3991088762 0)
(-1.151105367 0.3776218938 0)
(-1.15178538 0.391747745 0)
(-1.18602165 0.4071479933 0)
(-1.30045805 0.4378032173 0)
(-1.413831556 0.493125201 0)
(-1.464610224 0.5506437837 0)
(-1.46468228 0.5967924347 0)
(-1.43529876 0.6330926785 0)
(-1.388944792 0.6603711929 0)
(-1.334200394 0.679519811 0)
(-1.27868947 0.6926938032 0)
(-1.228651899 0.7022238118 0)
(-1.188554511 0.7087281546 0)
(-1.159853088 0.7078078071 0)
(-1.137148168 0.6347677411 0)
(-1.035834069 0.1855236347 0)
(-0.567544312 -0.1588632286 0)
(-0.2608536129 0.12652115 0)
(0.08146329545 -0.279812655 0)
(0.5776803016 0.2951897378 0)
(1.010695603 -0.2114501886 0)
(0.1086193827 -0.6767836756 0)
(-0.5267635473 -0.8859769868 0)
(-0.4442000769 -0.7962756983 0)
(-0.3995191764 -0.695762847 0)
(-0.3299147423 -0.5975014705 0)
(-0.3482860204 -0.5653756508 0)
(-0.6318623157 -0.5801409169 0)
(-0.776017211 -0.6465555726 0)
(-0.8573714988 -0.7600786961 0)
(-0.8856551371 -0.9096063383 0)
(-0.8664986684 -1.037254131 0)
(-0.7738888148 -0.9837080482 0)
(-0.6951325722 -0.8260038091 0)
(-0.6307593822 -0.6961189852 0)
(-0.4772390975 -0.5706170591 0)
(-0.07708678462 -0.3951353058 0)
(0.6925579274 -0.1211539031 0)
(-0.7865082587 -0.05519989452 0)
(-1.104187621 -0.6836775022 0)
(-1.180346147 -0.5924888659 0)
(-1.20694038 -0.4200014408 0)
(-1.061721561 -0.2552005031 0)
(-0.7819982373 -0.1210089987 0)
(-0.1726349099 0.1358274229 0)
(-0.5247214131 -0.08564253815 0)
(-0.1817952453 0.08555619984 0)
(0.8053468739 0.1833263295 0)
(0.8965129806 0.1016340625 0)
(1.0425034 0.07821374086 0)
(-0.3876672773 0.3621730797 0)
(-0.6686087985 0.3433780586 0)
(-0.4938203938 -0.1281852063 0)
(-0.5264759677 0.2201844515 0)
(-0.4217223123 0.4360853818 0)
(-0.08821839178 0.2762352446 0)
(-0.1852797224 0.01093351559 0)
(1.297466235 0.258239055 0)
(1.234322858 0.3661837312 0)
(1.191014171 0.402945927 0)
(-1.217195659 -0.1854007725 0)
(-1.057904742 -0.2345454726 0)
(-0.402275716 -0.2418814504 0)
(-1.126896347 0.5574131604 0)
(-1.216679691 0.7013358228 0)
(-1.240004237 0.7989416355 0)
(-1.236503484 0.8768161114 0)
(-1.202486404 0.9595916916 0)
(-1.144859801 1.050647068 0)
(-1.068119442 1.144248612 0)
(-0.9774585961 1.23103372 0)
(-0.8851353004 1.30056899 0)
(-0.8107755825 1.343907066 0)
(-0.7645963373 1.35574257 0)
(-0.7637506698 1.316922319 0)
(0.7472838361 -0.2723978919 0)
(0.6480329386 -0.5798997683 0)
(0.2940195218 0.5451869389 0)
(0.08593028314 -0.4566412206 0)
(0.4060544772 0.5159148612 0)
(0.2653811547 0.3939044295 0)
(0.1591110237 0.3422868746 0)
(-1.013370289 -0.9480074148 0)
(-1.038331086 -0.8753031782 0)
(-1.026134643 -0.7375848635 0)
(-0.9717692893 -0.5840800646 0)
(-0.9124107938 -0.5849808222 0)
(-0.9284573871 -0.5984186886 0)
(-0.9989895845 -0.6613046575 0)
(-1.064458896 -0.7872800504 0)
(-1.088652859 -0.9614990273 0)
(-1.054675625 -1.072890923 0)
(-1.003491392 -1.02496592 0)
(-1.003231201 -0.9064492243 0)
(-1.029110218 -0.7949206767 0)
(-1.057329138 -0.6698021725 0)
(-1.071060886 -0.4567726142 0)
(-1.062743427 -0.0393925398 0)
(-1.213917076 -0.1414399155 0)
(-1.318512978 -0.7397498147 0)
(-1.260406597 -0.6123437015 0)
(-1.163716201 -0.4236510559 0)
(-0.9674777068 -0.2463260172 0)
(-0.6487713136 -0.1089283134 0)
(-0.02232143195 0.1330791795 0)
(-0.4646967187 -0.06062871062 0)
(-0.3964161338 0.2463776477 0)
(-0.09238501517 0.4269999254 0)
(-0.01529133836 0.3020614486 0)
(-0.364708518 0.3294749778 0)
(-0.6734231204 0.5268006141 0)
(-0.7841844948 0.5830952695 0)
(0.3850550979 0.1097029407 0)
(0.04274300645 0.09512962175 0)
(-0.719526417 0.4178551198 0)
(-0.4281844342 0.2636906389 0)
(-0.6108479356 -0.02771665003 0)
(-0.4803966112 -0.1029935254 0)
(-0.7854662008 -0.1605182763 0)
(-0.9526651822 -0.388715417 0)
(-1.656570332 -0.0394797868 0)
(-1.412841894 -0.1081818333 0)
(-1.289210127 -0.06614149048 0)
(-1.214090941 0.4964722959 0)
(-1.210054678 0.6798742514 0)
(-1.219697846 0.7898708776 0)
(-1.223132618 0.879507402 0)
(-1.213243161 0.9726405151 0)
(-1.192954075 1.073366472 0)
(-1.165009604 1.177527769 0)
(-1.130537026 1.274457974 0)
(-1.092529081 1.350104293 0)
(-1.05614299 1.394613667 0)
(-1.025798283 1.40519553 0)
(-1.005636127 1.243816146 0)
(0.4918933325 -0.5799334282 0)
(0.6611336667 -0.8499906009 0)
(-0.04601985842 0.8899724601 0)
(0.2049776968 -0.7853137215 0)
(0.2970447928 0.8116534826 0)
(-0.4518946587 -1.110469657 0)
(-0.9566275151 -1.118910939 0)
(-1.02700501 -1.09615822 0)
(-1.089716017 -1.047521443 0)
(-1.164210827 -0.9781510809 0)
(-1.232665789 -0.898640513 0)
(-1.275942048 -0.8276647368 0)
(-1.282592303 -0.7912216703 0)
(-1.244482078 -0.8170324045 0)
(-1.160680925 -0.9122994138 0)
(-1.041345254 -1.044454394 0)
(-0.9253695191 -1.136201376 0)
(-0.8741495004 -1.137315415 0)
(-0.8952167593 -1.072032398 0)
(-0.9479459321 -0.9914089876 0)
(-1.009682094 -0.907257241 0)
(-1.077961438 -0.8128302262 0)
(-1.146744858 -0.7218832775 0)
(-1.192325679 -0.7154491368 0)
(-1.203252913 -0.8102887128 0)
(-1.171618578 -0.633039663 0)
(-1.082090368 -0.4366627602 0)
(-0.8593613763 -0.2437549694 0)
(-0.4651183254 -0.09579165758 0)
(0.6637655289 0.03498396014 0)
(0.5115259383 0.09157071996 0)
(-0.1840734335 0.3122613744 0)
(-0.4432295156 0.4509786606 0)
(-0.5995693233 0.5681786216 0)
(-0.7218675005 0.6813562751 0)
(-0.824575736 0.7892889496 0)
(-0.8429301561 0.7867261776 0)
(0.09799230245 0.2048215874 0)
(0.3539790722 0.1539215759 0)
(0.4606749977 0.3131403029 0)
(-0.2541949335 0.2487477594 0)
(-0.562318874 -0.06375589933 0)
(-1.067441334 -0.352921837 0)
(-1.225515112 -0.3421061378 0)
(-1.420468458 -0.240197361 0)
(-1.758977534 0.1359599326 0)
(-1.504628078 0.04951354598 0)
(-1.405653908 0.1583679021 0)
(-1.15410613 0.4626642395 0)
(-1.101038451 0.6494313641 0)
(-1.107387341 0.7714916678 0)
(-1.111625656 0.8712019959 0)
(-1.106200234 0.9720701647 0)
(-1.093577488 1.07990251 0)
(-1.074937301 1.192593927 0)
(-1.049559603 1.297270204 0)
(-1.020008645 1.375309132 0)
(-0.9916390258 1.417243741 0)
(-0.9683451358 1.424654976 0)
(-0.951679358 1.40181393 0)
(-0.7488736375 1.335680761 0)
(-0.7795723595 1.184432848 0)
(-0.2521831666 1.261051955 0)
(-0.4064185479 -1.249157322 0)
(-0.9280105961 -1.023569463 0)
(-0.9463709772 -1.166144506 0)
(-0.970640551 -1.174246871 0)
(-1.007626474 -1.154954709 0)
(-1.05905348 -1.11499724 0)
(-1.123740945 -1.053093817 0)
(-1.185835155 -0.9765613144 0)
(-1.222084412 -0.9007489401 0)
(-1.210026952 -0.8506293115 0)
(-1.133537327 -0.8658891227 0)
(-1.006949942 -0.9695835612 0)
(-0.8750991894 -1.126564855 0)
(-0.7813010581 -1.268943464 0)
(-0.7603455709 -1.33856584 0)
(-0.808105781 -1.329557847 0)
(-0.8894080586 -1.275894548 0)
(-0.9753601458 -1.202418999 0)
(-1.051282113 -1.117224209 0)
(-1.102238626 -1.026436798 0)
(-1.122512967 -0.9445916928 0)
(-1.126608415 -0.8514141684 0)
(-1.107934399 -0.6685975295 0)
(-1.032664007 -0.4655787142 0)
(-0.7912616406 -0.2532237313 0)
(-0.3046865974 -0.09119863508 0)
(0.7838801726 0.03589924007 0)
(0.4907547171 0.06653773937 0)
(-0.1248627358 0.2713100313 0)
(-0.3443041066 0.4025169065 0)
(-0.5335709717 0.5572377917 0)
(-0.6999114958 0.7286551339 0)
(-0.8271648378 0.8900285153 0)
(-0.8297999018 0.9094895227 0)
(-0.5803380982 0.6362492086 0)
(0.10318404 0.3496128585 0)
(0.4874670738 0.2977163467 0)
(-0.06742856489 0.2605996322 0)
(-0.258702657 0.07919984786 0)
(-1.015000817 -0.3183155057 0)
(-1.224679245 -0.292565054 0)
(-1.399977125 -0.09520391679 0)
(-1.727291521 0.2757475659 0)
(-1.548284257 0.2076644915 0)
(-1.452848031 0.2997219321 0)
(-1.118117655 0.4621213131 0)
(-1.003647293 0.6151823889 0)
(-0.9961970631 0.7423498349 0)
(-0.996101552 0.8505746139 0)
(-0.9903929507 0.9548825732 0)
(-0.9823389401 1.063878987 0)
(-0.9717741038 1.17892446 0)
(-0.9558477956 1.281756386 0)
(-0.9370906076 1.349245469 0)
(-0.9205875392 1.379156737 0)
(-0.9086472441 1.381729226 0)
(-0.9011293501 1.362857307 0)
(-0.8962608044 1.318916224 0)
(-0.8922215219 1.194740274 0)
(-0.5755569227 1.251136988 0)
(-0.6203451662 -1.243405369 0)
(-0.9391218954 -1.137389269 0)
(-0.9277236685 -1.214116797 0)
(-0.9573046998 -1.213754827 0)
(-0.9854819747 -1.194149156 0)
(-1.021465638 -1.157634975 0)
(-1.071283452 -1.098870993 0)
(-1.12202637 -1.022485439 0)
(-1.146979863 -0.9449460979 0)
(-1.11773343 -0.8947135242 0)
(-1.016149056 -0.9215596912 0)
(-0.8733012065 -1.054828806 0)
(-0.7515046907 -1.24901275 0)
(-0.6786795841 -1.439211809 0)
(-0.6942290459 -1.559182785 0)
(-0.7401442149 -1.621646265 0)
(-0.835392288 -1.606974552 0)
(-0.9309438163 -1.540201485 0)
(-1.002554118 -1.421995782 0)
(-1.037221945 -1.261802371 0)
(-1.047122795 -1.085985486 0)
(-1.052987674 -0.9081718744 0)
(-1.050673342 -0.7226191407 0)
(-1.010807529 -0.519811779 0)
(-0.7883371775 -0.2900058853 0)
(-0.2095559828 -0.1233343459 0)
(0.4085942767 0.09506530198 0)
(0.1601996841 0.1992062411 0)
(-0.08066875366 0.2046374145 0)
(-0.3062690661 0.3551760412 0)
(-0.5299757675 0.5505763789 0)
(-0.7269827171 0.7836930035 0)
(-0.860467043 1.005480959 0)
(-0.8173870165 1.013269194 0)
(-0.2063836558 0.5728465914 0)
(0.3166484727 0.2853782226 0)
(0.2652824991 0.1213489377 0)
(0.1631082178 0.1930509357 0)
(-0.02729930597 0.1621849514 0)
(-0.9092442497 -0.2547338006 0)
(-1.170113378 -0.2340148036 0)
(-1.395726971 0.1069270706 0)
(-1.599885642 0.3626641279 0)
(-1.513438765 0.3600586606 0)
(-1.437846731 0.4184760868 0)
(-1.061061934 0.492489257 0)
(-0.8953653962 0.5857509227 0)
(-0.8627899138 0.7006248877 0)
(-0.8493368077 0.8083092758 0)
(-0.8402381232 0.90229228 0)
(-0.8380223517 0.9981304021 0)
(-0.8392973127 1.103798599 0)
(-0.8399039168 1.189910426 0)
(-0.8403604747 1.233267492 0)
(-0.8416491749 1.24750354 0)
(-0.8441282435 1.250067116 0)
(-0.8479143632 1.245667663 0)
(-0.8485959312 1.22018778 0)
(-0.8481859715 1.111222021 0)
(-0.5080996979 1.216922314 0)
(-0.6369111773 -1.222007456 0)
(-0.9560337813 -1.15492085 0)
(-0.9556690045 -1.221956769 0)
(-0.9507366512 -1.236376823 0)
(-0.9642474537 -1.21042551 0)
(-0.9788823845 -1.172967744 0)
(-1.007499251 -1.116387083 0)
(-1.043852299 -1.042318505 0)
(-1.061552202 -0.9668162322 0)
(-1.029594363 -0.9181475489 0)
(-0.9366195249 -0.9448364578 0)
(-0.8431199941 -1.066469553 0)
(-0.8067028071 -1.2255607 0)
(-0.7042389092 -1.434929023 0)
(-0.9145758788 -1.450212471 0)
(-0.6985749907 -1.734484949 0)
(-0.785311588 -1.729709906 0)
(-0.8738370853 -1.665319308 0)
(-0.9394613342 -1.538189012 0)
(-0.9693594151 -1.363252926 0)
(-0.9768509008 -1.173999754 0)
(-0.9806862531 -0.9837114578 0)
(-0.9840474727 -0.7927615553 0)
(-0.993403655 -0.6022921583 0)
(-1.021796678 -0.4089077348 0)
(-1.070624522 -0.1965226487 0)
(-0.8607375738 0.3845148613 0)
(-1.013658265 0.5240868801 0)
(-1.088571015 0.6757852304 0)
(-1.094660226 0.8494035477 0)
(-1.067274918 1.033309465 0)
(-1.027325957 1.197239078 0)
(-0.9769727866 1.302603217 0)
(-0.7864058875 1.128135677 0)
(0.3967746345 0.2566518736 0)
(0.351721488 0.1172093355 0)
(-0.5097500239 -0.2974414939 0)
(-0.7139816407 0.0240996421 0)
(-0.7885290837 0.01183486801 0)
(-0.7744796599 -0.1525720185 0)
(-1.005618189 -0.08886805724 0)
(-1.435071569 0.2459691529 0)
(-1.501026168 0.4061071674 0)
(-1.410422108 0.4544018914 0)
(-1.359391044 0.5057681068 0)
(-0.9668072417 0.539382587 0)
(-0.7633296536 0.5701607722 0)
(-0.6867530905 0.6488863984 0)
(-0.6516799249 0.7281446449 0)
(-0.6506383916 0.7807848488 0)
(-0.6626394432 0.8367702685 0)
(-0.6813608772 0.9123800429 0)
(-0.7123785404 0.9718069807 0)
(-0.7441505745 0.99807849 0)
(-0.7671713677 1.011812323 0)
(-0.783840403 1.028873182 0)
(-0.7982085445 1.05541796 0)
(-0.797198753 1.0582022 0)
(-0.7945239934 0.9407184349 0)
(-0.4502177493 1.165958619 0)
(-0.6413084762 -1.19794208 0)
(-0.9888173574 -1.154915818 0)
(-0.9862806169 -1.209580561 0)
(-0.9658713638 -1.236276134 0)
(-0.949495079 -1.19797529 0)
(-0.9369539951 -1.15363493 0)
(-0.9388872786 -1.095092302 0)
(-0.9569581752 -1.024370703 0)
(-0.9727032047 -0.9556587808 0)
(-0.9665619238 -0.9067218259 0)
(-0.982138872 -0.9050077831 0)
(-1.154990322 -0.9387012106 0)
(-1.366718501 -0.9329259927 0)
(-1.083452261 -1.038622088 0)
(-1.626317298 -0.9109259992 0)
(-0.6527486746 -1.830834745 0)
(-0.7464245607 -1.89045695 0)
(-0.8316034145 -1.844856565 0)
(-0.8816144393 -1.712737519 0)
(-0.901274207 -1.521325605 0)
(-0.9041991185 -1.308049031 0)
(-0.8991089747 -1.0878139 0)
(-0.8892426068 -0.8691833675 0)
(-0.8845389325 -0.657597817 0)
(-0.9163937125 -0.4487133446 0)
(-0.9766098956 -0.1986448379 0)
(-0.9697189771 0.3794163547 0)
(-0.9595030753 0.6724744579 0)
(-0.9498269139 0.923792449 0)
(-0.9388405716 1.146962176 0)
(-0.9240303284 1.330732181 0)
(-0.9075827852 1.458136659 0)
(-0.8828476852 1.504301928 0)
(-0.6890856681 1.206256834 0)
(0.1310013202 0.05991460449 0)
(0.1841695589 -0.3656248945 0)
(-0.4787210325 -0.2946180227 0)
(-0.6378456718 -0.06291751992 0)
(-0.7548723153 -0.1971767075 0)
(-0.6907131049 -0.2234251205 0)
(0.6438708415 0.3286140963 0)
(-1.468717845 0.3221087568 0)
(-1.460657278 0.4412528688 0)
(-1.322568595 0.4936577623 0)
(-1.258438097 0.5522295644 0)
(-0.8806581363 0.6016043031 0)
(-0.6484829767 0.5726538537 0)
(-0.5234804938 0.6180845552 0)
(-0.4992348048 0.6447195552 0)
(-0.5274420847 0.6459391688 0)
(-0.5524149816 0.6468212161 0)
(-0.5689029797 0.6615668163 0)
(-0.6172984184 0.6897931208 0)
(-0.6699660786 0.7194008466 0)
(-0.7055097271 0.7508649715 0)
(-0.7305603474 0.7952933425 0)
(-0.7541980533 0.87437086 0)
(-0.7329987272 0.9047973884 0)
(-0.7200868917 0.7413424712 0)
(-0.4037095894 1.101190277 0)
(-0.6333365004 -1.171619043 0)
(-1.005502138 -1.148629327 0)
(-1.013854761 -1.196677791 0)
(-0.9916310093 -1.191810173 0)
(-0.9401317315 -1.152404092 0)
(-0.8994512563 -1.096611091 0)
(-0.8736969463 -1.02864055 0)
(-0.8698163847 -0.9570225633 0)
(-0.886004789 -0.9017237379 0)
(-0.9618072396 -0.8902892212 0)
(-1.26646718 -0.9410080747 0)
(-1.698781555 -0.9174859404 0)
(-1.920491629 -0.768137293 0)
(-1.521000356 -0.6664811559 0)
(-1.904410987 -0.6827471022 0)
(-0.4641350562 -1.690237156 0)
(-0.5798758045 -1.992607747 0)
(-0.7176377629 -2.067910963 0)
(-0.7984078526 -1.999743613 0)
(-0.8267129271 -1.810913917 0)
(-0.8203509097 -1.552024425 0)
(-0.799089727 -1.269281511 0)
(-0.7519114192 -0.9807053942 0)
(-0.6955657905 -0.7122747451 0)
(-0.7570687966 -0.4893424703 0)
(-0.8688621563 -0.1970312213 0)
(-0.8676139147 0.4315816771 0)
(-0.8675598845 0.7712310711 0)
(-0.8649923528 1.066118864 0)
(-0.8605142119 1.328975965 0)
(-0.8506168794 1.525759493 0)
(-0.8372126536 1.661007286 0)
(-0.8102719741 1.696519134 0)
(-0.6103496909 1.501607013 0)
(-0.3251787628 -0.1361921961 0)
(-0.2005048972 -0.2656303826 0)
(-0.4518916455 -0.1723790041 0)
(-0.6057375343 -0.0290799285 0)
(-0.7524155052 -0.4874190426 0)
(-0.7316680108 -0.3906735202 0)
(-0.3284769289 -0.08974448682 0)
(-1.479208352 0.3729252239 0)
(-1.437211263 0.4827806796 0)
(-1.262506934 0.5246555969 0)
(-1.184476313 0.584013087 0)
(-0.942591633 0.6487340807 0)
(-0.6729850236 0.6320399202 0)
(-0.503301392 0.6491568708 0)
(-0.5066565114 0.6346687184 0)
(-0.5490057171 0.611084502 0)
(-0.554759082 0.5825527665 0)
(-0.5428429116 0.5412476255 0)
(-0.5715590855 0.5382854998 0)
(-0.6101134935 0.5642897257 0)
(-0.6365485949 0.6094262368 0)
(-0.6581014312 0.6808760391 0)
(-0.6901415029 0.8161117516 0)
(-0.6516901583 0.8265811214 0)
(-0.6398699128 0.5536119983 0)
(-0.3746269454 1.035299726 0)
(-0.6085772152 -1.144499813 0)
(-1.020776493 -1.143073743 0)
(-1.017910015 -1.168828015 0)
(-0.9789522979 -1.128720803 0)
(-0.923854092 -1.075249264 0)
(-0.8663593258 -1.005539193 0)
(-0.8201443014 -0.9218078518 0)
(-0.7966934399 -0.8420811017 0)
(-0.8261940518 -0.8151438765 0)
(-1.063836939 -0.9439926156 0)
(-1.538197666 -1.101314509 0)
(-1.881745067 -0.9905223834 0)
(-1.992231552 -0.7435019703 0)
(-1.646412818 -0.5262443419 0)
(-1.807048011 -0.6530884069 0)
(-0.1390025703 -0.654969103 0)
(0.4396945815 -0.7131637931 0)
(0.6115074005 -0.7120753105 0)
(0.6990539472 -0.6571940804 0)
(0.7667982997 -0.5720907455 0)
(0.5095003937 -0.7538101534 0)
(0.6023567177 -0.7056105223 0)
(0.4434245174 -0.5854390531 0)
(0.3552141526 -0.3630657551 0)
(0.7103596866 -0.2309651314 0)
(0.8640509495 -0.2317410599 0)
(-0.7306521384 -0.1524866656 0)
(-0.822740267 0.3328218188 0)
(-0.7872743119 0.6319198757 0)
(-0.7839844397 0.8895700353 0)
(-0.7507247028 1.111673039 0)
(-0.6297881606 1.21635567 0)
(-0.4083295032 1.133510853 0)
(0.4743123821 0.5863641474 0)
(-0.09811446387 -0.2467055798 0)
(-0.1010676851 -0.1781990355 0)
(-0.3956815501 -0.1012827389 0)
(-0.5707523247 0.003316391952 0)
(-0.7854696057 -0.4791992384 0)
(-0.9364546249 -0.4888645489 0)
(-1.028751549 -0.3698309508 0)
(-1.505276398 0.4306093147 0)
(-1.407111578 0.5359886264 0)
(-1.264294673 0.5669409948 0)
(-1.146496817 0.6278357597 0)
(-1.011316666 0.6979889005 0)
(-0.7917903727 0.7144488674 0)
(-0.6374252018 0.724111257 0)
(-0.621489512 0.6769609148 0)
(-0.6346711138 0.6416250878 0)
(-0.6242060417 0.6140479768 0)
(-0.5908502085 0.573964418 0)
(-0.5470425348 0.5213604894 0)
(-0.551414187 0.5362972197 0)
(-0.5481712657 0.5813114138 0)
(-0.5393514212 0.6595178203 0)
(-0.5524246197 0.8052211062 0)
(-0.5457231997 0.7968330522 0)
(-0.5562380694 0.3911781437 0)
(-0.3566429902 0.9796033536 0)
(-0.5669282424 -1.118729808 0)
(-0.983559684 -1.114078816 0)
(-0.974607329 -1.119501552 0)
(-0.942784685 -1.054954568 0)
(-0.8933370094 -0.9811032075 0)
(-0.8363596697 -0.8927964255 0)
(-0.7846850059 -0.7938863699 0)
(-0.7527868376 -0.7119713803 0)
(-0.8146279419 -0.7778977485 0)
(-1.136762731 -1.116745209 0)
(-1.516146698 -1.270482389 0)
(-1.723128877 -1.056715443 0)
(-1.782056306 -0.7299250535 0)
(-1.52862626 -0.3575689121 0)
(-1.538471069 -0.6439128446 0)
(0.3288412516 -0.5930331733 0)
(0.2819726528 -0.491645138 0)
(-0.2146915453 -0.3058193398 0)
(-0.3251427231 -0.1554731361 0)
(0.4720726033 -0.4678954809 0)
(0.5060778789 -0.4221650551 0)
(0.6914327332 -0.5834175684 0)
(0.7235693469 -0.5712373459 0)
(0.4829149915 -0.3148195739 0)
(0.4534960321 -0.08029300594 0)
(1.007064651 -0.2290095094 0)
(0.3595395571 0.05449723477 0)
(0.6853605213 0.1988924842 0)
(-0.2053397378 0.7557795708 0)
(-0.4675421973 1.011656397 0)
(-0.3921043927 0.8600208419 0)
(0.07748618282 0.7638405162 0)
(0.3068713789 0.6464496532 0)
(0.6455662276 0.4922886977 0)
(0.1751177756 -0.006165902185 0)
(-0.01806364691 -0.1802979191 0)
(-0.3944412955 -0.08848274498 0)
(-0.6361830681 -0.004156794017 0)
(-0.7462087311 -0.4681572167 0)
(-0.9259276709 -0.5466463594 0)
(-1.01843643 -0.4202774249 0)
(-1.46506397 0.46839781 0)
(-1.396500414 0.5656319514 0)
(-1.266947959 0.6197614781 0)
(-1.154220398 0.6905291639 0)
(-1.068820207 0.7714053882 0)
(-0.9661274211 0.8336794245 0)
(-0.8573253066 0.8554063929 0)
(-0.7508095055 0.7582500529 0)
(-0.6998659523 0.6945077645 0)
(-0.6630177408 0.6589834063 0)
(-0.6229699533 0.6169898489 0)
(-0.5758327571 0.5641051304 0)
(-0.5146542706 0.5270274448 0)
(-0.4871557086 0.5679544305 0)
(-0.4454445503 0.639179095 0)
(-0.4078122108 0.7357157257 0)
(-0.3973201297 0.7740159513 0)
(-0.411087842 0.2663658999 0)
(-0.3404595903 0.935581942 0)
(-0.5124881373 -1.092763046 0)
(-0.9091833073 -1.066675923 0)
(-0.9123292398 -1.078923587 0)
(-0.8909972664 -0.9841052804 0)
(-0.8537415002 -0.886115178 0)
(-0.8113625086 -0.7826048677 0)
(-0.7711821786 -0.6797034064 0)
(-0.7428381197 -0.6428002738 0)
(-0.8170763112 -0.9193289108 0)
(-1.054711146 -1.358063343 0)
(-1.280570118 -1.413654486 0)
(-1.387832931 -1.106498123 0)
(-1.421779642 -0.7222163348 0)
(-1.246207316 -0.04515607374 0)
(-1.217966453 -0.6274096133 0)
(-0.4019450345 -0.3540798947 0)
(-0.3269255724 -0.3489151159 0)
(-1.255640372 -0.1797314586 0)
(-0.6432885628 0.0472689692 0)
(-0.5023608352 -0.2799895407 0)
(-0.4203146207 -0.1683233598 0)
(0.6893004128 -0.4136249265 0)
(0.8715603345 -0.5123145041 0)
(0.822260407 -0.4641491641 0)
(-0.2415868223 0.2688347131 0)
(1.090718108 -0.2234679825 0)
(0.2410023216 0.1287651249 0)
(0.6820757547 0.1767702364 0)
(-0.004285149845 0.6887733839 0)
(-0.3885913729 1.121222552 0)
(-0.1170250077 0.01235016584 0)
(-0.03451622309 0.4444698695 0)
(0.2013756699 0.5947596953 0)
(0.5818017683 0.3597981186 0)
(0.01761580794 -0.0463133209 0)
(-0.05574805532 -0.07288278068 0)
(-0.4554141885 -0.1066996389 0)
(-0.6381588092 -0.1392238616 0)
(-0.6973234759 -0.4482159864 0)
(-0.9107935245 -0.5897418477 0)
(-0.993325312 -0.4594051151 0)
(-1.390825873 0.4921740566 0)
(-1.337702397 0.606595644 0)
(-1.230191029 0.6814719216 0)
(-1.133837686 0.7666489473 0)
(-1.052356109 0.8433949857 0)
(-0.9881416982 0.9230542384 0)
(-0.8910998043 0.9608597802 0)
(-0.7598709643 0.8479373343 0)
(-0.6957272009 0.7702559907 0)
(-0.6595370371 0.7304880007 0)
(-0.6228006321 0.679658639 0)
(-0.5800373292 0.6152414984 0)
(-0.5304007636 0.5683281415 0)
(-0.4698759613 0.5689831246 0)
(-0.4265874189 0.6207270968 0)
(-0.3911430891 0.6873910753 0)
(-0.3012620745 0.7448531779 0)
(-0.2833711886 0.3698337728 0)
(-0.3234030855 0.8942035508 0)
(-0.746294742 -0.7567269543 0)
(-0.7666949997 -1.242027465 0)
(-0.8750876293 -1.599598532 0)
(-0.9689692552 -1.511653272 0)
(-1.01290405 -1.144694998 0)
(-1.03270685 -0.7433427199 0)
(-0.9063793632 0.4676163806 0)
(-0.9042620245 -0.6018428611 0)
(-0.7559868199 0.2736945365 0)
(-0.9778066862 -0.05155870212 0)
(-1.663946539 -0.3334802541 0)
(-0.457811499 0.1454231611 0)
(-0.3381485418 -0.3406744533 0)
(-0.3615904065 -0.3635765167 0)
(-0.3253073769 -0.3918585341 0)
(0.8465502285 -0.3867728862 0)
(0.9517567212 -0.4797828561 0)
(-0.2087981617 0.3226949512 0)
(1.141167537 -0.2197102775 0)
(0.3354882125 0.1125946397 0)
(0.6629087257 0.1315574248 0)
(0.07624047636 0.03339993912 0)
(0.4007528933 0.5069593862 0)
(-0.07410705432 -0.1420204944 0)
(0.0947165716 0.1850323845 0)
(0.3091831185 0.4598166681 0)
(0.5392142645 0.06392359838 0)
(-0.04932289876 -0.1127910799 0)
(-0.150191381 -0.2157720987 0)
(-0.5663504509 -0.203706283 0)
(-0.6299183382 -0.1381919086 0)
(-0.6430473417 -0.4355872364 0)
(-0.8782099957 -0.630776962 0)
(-0.9462103485 -0.4963096516 0)
(-1.25718983 0.5158897208 0)
(-1.218266513 0.6369503511 0)
(-1.162077771 0.7532584109 0)
(-1.080541923 0.8498754405 0)
(-1.007199918 0.9200317687 0)
(-0.916809476 1.034913647 0)
(-0.8570503733 1.11159841 0)
(-0.7368689216 1.006498505 0)
(-0.6761950996 0.9170924665 0)
(-0.6441527434 0.8560382046 0)
(-0.6091739692 0.7729888708 0)
(-0.5643029036 0.6711407408 0)
(-0.5312027228 0.5993766048 0)
(-0.499687705 0.5922597306 0)
(-0.4565657335 0.6243862678 0)
(-0.4164415985 0.674656431 0)
(-0.3695946735 0.7295623769 0)
(-0.3178760505 0.5364115433 0)
(-0.3137160297 0.8498214296 0)
(-0.6786129346 -1.181014356 0)
(-0.677302858 -0.7873930899 0)
(-0.6657112117 0.9439236519 0)
(-0.65787637 -0.5455589689 0)
(-0.8043599501 0.2522323814 0)
(-1.246340409 -0.1958238604 0)
(-1.623147803 -0.4451387533 0)
(0.1984586783 -0.2644118226 0)
(0.3285669408 -0.3482264076 0)
(0.3563111777 -0.3940342901 0)
(0.3374754429 -0.4261615819 0)
(0.3850710165 0.4043208495 0)
(0.9379681064 -0.4580298478 0)
(-0.116289053 0.2787815553 0)
(1.174240093 -0.2125538138 0)
(0.4911062121 0.06739719032 0)
(0.6831310458 0.1162044457 0)
(-0.04133471334 -0.08652672607 0)
(0.06435435429 -0.3841300544 0)
(0.08535101351 -0.4910467466 0)
(0.1106114054 0.1851673232 0)
(0.2992085087 0.3665179731 0)
(0.5873892348 0.2955946671 0)
(-0.08704258631 -0.1376776105 0)
(-0.420831063 -0.4347101597 0)
(-0.5681291659 -0.292737926 0)
(-0.6304992792 -0.2328023947 0)
(-0.6814305143 -0.4511683065 0)
(-0.8236597608 -0.6679385296 0)
(-0.8726927535 -0.5283830586 0)
(-1.087739269 0.536174983 0)
(-1.064211749 0.6644927524 0)
(-1.029512728 0.7963500136 0)
(-0.9841083464 0.9270716601 0)
(-0.9236274394 1.024730595 0)
(-0.832954507 1.147078492 0)
(-0.7331554625 1.181507406 0)
(-0.6768674196 1.208009043 0)
(-0.6517557858 1.176623143 0)
(-0.6323923696 1.05285322 0)
(-0.5985649233 0.8822321904 0)
(-0.5453217692 0.71563066 0)
(-0.5117826907 0.606760078 0)
(-0.4974745003 0.5784550395 0)
(-0.4859194524 0.5856053335 0)
(-0.4729505926 0.6221527652 0)
(-0.4478423327 0.6873865886 0)
(-0.4057460384 0.5682871392 0)
(-0.3306049214 0.8294856111 0)
(0.3165901578 -0.7137671555 0)
(0.4069389061 -0.6926580183 0)
(-1.161966016 -0.864805538 0)
(-1.396608798 -0.7090666468 0)
(-1.547737634 -0.5425570951 0)
(-0.743674036 0.5081077797 0)
(-0.5829806059 -0.3711846937 0)
(-0.7735879027 0.4907260489 0)
(-0.5168390363 0.6572866691 0)
(0.3632762614 0.3816946584 0)
(0.883334944 -0.3402966169 0)
(1.092327599 -0.1619500684 0)
(1.191199206 -0.1925390753 0)
(0.6184964003 0.07385146098 0)
(0.6819223348 0.02895431648 0)
(-0.2614262708 0.003511393904 0)
(-0.351632335 -0.3106854439 0)
(-0.3432280003 -0.234244016 0)
(-0.05182947444 0.1638351781 0)
(0.1927342144 0.3009418658 0)
(0.5090842066 0.242390925 0)
(0.01929958143 -0.339626148 0)
(-0.4730376603 -0.9215389439 0)
(-0.5330485792 -0.8554745347 0)
(-0.6051844394 -0.7403943287 0)
(-0.6891473746 -0.6660590974 0)
(-0.7369028625 -0.6970723404 0)
(-0.7753888155 -0.5509670861 0)
(-0.9046830599 0.5502450191 0)
(-0.8928356101 0.6838921164 0)
(-0.8732742824 0.8274429919 0)
(-0.842841428 0.977003369 0)
(-0.7991650462 1.121722492 0)
(-0.7215090565 1.264442928 0)
(-0.5990883705 1.189305227 0)
(-0.5720279451 1.091109167 0)
(-0.5811472839 1.073312978 0)
(-0.6042247754 1.005562324 0)
(-0.5935042784 0.8603867222 0)
(-0.5357576198 0.7034972424 0)
(-0.4824818126 0.5951168891 0)
(-0.4614038719 0.5500857894 0)
(-0.4566343049 0.5402601525 0)
(-0.4610806791 0.5639082497 0)
(-0.4799500729 0.6195323756 0)
(-0.5009250562 0.5396477611 0)
(-0.4149172479 0.8190226367 0)
(-1.300814373 -0.5718760978 0)
(-0.7304986289 0.5110993597 0)
(-0.6653597629 -0.3818322015 0)
(-0.6900535113 0.4972614703 0)
(-0.654232346 0.6944313814 0)
(0.3956323316 0.3028487651 0)
(0.8457175888 -0.2644665685 0)
(0.9736053679 -0.1459589423 0)
(0.947390256 -0.1645607022 0)
(-0.1397500569 -0.1671022559 0)
(-0.1784757775 -0.1440175065 0)
(-0.2553876846 -0.1689899159 0)
(-0.2712933119 -0.1988649102 0)
(0.2043677787 0.04607953302 0)
(0.1947343772 0.190324359 0)
(0.208979046 0.3062090818 0)
(0.5019735504 0.1507171684 0)
(0.1476172317 -0.2336306167 0)
(-0.5003740831 -1.070433401 0)
(-0.5319426325 -1.035017175 0)
(-0.5487123684 -0.9390075038 0)
(-0.5741834125 -0.8217474906 0)
(-0.6161568649 -0.6988304577 0)
(-0.6625128511 -0.5592522998 0)
(-0.734727003 0.5562202329 0)
(-0.7294425658 0.694277186 0)
(-0.7185711712 0.8466913753 0)
(-0.6991346503 1.012504696 0)
(-0.6675204729 1.183178583 0)
(-0.6053226462 1.343720935 0)
(-0.5281757018 1.087159484 0)
(-0.5050459287 0.9456091197 0)
(-0.5133640496 0.9185930778 0)
(-0.5603118499 0.8915778832 0)
(-0.584037169 0.7951853073 0)
(-0.5279620105 0.6892036253 0)
(-0.4479887087 0.5749403001 0)
(-0.4233938067 0.4962578579 0)
(-0.443723126 0.4811024935 0)
(-0.4558527275 0.5229647809 0)
(-0.48440913 0.6000665344 0)
(-0.5157374655 0.5430187714 0)
(-0.463114874 0.8088270928 0)
(-0.5367717986 -0.4616020738 0)
(-0.5901912069 0.5109024285 0)
(-0.5493300832 0.759691271 0)
(0.434937763 0.1825835253 0)
(0.7886314781 -0.2083109723 0)
(0.8674428502 -0.118501446 0)
(0.8122664632 -0.1147762359 0)
(-0.2083277175 -0.2235309342 0)
(-0.1695902576 -0.1410404129 0)
(-0.2682606124 -0.1690094288 0)
(0.2368417561 0.1140608409 0)
(0.02414274482 0.002559429889 0)
(0.2308172072 0.08971178162 0)
(0.2150462927 0.222174358 0)
(0.529778738 0.08695559671 0)
(0.2785197975 -0.08001890798 0)
(-0.3834304119 -0.9745903711 0)
(-0.3984252947 -0.9024976412 0)
(-0.3881155947 -0.7863160145 0)
(-0.4083068067 -0.7003243119 0)
(-0.4641587284 -0.6464166739 0)
(-0.529654481 -0.5528835957 0)
(-0.5905791075 0.5567387021 0)
(-0.5884456027 0.6988179074 0)
(-0.5808974746 0.8583702053 0)
(-0.5652902087 1.037326798 0)
(-0.5331033785 1.229644525 0)
(-0.4066088069 1.331461148 0)
(-0.4472321989 0.9820417193 0)
(-0.455072394 0.8706128479 0)
(-0.4745467416 0.8226128103 0)
(-0.4716347035 0.8098197093 0)
(-0.4986846113 0.7446356085 0)
(-0.5310670148 0.7044882816 0)
(-0.4880773734 0.58014823 0)
(-0.475402388 0.4907382753 0)
(-0.6142063457 0.5023784634 0)
(-0.5758895783 0.5510677022 0)
(-0.5437106421 0.6169894641 0)
(-0.561184594 0.546910337 0)
(-0.4879617157 0.8303150609 0)
(0.7150170927 -0.1718450935 0)
(0.5708383453 -0.1688000514 0)
(0.3713436691 -0.1865112443 0)
(-0.1958030729 -0.238948451 0)
(-0.1579173147 -0.1731716227 0)
(0.2363786373 0.1256565686 0)
(0.3897532156 0.04816922682 0)
(0.09618142282 -0.004999735615 0)
(0.21125862 0.02096983759 0)
(0.2021308389 0.1128424522 0)
(0.5128590419 0.06278689832 0)
(0.3487111876 0.09527527086 0)
(0.2615256147 -0.2368985951 0)
(-0.07364856181 -0.2287694748 0)
(-0.1192346831 -0.349733534 0)
(-0.1851812606 -0.3731045745 0)
(-0.2276515274 -0.4185062097 0)
(-0.2257489803 -0.4030253737 0)
(0.5735688352 0.5106599494 0)
(0.5800651467 0.6485066864 0)
(0.5728722056 0.7951385197 0)
(0.5525239476 0.9365317345 0)
(0.5045406087 0.9907910455 0)
(0.1214243482 0.769040843 0)
(0.03812743417 0.6883795791 0)
(0.004411811722 0.6791490945 0)
(-0.131507987 0.6702336956 0)
(-0.3212887577 0.6823700788 0)
(-0.4327295873 0.7139168298 0)
(-0.4594791197 0.7332651937 0)
(-0.5110375526 0.5900461272 0)
(-0.616155429 0.4882902407 0)
(-1.139589953 0.6129902723 0)
(-0.9963417352 0.6887582373 0)
(-0.7499615996 0.7011547758 0)
(-0.6604864556 0.5786612712 0)
(-0.4975957248 0.8833631708 0)
(0.2991064435 -0.2565901874 0)
(-0.09863896135 -0.2178740897 0)
(0.137303225 0.3024052601 0)
(0.2536068733 0.02042554158 0)
(0.4030591544 0.0570931817 0)
(0.1723889793 -0.004588336861 0)
(0.1918362083 -0.0209939713 0)
(0.1901481881 0.03620721654 0)
(0.493531296 0.1436713436 0)
(0.3728318901 0.101195769 0)
(-0.03069653747 -0.263209535 0)
(-0.09063536539 -0.3441775217 0)
(-0.02006924722 -0.379405522 0)
(-0.1808192124 -0.3177144705 0)
(-0.3459313852 -0.3878359452 0)
(-0.2617584266 -0.383677213 0)
(0.7275800592 0.5105038793 0)
(0.7338114992 0.6324451979 0)
(0.731099385 0.7568962237 0)
(0.6367658672 0.8165878698 0)
(0.4502756555 0.6888843009 0)
(-0.2104637326 0.4533460258 0)
(-0.3189979103 0.3837547252 0)
(-0.3407076337 0.4384628339 0)
(-0.3655242141 0.5195321009 0)
(-0.414903245 0.6336500937 0)
(-0.447353177 0.726703316 0)
(-0.4014979231 0.6998905591 0)
(-0.5201338019 0.343426982 0)
(-0.9174819364 0.3313677258 0)
(-1.592453983 0.7118397155 0)
(-1.451464007 0.8723242342 0)
(-1.147558328 0.9148578706 0)
(-0.8998493519 0.7747268764 0)
(-0.4886901122 0.9635601022 0)
(0.3243889225 -0.1218394648 0)
(0.5158927746 0.1993248415 0)
(0.5445395854 -0.07019825783 0)
(0.3672217346 0.06113831691 0)
(0.23704738 0.00114397182 0)
(0.1792277913 -0.05025465406 0)
(0.1878585526 -0.03942602279 0)
(0.4364342268 0.257380842 0)
(0.3723156657 0.10855763 0)
(-0.0709136957 -0.211891109 0)
(-0.1436874816 -0.1629848334 0)
(-0.1825572392 -0.2562678399 0)
(-0.1102493149 -0.1789401502 0)
(-0.5682811268 -0.02551918941 0)
(-0.2064740501 -0.1783350562 0)
(0.8852056732 0.4919934354 0)
(0.9212109497 0.610496935 0)
(0.9217677223 0.7079430944 0)
(0.5853538529 0.6835750584 0)
(0.311833318 0.5148825841 0)
(0.1486290292 0.435583924 0)
(-0.01720446726 0.4155350788 0)
(-0.1727455676 0.456178755 0)
(-0.2837830787 0.5555561438 0)
(-0.3533412107 0.6672163527 0)
(-0.3854886473 0.7697248646 0)
(-0.2461366419 0.5462513475 0)
(-0.6876730928 0.1063268865 0)
(-1.090749943 -0.008794759528 0)
(-1.631865501 0.7490984184 0)
(-1.54854449 1.019032951 0)
(-1.358970404 1.183075228 0)
(-1.143759128 1.199367803 0)
(-0.4654181529 1.057850531 0)
(0.5674825957 0.137257734 0)
(0.4580444963 0.2621503909 0)
(0.1800353396 0.1040498774 0)
(0.1694945199 0.05365219167 0)
(0.3212386117 -0.1131682675 0)
(0.1669772418 -0.03813435166 0)
(0.1789988163 -0.06422512941 0)
(0.3806886777 0.3404708489 0)
(0.3592256399 0.1181398533 0)
(0.1713740397 0.06930320638 0)
(-0.2550933937 -0.08750422207 0)
(-0.3604788263 -0.09980983696 0)
(-0.2858027028 -0.3613643035 0)
(-0.3446816262 0.09565506962 0)
(-0.2641773251 0.3969797947 0)
(0.8184497932 0.4643296488 0)
(0.9338984847 0.569154153 0)
(0.8423902551 0.518182819 0)
(0.03402601934 0.4100992922 0)
(0.005155964034 0.4381224088 0)
(-0.003172757875 0.3976826615 0)
(-0.0694054914 0.4008438806 0)
(-0.1238849895 0.4363657609 0)
(-0.1870193186 0.5357454976 0)
(-0.2697390064 0.7029065267 0)
(-0.3251540306 0.8714628934 0)
(-0.1371559639 0.3607930361 0)
(-0.8629363863 -0.0286635792 0)
(-1.145442726 -0.3472670185 0)
(-1.362150406 0.7773729629 0)
(-1.30323762 1.135804798 0)
(-1.200754174 1.406502244 0)
(-1.075449858 1.561728302 0)
(-0.4397696111 1.155665049 0)
(0.2174469707 0.05609362399 0)
(0.1133553229 0.002336177978 0)
(0.08950080089 0.07109444286 0)
(0.106907454 0.05812700297 0)
(0.09706977391 -0.2565094918 0)
(0.139859297 -0.02740591252 0)
(0.0175924131 0.2600803028 0)
(0.218192645 0.02310699529 0)
(0.002529878781 0.05364194888 0)
(0.03013734216 0.2044552803 0)
(-0.1298161878 0.1636828145 0)
(-0.4201462917 0.04893678874 0)
(0.3777630742 -0.0210596265 0)
(-0.05136101335 0.1607108219 0)
(0.34218226 0.3332203489 0)
(0.3485463483 0.3942511543 0)
(0.302003168 0.4240553966 0)
(0.1383640488 0.4356523429 0)
(-0.03425914317 0.4336632813 0)
(-0.09103941663 0.4027356747 0)
(-0.07614773673 0.3671783294 0)
(-0.09508113227 0.4122421858 0)
(-0.105626145 0.5009073953 0)
(-0.1671429008 0.7888704051 0)
(-0.2495125097 1.162180019 0)
(-0.0985915246 0.2363044615 0)
(-0.9895171355 -0.1664507703 0)
(-1.222097679 -0.3571137014 0)
(-0.90264166 0.7939647759 0)
(-0.8586655824 1.223115937 0)
(-0.8146837829 1.562706847 0)
(-0.7775696998 1.791258793 0)
(-0.4012903296 1.265139917 0)
(0.1449189974 0.03502745245 0)
(0.1789681186 0.02348260776 0)
(0.14611225 0.03629093171 0)
(0.04796226212 0.01683957916 0)
(0.08924529129 -0.006556111131 0)
(0.1461492766 0.07023125891 0)
(0.0864964475 0.03474633845 0)
(-0.004237421491 0.03569850778 0)
(0.1621993418 0.1229300194 0)
(0.1372257209 0.1571864359 0)
(0.05983360516 0.1349917188 0)
(-0.02343312134 0.1485416917 0)
(-0.1511953736 0.311696051 0)
(-0.1726977994 0.340178945 0)
(-0.06017189094 0.4033968823 0)
(0.05118684277 0.376209881 0)
(0.06567019469 0.3914210551 0)
(0.02914304648 0.4087157285 0)
(-0.1485423708 0.4165682121 0)
(-0.2103295018 0.3947762206 0)
(-0.2407665918 0.3730728659 0)
(-0.1722906713 0.4462073242 0)
(-0.09479525217 0.5272738618 0)
(0.03300112042 0.6595002339 0)
(0.1906673108 0.7878350902 0)
(-0.340385082 0.04213130854 0)
(-1.000166149 -0.1968664684 0)
(-1.393459919 0.1275927002 0)
(-0.4520568149 0.7731653724 0)
(-0.3691239128 1.267696919 0)
(-0.3720914618 1.654498041 0)
(-0.423117573 1.895086374 0)
(-0.3309799759 1.371917791 0)
(-0.1598959435 -0.1029457638 0)
(0.1013708617 0.02788823954 0)
(-0.0760879748 -0.06268418469 0)
(0.08986872255 0.05213243284 0)
(0.1210832277 0.09315599262 0)
(0.1531597002 0.1068428591 0)
(0.1283376464 0.1174753258 0)
(0.16755264 0.06287834556 0)
(0.1755860258 0.1503687561 0)
(0.1467912514 0.2823634597 0)
(-0.2947538149 0.09100921595 0)
(-0.1265800919 0.1951494254 0)
(-0.08105428747 0.2112723377 0)
(-0.1622104423 0.269096716 0)
(-0.2133801441 0.2716467347 0)
(-0.1424053099 0.3218245818 0)
(-0.1189445587 0.3980072549 0)
(-0.2052718592 0.5058057383 0)
(-0.2511435413 0.5327888423 0)
(-0.2790567378 0.3542290857 0)
(-0.2063113661 0.3662172267 0)
(-0.1512795124 0.4181985281 0)
(-0.08819097987 0.4913727786 0)
(-0.008066415623 0.5767434021 0)
(0.1009517923 0.6786599148 0)
(-0.05072962178 0.3132356592 0)
(-0.7258182234 0.2293353228 0)
(-1.473218716 0.8678510021 0)
(-0.02594211301 0.9589930514 0)
(0.4039046838 1.054766129 0)
(0.2661937814 1.217626067 0)
(-0.1194616223 1.43879655 0)
(-0.2517973384 1.238091405 0)
(-0.4513195437 -0.1659806401 0)
(-0.0560869561 0.1510607943 0)
(0.07850989111 0.124917866 0)
(0.1418356338 0.150572718 0)
(0.1620202011 0.1720740428 0)
(0.1459995587 0.2225788454 0)
(0.1775454336 0.232351866 0)
(0.1879297608 0.3244365831 0)
(0.1842735446 -0.03260520222 0)
(-0.260619065 0.1450608395 0)
(-0.2099374793 0.2616607456 0)
(-0.2177969691 0.2569115929 0)
(-0.2763482811 0.2522282776 0)
(-0.3787390486 0.2189088393 0)
(-0.4101892819 0.1617173425 0)
(-0.3767539092 0.2672555228 0)
(-0.3236515131 0.3128037926 0)
(-0.2831403588 0.3418308264 0)
(-0.2044413381 0.3398606046 0)
(-0.148220927 0.3801064834 0)
(-0.1083872504 0.4400535585 0)
(-0.05191533875 0.5089389512 0)
(-0.1165966937 0.4953491552 0)
(-0.0627858549 0.09684220639 0)
(-0.03898217907 -0.02709489643 0)
(-0.4434725574 -0.2179550352 0)
(-1.037491398 0.9201737279 0)
(-0.699650599 1.234412087 0)
(-0.4926978567 1.431929483 0)
(-0.4147960246 1.612293171 0)
(-0.3951526184 1.759011493 0)
(-0.2239580362 1.348043409 0)
(-0.2523099375 0.1598195314 0)
(-0.09489329735 0.244138309 0)
(0.1356661143 0.328422917 0)
(0.3063611402 0.1812637353 0)
(-0.09123396505 -0.1403009404 0)
(-0.1310793184 -0.2560469605 0)
(-0.1005563538 -0.09453014909 0)
(-0.007213047387 -0.1555309793 0)
(0.2498220131 0.02245577505 0)
(-0.2026472541 -0.1371644928 0)
(0.1308083566 0.007523196477 0)
(-0.4356029197 -0.01548098889 0)
(-0.6659313672 0.185168913 0)
(-0.6887272003 0.2834940653 0)
(-0.5934671921 0.29859678 0)
(-0.460765294 0.2984718722 0)
(-0.3157339982 0.3139996982 0)
(-0.1116063924 0.2361399653 0)
(-0.06322177499 0.2825095054 0)
(0.06344354068 0.4492117426 0)
(0.3218573048 0.5872268503 0)
(0.07552526538 -0.3254877551 0)
(-0.04573596748 -0.920385132 0)
(-0.1429586039 -1.453580875 0)
(-0.1712979607 -1.191047 0)
(-0.1679347249 1.068550511 0)
(-0.1692185073 1.628494005 0)
(-0.1733690299 2.048511992 0)
(-0.1810073642 2.274969003 0)
(-0.1932943947 2.295799506 0)
(-0.1250614113 1.551940214 0)
(0.2155604864 0.2284408639 0)
(0.09737632276 0.5215008237 0)
(0.1068365685 0.4412953703 0)
(0.1077189016 0.2048057361 0)
(0.02168719973 0.1246289425 0)
(-0.1354008766 0.09200562182 0)
(-0.1860022034 -0.08836740797 0)
(-0.1720431759 -0.2092555129 0)
(-0.1333693423 -0.07035908185 0)
(-0.2949399122 -0.1589879711 0)
(-0.3722906618 -0.117915589 0)
(-0.5346116969 0.03861851074 0)
(-0.7344842284 0.2465400475 0)
(-0.8195672875 0.3840932614 0)
(-0.6338555569 0.371046089 0)
(-0.4989083612 0.3150813785 0)
(-0.2015053654 0.286539944 0)
(0.0918459396 0.1681683027 0)
(0.03551611805 0.1635200735 0)
(0.02513674911 0.2275777534 0)
(-0.04463772887 0.2956563218 0)
(-0.1111541841 0.3095312991 0)
(-0.1428033286 0.2814275425 0)
(-0.2459078516 0.1734157048 0)
(0.3418019129 -0.04354318856 0)
(0.9828615228 0.9816338067 0)
(0.8764799365 1.345990139 0)
(0.7130047094 1.521069878 0)
(0.5532321527 1.524651299 0)
(0.4198652027 1.428553575 0)
(0.08545344805 0.9650491518 0)
(0.03289783025 -0.08916142983 0)
(-0.1077477726 -0.4767966991 0)
(-0.1512452116 -0.4546486263 0)
(-0.2121970836 -0.161533481 0)
(-0.2204629113 0.2365410374 0)
(-0.1724701079 0.1652133719 0)
(-0.1734043066 0.01847562939 0)
(-0.1472471145 -0.09494056033 0)
(-0.1492131252 0.005642864657 0)
(-0.2715952342 -0.17723122 0)
(-0.3653039154 -0.1526544784 0)
(-0.6106957219 0.1273404236 0)
(-0.7667889857 0.2990806109 0)
(-1.063032565 0.4732420084 0)
(-0.8089883446 0.4655043973 0)
(-0.541331682 0.3197202522 0)
(-0.3466669312 0.3058606083 0)
(-0.139995635 0.3823090545 0)
(-0.1054142745 0.09116520515 0)
(0.01891513583 0.1639010212 0)
(0.03521296529 0.2377096557 0)
(0.03825057436 -0.1894511315 0)
(0.2095416848 -0.5494690197 0)
(0.473178047 -0.4915854101 0)
(0.7487527972 0.2898147808 0)
(1.380222274 0.9400878662 0)
(1.058701699 1.136518497 0)
(0.7068565895 1.221047454 0)
(0.4596127479 1.273016181 0)
(0.2855043563 1.330641747 0)
(0.07784307454 1.169963606 0)
(-0.1445778041 0.1712846086 0)
(-0.1227124601 0.01798211468 0)
(-0.08887326172 0.02126549884 0)
(0.1651940286 0.1045837489 0)
(-0.2532170052 -0.2074191406 0)
(-0.3516539213 -0.1679790974 0)
(-0.6326704264 0.2171975649 0)
(-0.7573085452 0.3423039008 0)
(-1.339971912 0.5399032032 0)
(-1.001178783 0.5530054522 0)
(-0.6203695698 0.3611641853 0)
(-0.3707011554 0.2808530471 0)
(-0.08902011919 0.3008344365 0)
(0.07364536363 0.2615902323 0)
(0.07594622684 0.2685863183 0)
(0.02810705761 0.3353645144 0)
(-0.04377661671 0.4164279508 0)
(-0.1659575284 0.5334339962 0)
(-0.205675553 0.08575044438 0)
(0.6923275685 0.2448673526 0)
(1.285541744 0.8393451312 0)
(0.9314045691 0.9975879764 0)
(0.6211676391 1.092573017 0)
(0.430883349 1.179325519 0)
(0.307818905 1.239823374 0)
(0.1016188118 1.021453491 0)
(0.1330333129 0.1546181382 0)
(0.09665393836 -0.04733423493 0)
(-0.07803936924 0.03736053056 0)
(-0.2201268572 0.1664060038 0)
(-0.2419221088 -0.2604923627 0)
(-0.346417777 -0.07642915061 0)
(-0.5337103632 0.2527321788 0)
(-0.6628710402 0.3388518357 0)
(-1.425311722 0.5657225959 0)
(-1.133877634 0.6520322067 0)
(-0.6583562964 0.382051534 0)
(-0.3961875181 0.281965709 0)
(-0.1593922683 0.2793082366 0)
(0.05859092251 0.310112725 0)
(0.1340654436 0.3392291569 0)
(0.1113971157 0.3963664554 0)
(0.01074531731 0.4694823205 0)
(-0.1133806214 0.5650019925 0)
(-0.3327057072 0.01483480747 0)
(0.7385016866 0.1806785969 0)
(1.066978105 0.7360415945 0)
(0.7826871681 0.9045069875 0)
(0.5656390027 1.019966739 0)
(0.4473828705 1.118000387 0)
(0.3906841124 1.098466378 0)
(0.1192668343 0.97701161 0)
)
;

boundaryField
{
    walls
    {
        type            noSlip;
    }
    wallFilmFace_top
    {
        type            slip;
    }
    region0_to_wallFilmRegion_wallFilmFace
    {
        type            slip;
    }
    mirrorFace_top
    {
        type            slip;
    }
    region0_to_wallFilmRegion_mirrorFace
    {
        type            slip;
    }
    procBoundary0to1
    {
        type            processor;
        value           nonuniform List<vector> 
52
(
(-0.4532204997 -1.065926985 0)
(-0.8115835386 -1.009349306 0)
(-0.8282179456 -1.054733518 0)
(-0.8219172369 -0.9316373932 0)
(-0.8068600872 -0.8186511726 0)
(-0.7943319525 -0.7159684254 0)
(-0.7777352358 -0.6370088153 0)
(-0.7777352358 -0.6370088153 0)
(-0.7222939658 -1.018586299 0)
(-0.6704265488 -1.529685264 0)
(-0.6637702552 -1.728843278 0)
(-0.6703283141 -1.543333177 0)
(-0.6703283141 -1.543333177 0)
(0.6792697262 -0.8140858016 0)
(0.6635773169 -0.7828219814 0)
(0.6635773169 -0.7828219814 0)
(-0.1785348144 -0.898680918 0)
(-0.2194784621 -0.9227751973 0)
(-1.066742965 -1.016848574 0)
(-1.198915051 -0.801103378 0)
(-1.198915051 -0.801103378 0)
(-1.01062563 -0.5712090362 0)
(-0.5417064458 0.2344150371 0)
(-0.5417064458 0.2344150371 0)
(0.1320860913 0.1377030034 0)
(0.6149474741 0.2760488801 0)
(0.5344765982 0.5718403563 0)
(0.4530961219 0.09805914963 0)
(0.4530961219 0.09805914963 0)
(0.7044683713 -0.136396933 0)
(0.4803667665 -0.1585931313 0)
(0.4803667665 -0.1585931313 0)
(0.7040077109 -0.189270588 0)
(0.7040077109 -0.189270588 0)
(0.6986127473 0.01188196591 0)
(0.4785781021 0.2582012933 0)
(0.4785781021 0.2582012933 0)
(0.3568769206 0.2529836158 0)
(-0.1723375248 0.01729264137 0)
(-0.3130823198 -0.07404492385 0)
(-0.3130823198 -0.07404492385 0)
(-0.5151723841 -0.1382254761 0)
(-0.5151723841 -0.1382254761 0)
(0.3861053011 -0.01561176963 0)
(0.128504051 -0.106699466 0)
(0.01651855974 0.07034064742 0)
(-0.003232707146 0.02047035604 0)
(-1.237757243e-05 5.486991897e-08 0)
(-5.42879769e-05 -0.004322551634 0)
(-0.1759432024 0.2056169763 0)
(-0.1759432024 0.2056169763 0)
(-0.1292705861 -0.1021154744 0)
)
;
    }
    procBoundary0to2
    {
        type            processor;
        value           nonuniform List<vector> 
26
(
(-0.3126660586 -0.0262642728 0)
(-0.05456169142 0.02784693843 0)
(-0.07525743849 0.02566828167 0)
(-0.1720522123 0.003421209718 0)
(-0.342719995 -0.2224787682 0)
(-0.3169582791 0.1344221784 0)
(-0.3908390735 0.2211508761 0)
(-0.5200260461 0.2559820483 0)
(-1.250963984 0.5698729041 0)
(-1.122390899 0.7722698801 0)
(-0.6492488321 0.4090382347 0)
(-0.3973591808 0.2992356798 0)
(-0.1899552414 0.2607354045 0)
(0.002589602334 0.3122195511 0)
(0.147711828 0.3730583936 0)
(0.1706908582 0.4346598256 0)
(0.119494674 0.4954132164 0)
(-0.07189619504 0.6266175925 0)
(-0.4448694714 -0.005023146536 0)
(0.7699667251 0.1147116033 0)
(0.884659658 0.648926999 0)
(0.7104880081 0.8498002367 0)
(0.6213072411 0.9923716111 0)
(0.587831355 1.10182726 0)
(0.5671592285 0.8952839675 0)
(0.1521868596 0.9983712777 0)
)
;
    }
}


// ************************************************************************* //
