/*--------------------------------*- C++ -*----------------------------------*\
  =========                 |
  \\      /  F ield         | OpenFOAM: The Open Source CFD Toolbox
   \\    /   O peration     | Website:  https://openfoam.org
    \\  /    A nd           | Version:  8
     \\/     M anipulation  |
\*---------------------------------------------------------------------------*/
FoamFile
{
    version     2.0;
    format      ascii;
    class       volScalarField;
    location    "0.9/wallFilmRegion";
    object      rho;
}
// * * * * * * * * * * * * * * * * * * * * * * * * * * * * * * * * * * * * * //

dimensions      [1 -3 0 0 0 0 0];

internalField   nonuniform List<scalar> 
1342
(
994.5114672
994.5114687
994.5114689
994.5114688
994.5114674
994.5114659
994.5114683
994.5114683
994.5114682
994.5114681
994.5114679
994.5114676
994.5114669
994.5114674
994.5114673
994.5114684
994.5114684
994.5114684
994.5114684
994.5114683
994.5114681
994.5114679
994.5114678
994.5114678
994.5114678
994.511468
994.511468
994.5114679
994.5114687
994.5114683
994.5114655
994.5114656
994.5114662
994.5114683
994.5114683
994.5114683
994.5114682
994.5114681
994.5114679
994.5114676
994.5114669
994.5114646
994.5114684
994.5114684
994.5114683
994.5114682
994.5114679
994.5114678
994.511468
994.5114674
994.5114676
994.5114678
994.511468
994.5114681
994.5114684
994.5114687
994.5114685
994.5114677
994.511467
994.5114674
994.5114675
994.5114683
994.5114683
994.5114683
994.5114683
994.5114682
994.5114682
994.511468
994.5114678
994.5114673
994.5114683
994.5114683
994.5114682
994.5114679
994.5114681
994.5114681
994.511468
994.5114677
994.5114676
994.5114678
994.511468
994.5114685
994.5114686
994.5114685
994.5114683
994.5114682
994.5114683
994.5114683
994.5114683
994.5114684
994.5114684
994.5114684
994.5114684
994.5114683
994.5114683
994.5114683
994.5114682
994.5114681
994.5114683
994.5114683
994.5114681
994.5114673
994.5114683
994.5114683
994.5114682
994.5114681
994.5114677
994.5114676
994.511468
994.5114688
994.5114688
994.5114687
994.5114683
994.5114677
994.5114678
994.5114679
994.5114679
994.5114684
994.5114684
994.5114684
994.5114683
994.5114682
994.5114681
994.5114678
994.5114676
994.5114676
994.5114681
994.5114681
994.5114678
994.511467
994.5114684
994.5114684
994.5114683
994.5114682
994.511468
994.5114677
994.5114679
994.5114688
994.511469
994.5114691
994.5114692
994.5114693
994.5114691
994.5114671
994.5114662
994.5114683
994.5114684
994.5114684
994.5114683
994.5114683
994.5114682
994.5114679
994.5114677
994.5114678
994.511468
994.5114681
994.511468
994.5114678
994.5114673
994.5114684
994.5114684
994.5114684
994.5114683
994.5114681
994.5114677
994.5114679
994.5114692
994.5114689
994.5114688
994.5114691
994.5114698
994.51147
994.5114697
994.5114698
994.5114713
994.5114686
994.5114684
994.5114683
994.5114682
994.511468
994.5114677
994.5114678
994.5114682
994.5114683
994.5114683
994.5114682
994.5114683
994.5114683
994.5114684
994.5114684
994.5114684
994.5114684
994.5114684
994.5114683
994.5114679
994.511469
994.5114691
994.5114692
994.5114693
994.5114696
994.5114698
994.5114702
994.511471
994.5114716
994.5114692
994.5114686
994.5114684
994.5114682
994.511468
994.5114677
994.5114679
994.5114683
994.5114684
994.5114685
994.5114685
994.5114683
994.511468
994.5114684
994.5114684
994.5114684
994.5114684
994.5114683
994.5114683
994.5114679
994.511469
994.5114695
994.5114699
994.5114702
994.5114705
994.5114708
994.5114711
994.511472
994.5114718
994.5114705
994.5114698
994.5114694
994.511469
994.5114687
994.5114684
994.5114682
994.5114684
994.5114685
994.5114686
994.5114686
994.5114685
994.5114683
994.5114684
994.5114684
994.5114684
994.5114683
994.5114683
994.5114682
994.5114679
994.5114654
994.5114681
994.5114693
994.5114703
994.5114711
994.5114719
994.5114724
994.5114719
994.5114714
994.5114706
994.5114701
994.5114698
994.5114694
994.511469
994.5114687
994.5114685
994.5114685
994.5114687
994.5114687
994.5114687
994.5114686
994.5114684
994.5114684
994.5114684
994.5114683
994.5114683
994.5114682
994.5114682
994.5114679
994.5114671
994.5114683
994.5114691
994.5114698
994.5114706
994.5114719
994.5114731
994.5114726
994.5114717
994.5114705
994.5114701
994.5114697
994.5114694
994.5114691
994.5114688
994.5114687
994.5114687
994.5114688
994.5114688
994.5114688
994.5114687
994.5114684
994.5114683
994.5114683
994.5114683
994.5114682
994.5114682
994.5114682
994.511468
994.5114677
994.5114683
994.5114688
994.5114693
994.5114702
994.5114714
994.5114734
994.5114728
994.5114718
994.5114702
994.5114699
994.5114696
994.5114694
994.5114692
994.511469
994.5114689
994.5114689
994.5114689
994.5114689
994.5114688
994.5114686
994.5114683
994.5114682
994.5114682
994.5114682
994.5114681
994.5114681
994.5114682
994.5114683
994.5114688
994.5114689
994.5114691
994.5114692
994.5114695
994.5114695
994.5114733
994.5114726
994.5114714
994.51147
994.5114698
994.5114697
994.5114695
994.5114694
994.5114693
994.5114693
994.5114692
994.5114691
994.511469
994.5114688
994.5114685
994.511468
994.5114681
994.5114681
994.5114681
994.511468
994.5114681
994.5114683
994.5114687
994.5114687
994.5114687
994.5114686
994.5114685
994.5114685
994.511469
994.5114699
994.5114713
994.5114701
994.5114697
994.5114698
994.5114698
994.5114698
994.5114698
994.5114698
994.5114698
994.5114696
994.5114694
994.511469
994.5114686
994.5114684
994.5114683
994.5114681
994.511468
994.511468
994.511468
994.5114681
994.5114685
994.5114689
994.5114688
994.5114687
994.5114682
994.5114638
994.5114686
994.5114684
994.5114681
994.5114681
994.5114682
994.5114694
994.5114698
994.5114699
994.51147
994.5114701
994.51147
994.5114697
994.5114693
994.511469
994.5114686
994.5114682
994.5114682
994.5114683
994.5114683
994.5114682
994.5114682
994.5114682
994.5114684
994.5114688
994.5114688
994.5114688
994.5114677
994.5114662
994.5114684
994.5114709
994.5114687
994.5114681
994.5114679
994.5114681
994.5114693
994.5114698
994.51147
994.5114702
994.5114702
994.51147
994.5114697
994.5114694
994.5114689
994.5114683
994.5114672
994.5114693
994.5114682
994.5114683
994.5114684
994.5114684
994.5114685
994.5114688
994.511469
994.5114687
994.5114687
994.511465
994.5114636
994.5114643
994.5114702
994.5114683
994.5114677
994.5114679
994.5114683
994.5114692
994.5114697
994.51147
994.5114702
994.5114702
994.51147
994.5114698
994.5114695
994.5114692
994.5114683
994.5114704
994.511471
994.511468
994.5114683
994.5114685
994.5114686
994.5114687
994.511469
994.511469
994.5114685
994.5114681
994.5114674
994.5114673
994.5114677
994.5114687
994.5114682
994.5114682
994.5114682
994.5114684
994.511469
994.5114695
994.5114699
994.5114701
994.5114701
994.51147
994.5114698
994.5114695
994.511469
994.511468
994.5114657
994.5114653
994.5114674
994.5114681
994.5114684
994.5114686
994.5114688
994.5114689
994.5114687
994.5114683
994.5114679
994.5114678
994.5114678
994.511468
994.5114682
994.5114683
994.5114683
994.5114683
994.5114684
994.5114688
994.5114693
994.5114697
994.5114699
994.51147
994.5114699
994.5114696
994.5114691
994.5114683
994.5114674
994.5114664
994.5114655
994.5114664
994.5114676
994.5114682
994.5114685
994.5114687
994.5114686
994.5114682
994.5114682
994.5114678
994.5114678
994.5114679
994.511468
994.5114681
994.5114683
994.5114683
994.5114683
994.5114684
994.5114687
994.5114691
994.5114695
994.5114697
994.5114697
994.5114694
994.5114689
994.5114683
994.511468
994.5114678
994.5114677
994.5114675
994.5114672
994.5114672
994.5114677
994.5114681
994.5114685
994.5114684
994.5114678
994.5114681
994.5114676
994.5114677
994.5114679
994.511468
994.5114681
994.5114683
994.5114683
994.5114683
994.5114684
994.5114687
994.511469
994.5114692
994.5114692
994.5114687
994.5114684
994.5114682
994.5114681
994.511468
994.5114679
994.5114679
994.5114677
994.5114675
994.5114673
994.5114674
994.5114677
994.5114681
994.5114681
994.5114676
994.511468
994.5114674
994.5114675
994.5114678
994.5114679
994.511468
994.5114683
994.5114683
994.5114684
994.5114685
994.5114687
994.5114689
994.5114691
994.5114689
994.5114686
994.5114682
994.511468
994.5114675
994.5114667
994.5114666
994.511467
994.5114673
994.5114674
994.5114673
994.5114673
994.5114674
994.5114677
994.5114678
994.5114675
994.5114679
994.5114673
994.5114673
994.5114675
994.5114677
994.5114678
994.5114683
994.5114683
994.5114684
994.5114685
994.5114686
994.5114688
994.5114689
994.5114687
994.5114684
994.511468
994.5114676
994.5114669
994.5114658
994.5114654
994.5114665
994.5114671
994.5114674
994.5114674
994.5114674
994.5114674
994.5114675
994.5114676
994.5114675
994.5114678
994.5114674
994.5114671
994.5114671
994.5114674
994.5114675
994.5114683
994.5114683
994.5114683
994.5114684
994.5114686
994.5114687
994.5114687
994.5114684
994.5114681
994.5114676
994.5114671
994.5114663
994.5114656
994.5114655
994.5114664
994.5114671
994.5114674
994.5114675
994.5114677
994.5114678
994.5114678
994.5114678
994.5114677
994.5114678
994.5114685
994.5114692
994.5114671
994.5114671
994.5114672
994.5114682
994.5114683
994.5114683
994.5114683
994.5114684
994.5114685
994.5114684
994.5114682
994.5114679
994.5114677
994.5114673
994.5114669
994.5114665
994.5114663
994.5114667
994.5114672
994.5114675
994.5114677
994.5114678
994.5114678
994.5114678
994.5114678
994.5114678
994.5114678
994.5114687
994.5114692
994.5114676
994.5114677
994.5114678
994.5114683
994.5114683
994.5114682
994.5114682
994.5114683
994.5114683
994.5114682
994.5114681
994.511468
994.5114679
994.5114677
994.5114675
994.5114672
994.511467
994.5114671
994.5114673
994.5114677
994.5114679
994.5114678
994.5114678
994.5114678
994.5114678
994.5114678
994.5114678
994.5114681
994.5114682
994.5114678
994.511468
994.5114684
994.5114687
994.5114683
994.5114682
994.5114682
994.5114682
994.5114682
994.5114682
994.5114681
994.5114681
994.511468
994.5114679
994.5114677
994.5114675
994.5114673
994.5114673
994.5114675
994.5114678
994.5114678
994.5114678
994.5114679
994.5114679
994.5114679
994.5114679
994.5114678
994.5114675
994.5114677
994.5114676
994.511468
994.5114686
994.5114689
994.5114682
994.5114682
994.5114682
994.5114682
994.5114682
994.5114682
994.5114682
994.5114681
994.5114681
994.511468
994.5114679
994.5114678
994.5114678
994.5114678
994.5114678
994.5114679
994.5114678
994.5114678
994.5114679
994.5114679
994.5114679
994.5114679
994.511468
994.5114673
994.5114657
994.5114674
994.511468
994.5114685
994.5114688
994.5114681
994.5114682
994.5114683
994.5114683
994.5114682
994.5114682
994.5114682
994.5114681
994.5114685
994.5114684
994.5114681
994.511468
994.511468
994.5114685
994.5114687
994.5114684
994.511468
994.5114679
994.511468
994.511468
994.5114679
994.5114679
994.5114679
994.511468
994.511468
994.511468
994.5114679
994.5114681
994.5114682
994.5114681
994.5114682
994.5114682
994.5114682
994.5114682
994.5114682
994.5114682
994.5114682
994.5114682
994.5114682
994.5114682
994.5114682
994.5114682
994.5114682
994.5114682
994.5114682
994.5114682
994.5114681
994.5114681
994.511468
994.511468
994.5114679
994.5114679
994.5114698
994.5114737
994.5114744
994.5114725
994.5114734
994.5114717
994.5114709
994.5114702
994.5114686
994.5114691
994.5114697
994.5114726
994.5114688
994.5114697
994.511471
994.5114783
994.5114692
994.5114723
994.5114779
994.5115131
994.5114698
994.5114692
994.5114691
994.5114689
994.5114694
994.5114686
994.5114686
994.5114701
994.5114686
994.5114687
994.5114701
994.5114688
994.511469
994.5114701
994.5114693
994.5114699
994.5114708
994.5114708
994.5114713
994.5114704
994.5114716
994.5114717
994.51147
994.5114718
994.511472
994.5114698
994.5114722
994.5114725
994.5114697
994.5114734
994.5114756
994.5114696
994.5114765
994.5114753
994.5114686
994.5114686
994.5114686
994.5114762
994.5114759
994.5114761
994.5114686
994.5114686
994.5114738
994.5114753
994.5114686
994.5114686
994.5114686
994.5114686
994.511474
994.5114729
994.5114734
994.5114686
994.5114686
994.5114686
994.5114686
994.5114719
994.511471
994.5114714
994.5114686
994.5114689
994.5114695
994.5114701
994.5114709
994.5114707
994.5114708
994.5114707
994.5114714
994.5114709
994.5114702
994.5114707
994.5114705
994.5114707
994.5114705
994.5114706
994.5114711
994.5114706
994.5114704
994.5114704
994.5114703
994.5114703
994.5114701
994.5114701
994.5114699
994.51147
994.5114703
994.5114706
994.5114699
994.5114708
994.5114705
994.5114708
994.5114703
994.5114704
994.511471
994.5114704
994.5114707
994.5114701
994.5114699
994.5114699
994.5114703
994.51147
994.5114701
994.5114699
994.5114698
994.5114699
994.51147
994.5114699
994.5114697
994.5114699
994.51147
994.5114687
994.5114686
994.5114687
994.5114687
994.5114687
994.5114688
994.511469
994.511469
994.5114692
994.5114697
994.5114686
994.5114686
994.5114686
994.5114689
994.5114687
994.5114688
994.5114699
994.5114691
994.5114697
994.5114715
994.5114707
994.5114713
994.5114717
994.5114714
994.5114714
994.5114719
994.5114715
994.5114716
994.5114729
994.5114719
994.5114732
994.5114765
994.5114754
994.5114763
994.5114688
994.5114689
994.5114694
994.5114686
994.5114697
994.5114709
994.5114686
994.5114686
994.5114686
994.5114688
994.5114686
994.5114687
994.5114696
994.5114689
994.5114694
994.5114712
994.5114706
994.5114711
994.5114713
994.5114713
994.5114712
994.5114718
994.5114714
994.5114726
994.5114745
994.5114737
994.5114745
994.5114757
994.5114746
994.5114748
994.511469
994.5114687
994.5114691
994.5114693
994.5114692
994.5114695
994.5114704
994.5114687
994.5114686
994.5114687
994.5114693
994.5114688
994.5114693
994.5114712
994.5114703
994.5114716
994.5114713
994.5114717
994.5114721
994.5114733
994.5114727
994.5114725
994.5114736
994.5114727
994.5114726
994.5114689
994.51147
994.5114701
994.5114705
994.5114714
994.5114726
994.511473
994.5114694
994.5114686
994.5114699
994.511473
994.5114715
994.5114746
994.5114735
994.5114753
994.5114733
994.5114712
994.5114709
994.5114705
994.5114723
994.511469
994.5114703
994.5114702
994.5114689
994.5114686
994.5114687
994.5114685
994.5114687
994.5114685
994.5114704
994.5114707
994.5114716
994.5114704
994.5114701
994.5114706
994.5114707
994.5114701
994.5114704
994.5114704
994.51147
994.51147
994.5114699
994.5114708
994.5114705
994.511471
994.5114702
994.51147
994.5114701
994.5114699
994.5114698
994.51147
994.5114698
994.5114698
994.5114701
994.5114696
994.5114701
994.5114686
994.5114685
994.5114687
994.5114688
994.5114686
994.5114687
994.5114692
994.5114709
994.5114717
994.5114717
994.5114721
994.5114748
994.5114762
994.5114686
994.5114686
994.5114688
994.5114689
994.5114691
994.5114693
994.5114703
994.5114686
994.5114687
994.511469
994.5114706
994.5114713
994.5114714
994.5114726
994.5114754
994.5114754
994.5114686
994.5114686
994.5114688
994.5114705
994.5114713
994.5114718
994.5114736
994.5114737
994.5114745
994.5114727
994.5114724
994.5114708
994.5114702
994.51147
994.5114697
994.5114686
994.5114687
994.5114706
994.511474
994.5114722
994.5114716
994.5114723
994.5114709
994.51147
994.5114693
994.5114687
994.5114693
994.5114713
994.5114965
994.5115411
994.5115233
994.5116927
994.5114687
994.5114698
994.511473
994.5114761
994.5114839
994.5114692
994.5114692
994.5114699
994.5114703
994.511471
994.5114698
994.5114692
994.5114692
994.5114692
994.5114693
994.5114694
994.5114685
994.5114705
994.5114714
994.5114693
994.5114686
994.5114687
994.5114686
994.5114711
994.5114707
994.5114686
994.5114687
994.5114687
994.5114685
994.5114704
994.51147
994.5114687
994.5114687
994.5114697
994.5114686
994.5114701
994.5114696
994.5114709
994.5114743
994.5114752
994.5114733
994.5114714
994.5114729
994.5114729
994.5114739
994.5114725
994.5114721
994.5114716
994.5114712
994.5114708
994.5114705
994.5114688
994.511469
994.5114731
994.5114717
994.511472
994.511471
994.5114713
994.5114713
994.5114706
994.5114705
994.5114703
994.5114701
994.51147
994.5114709
994.5114738
994.5114694
994.5114715
994.5114708
994.5114702
994.5114705
994.5114702
994.5114696
994.5114694
994.5114695
994.5114692
994.5114711
994.5114705
994.5114699
994.5114697
994.5114763
994.5114882
994.5114714
994.5114743
994.5114736
994.5114763
994.5114852
994.5114809
994.5114899
994.5114693
994.5114703
994.5114694
994.5114692
994.5114696
994.5114693
994.5114695
994.5114692
994.5114691
994.511469
994.511469
994.5114689
994.5114698
994.5114698
994.5114692
994.5114885
994.5114704
994.5114762
994.5115127
994.5114779
994.5114816
994.5115903
994.5114875
994.5114974
994.5115199
994.5114723
994.5114694
994.5114707
994.5114742
994.5114709
994.5114713
994.5114788
994.511472
994.5114728
994.5114742
994.5114698
994.5114692
994.5114694
994.5114701
994.5114694
994.5114695
994.5114706
994.5114696
994.5114697
994.5114698
994.5114693
994.5114693
994.5114692
994.5114692
994.5114692
994.5114691
994.5114692
994.5114691
994.5114691
994.511469
994.5114691
)
;

boundaryField
{
    walls
    {
        type            zeroGradient;
    }
    wallFilmFace_top
    {
        type            zeroGradient;
    }
    region0_to_wallFilmRegion_wallFilmFace
    {
        type            zeroGradient;
    }
    mirrorFace_top
    {
        type            zeroGradient;
    }
    region0_to_wallFilmRegion_mirrorFace
    {
        type            zeroGradient;
    }
    procBoundary2to0
    {
        type            processor;
        value           nonuniform List<scalar> 
26
(
994.5114684
994.5114684
994.5114689
994.5114696
994.511468
994.5114679
994.5114682
994.5114682
994.5114681
994.511468
994.5114677
994.5114674
994.5114668
994.5114664
994.5114661
994.5114684
994.5114684
994.5114684
994.5114683
994.5114682
994.5114678
994.5114676
994.5114676
994.5114677
994.5114677
994.511468
)
;
    }
    procBoundary2to1
    {
        type            processor;
        value           nonuniform List<scalar> 
33
(
994.5114644
994.5114644
994.5114675
994.5114675
994.5114663
994.5114669
994.5114688
994.5114688
994.5114685
994.5114702
994.5114695
994.5114687
994.5114687
994.5114688
994.5114687
994.5114687
994.5114688
994.5114689
994.5114689
994.5114688
994.5114684
994.5114681
994.5114679
994.5114677
994.5114676
994.5114686
994.5114683
994.5114682
994.511468
994.5114675
994.5114677
994.5114678
994.5114679
)
;
    }
    procBoundary2to3
    {
        type            processor;
        value           nonuniform List<scalar> 
64
(
994.5114731
994.511472
994.5114715
994.5114708
994.5123007
994.5114715
994.5114749
994.5114896
994.5117544
994.51147
994.5114708
994.5114704
994.5114706
994.5114708
994.5114701
994.5114699
994.5114698
994.5114698
994.5114699
994.5114708
994.5114707
994.5114707
994.5114703
994.51147
994.51147
994.51147
994.51147
994.51147
994.5114699
994.51147
994.5114691
994.5114691
994.5114691
994.5114697
994.5114702
994.5114687
994.5114685
994.51147
994.5114704
994.5114691
994.5124871
994.5114945
994.5115562
994.5117468
994.51173
994.5117363
994.5114695
994.5114685
994.5114717
994.5114724
994.511472
994.5114711
994.5111745
994.5163478
994.5114724
994.5120792
994.5119223
994.5114796
994.5118278
994.5117847
994.5117589
994.5117322
994.5117311
994.5117466
)
;
    }
}


// ************************************************************************* //
