/*--------------------------------*- C++ -*----------------------------------*\
  =========                 |
  \\      /  F ield         | OpenFOAM: The Open Source CFD Toolbox
   \\    /   O peration     | Website:  https://openfoam.org
    \\  /    A nd           | Version:  8
     \\/     M anipulation  |
\*---------------------------------------------------------------------------*/
FoamFile
{
    version     2.0;
    format      ascii;
    class       surfaceScalarField;
    location    "1.8/wallFilmRegion";
    object      phi;
}
// * * * * * * * * * * * * * * * * * * * * * * * * * * * * * * * * * * * * * //

dimensions      [1 0 -1 0 0 0 0];

internalField   nonuniform List<scalar> 
2656
(
-0.0004213321586
-0.01356767054
-0.0009519756542
-0.001369718165
-0.001894112864
-0.001941554241
-0.002402871458
-0.002040827342
-0.003062538027
-0.002129841336
-0.003736271386
-0.001986342362
-0.001712514298
-0.001157193347
-0.01402859777
-0.001954626646
-0.002382473261
-0.00241095313
-0.002841018742
-0.002399849548
-0.002691183889
-0.002169397584
-0.002283752919
-0.001802490136
-0.001631501549
-0.001093660458
-0.00101916854
-0.0002612748056
-0.000485760445
-0.0001479498114
-0.0001859350718
-0.0001127830842
-0.0001333358564
-9.096926583e-05
-0.002556011447
-0.01564301288
-0.003335888687
-0.003684186633
-0.003220616266
-0.003459588247
-0.002598724145
-0.002744533547
-0.001831407601
-0.001899978376
-0.001140577432
-0.001070982356
-0.0005354736158
-0.0005187099945
-0.0001854521247
-0.0002460183489
-0.0001262497897
-0.0001661156628
-7.946398618e-05
-0.0001414922236
-7.331677217e-05
-7.901502882e-05
-0.0001053146273
-6.354038001e-05
-4.468140946e-05
-0.00411658034
-0.01790395584
-0.004187815159
-0.004388855073
-0.003320239752
-0.003255774152
-0.002241278047
-0.002181099756
-0.001310620067
-0.001354355472
-0.0006612164493
-0.0007307326667
-0.0003138566419
-0.0003585306773
-0.0001898106456
-0.0002012535704
-0.0001411429012
-0.0001574453228
-6.85800952e-05
-0.0001354312929
-5.562725019e-05
-6.636704251e-05
-4.56846552e-05
-5.390491672e-05
-4.00687947e-05
-4.904848812e-05
-2.29737672e-05
-4.284043507e-05
-1.428481936e-05
-3.513532971e-05
-7.804465549e-06
-2.607011225e-05
-1.711618761e-05
-0.004748780971
-0.01718434752
-0.00379372598
-0.003280913915
-0.002562462407
-0.002070553751
-0.001573121358
-0.001305078685
-0.0008971691087
-0.0008763140877
-0.0004764320656
-0.0005525282569
-0.0002715196729
-0.0003200219168
-0.0001949050792
-0.0001883699457
-0.0001469803898
-0.0001193341095
-6.248716595e-05
-7.915103111e-05
-5.178419041e-05
-5.248869767e-05
-4.267082809e-05
-4.402458378e-05
-3.386355965e-05
-4.226193866e-05
-2.533925812e-05
-3.95198143e-05
-1.734780991e-05
-3.533695605e-05
-1.08229452e-05
-2.878528292e-05
-6.697427222e-06
-2.050956841e-05
-7.197659001e-10
-2.100735296e-05
1.087385811e-09
-0.003156621496
-0.01210642187
-0.002193546766
-0.001232629958
-0.001450291344
-0.0008004502118
-0.0009767202142
-0.0005871427433
-0.0006619297545
-0.0005148163661
-0.0004293153882
-0.0004231148969
-0.0002654182055
-0.0003193562181
-0.0001643214404
-0.0002259951608
-0.0001025274768
-0.0001601602672
-5.91693486e-05
-0.0001083405164
-4.772038089e-05
-4.46202772e-05
-4.108243379e-05
-3.324202365e-05
-3.488648458e-05
-3.363105572e-05
-2.867345263e-05
-3.394266709e-05
-2.201881353e-05
-3.367763243e-05
-1.577764932e-05
-3.049585301e-05
-1.484958912e-05
-2.061959804e-05
-3.660004879e-05
-3.53180091e-06
-0.000123324656
3.300045845e-05
-0.0003679485696
-0.0002225527624
-0.0003545855216
-0.002197867805
9.20504487e-05
-0.00217987785
-0.002837740455
-0.0009172924311
-0.00894769734
-0.0007283562227
-0.0004895428701
-0.0006337916123
-0.0003398606611
-0.0005511157904
-0.0002711543974
-0.0004852229811
-0.0002912427227
-0.000402153081
-0.0003029277784
-0.0002976563341
-0.0002955339578
-0.0002013675036
-0.0002680138113
-0.0001238518335
-0.0002429451891
-5.019285151e-05
-0.0002007498104
-4.112348704e-05
-3.540195294e-05
-3.700394369e-05
-2.146635123e-05
-3.393325484e-05
-2.257066132e-05
-3.148195102e-05
-2.441145999e-05
-2.861457499e-05
-2.725563691e-05
-2.381521682e-05
-2.949014074e-05
-2.003927244e-05
-2.108190289e-05
-1.378201097e-05
3.340545789e-06
-0.0001522398545
-0.0001733837597
-0.0008074725127
-0.0001080228263
3.676223267e-05
-0.002608411623
-0.0002623401548
-0.004719353111
-0.0004939921684
-0.006941859088
-0.001645551764
-0.0001046970562
1.327721761e-05
-0.0002695818679
-0.007313376122
-0.0002512444997
-0.0002708067937
-0.0002905554021
-0.0001828185182
-0.0003040047471
-0.0001277035375
-0.0003225027272
-0.000145554101
-0.000326191927
-0.000171035244
-0.0002990690274
-0.0002046408932
-0.0002454391084
-0.0002422868258
-0.000177638441
-0.0003465757839
-3.854423586e-05
-0.0004704421027
-3.103711355e-05
-2.361386371e-05
-2.866028325e-05
-1.043881903e-05
-2.800766827e-05
-1.070094964e-05
-2.947878473e-05
-1.135412445e-05
-3.390698802e-05
-1.245186143e-05
-4.250755342e-05
-1.37818908e-05
-4.384026117e-05
-2.018729975e-05
-0.0001057695624
4.327838376e-06
1.740924521e-05
-0.001611901784
0.000146181009
-0.0003970101968
3.002300856e-05
-0.0027658195
-0.0005763934146
-0.005346299902
-0.001062021308
-0.006780573394
-0.001818270303
0.0003633249098
-0.0009042371765
0.0003490332204
0.001801432214
-0.0001096769267
-0.006334667521
-0.0001160398157
-0.0001826019698
-0.0001557680713
-0.0001128921186
-0.0001589489705
-5.961683194e-05
-0.0001714081062
-6.529517491e-05
-0.000188010295
-7.731516872e-05
-0.0001950815333
-9.6721483e-05
-0.0001690220449
-0.0001202593771
-0.0001547351874
-0.0004216397338
-2.671778584e-05
-0.0009948720336
-1.829941684e-05
-1.237240417e-05
-1.627163683e-05
-3.095170934e-06
-1.534009496e-05
-2.684127145e-06
-1.534500054e-05
-2.339919217e-06
-1.530352181e-05
-1.980773244e-06
-1.098316663e-05
-1.58331434e-06
2.739832661e-05
-1.047143816e-05
9.44319263e-05
-0.0004305651018
-0.0003201665953
-0.002294079419
-0.001124801915
-0.001412823378
-0.002198636944
-0.002881157826
-0.0007169408125
-0.002438599456
-0.0006978869105
-0.001906776427
-0.001292078147
0.0006681716538
-0.001936772194
0.0005146623048
-0.0005512296195
-3.282154931e-05
-0.005640227744
-5.558079524e-05
-0.0001566572381
-9.105252484e-05
-7.689849971e-05
-8.568920058e-05
-3.315663336e-05
-8.675953399e-05
-4.086052342e-05
-8.906334648e-05
-5.988085742e-05
-7.784007679e-05
-8.362201998e-05
-0.0001548627169
-0.0001606422725
-0.0001164444506
-0.002651966531
-1.467507698e-05
-0.001107877944
-6.956737132e-06
-3.937470994e-06
-5.261986749e-06
-3.318169202e-07
-3.980223112e-06
-1.85439152e-07
-2.951130546e-06
-9.839262962e-08
-1.963350234e-06
-5.349430096e-08
-6.331068791e-07
-2.494319729e-07
1.244535841e-05
-2.052292436e-05
-0.0002760619691
-0.000915468592
-0.002489506375
-0.0007543729866
-0.005187385991
-7.260534325e-05
-0.00569515724
0.0009871032515
-0.001668894512
0.001707201562
0.001362682869
0.002086520895
0.003510151576
0.0006729277135
-0.000941646242
0.002802094492
-0.003006449118
0.001339423114
0.001880664718
0.0001878201537
-0.004998181784
-3.361776531e-05
-0.000133197683
-7.055646418e-05
-4.541491394e-05
-7.688938332e-05
-2.491813192e-05
-9.849895368e-05
-4.507752175e-05
-0.0001209136156
-9.702677214e-05
-0.0002301757979
-0.0001490248091
-0.002956513987
-3.965242475e-05
-0.0004867376875
0.0001984559168
-5.259659536e-06
-0.000642811221
-1.118932852e-06
4.718508082e-07
-5.77218135e-07
6.478569056e-08
-2.668611356e-07
4.003996911e-08
-1.289702157e-07
2.273229869e-08
-5.531525123e-07
1.355508404e-08
-7.472898145e-06
1.187562556e-08
1.230560203e-05
-0.0002461713723
-0.0001711649844
-0.001020999159
-3.833587103e-06
-0.0006054031476
2.403991533e-05
-4.245871581e-05
-0.001403886855
0.0005820123449
-0.001266603885
0.003994582319
-0.000415142368
0.006598754298
-0.0003534612879
-0.000301129997
-0.0003423193956
0.0004612544681
-0.0007499760687
0.00129255985
0.001654887431
0.0002170232442
-0.004552231705
-2.785909013e-05
-8.683754008e-05
-8.188010795e-05
-4.51453604e-06
-0.0001291409319
-8.470235912e-06
-0.0002311109472
-2.247107901e-05
-0.0003265406894
-5.906420665e-05
-6.249841156e-05
-0.0001008073575
-3.379084744e-05
2.783599823e-06
1.839247047e-06
4.452093767e-05
-3.150410113e-05
-0.0002226279507
-4.963320075e-06
3.078454675e-05
-3.308321918e-06
1.682907137e-06
-2.375312808e-06
8.742105408e-07
-5.415177199e-06
5.087071656e-07
-2.974996591e-05
3.684675304e-06
-0.0001571463485
5.44945044e-07
-0.0002736303764
-0.0006347230026
-0.0001392693176
-0.0009077504553
-6.678188379e-06
-0.0005035339536
1.918006609e-05
-5.433177921e-05
0.0001042988864
-3.121537646e-05
6.64209254e-05
-3.979475738e-05
0.001120877088
0.004894403926
0.001437547084
-0.001068295215
-5.744410975e-06
-0.001250900997
-9.842352305e-05
0.001814538177
0.0008111985582
0.0002771485485
-0.004644098262
-8.729595075e-06
-4.613715348e-06
-0.0001191165719
8.953559478e-05
-0.0001937416098
2.984559787e-05
-0.0003631276239
3.19844622e-05
-0.0006605026087
1.506860789e-05
-0.0009396020567
-1.330823635e-05
-0.000710187954
-1.330603287e-05
-0.0006050025499
-3.30329254e-05
-9.858005855e-05
-0.001010959067
-4.958729468e-05
4.22553398e-05
-4.560000409e-05
1.679508566e-05
-3.799974246e-05
7.039620916e-06
-2.485431656e-05
2.446111228e-06
-0.0001462210959
2.365923571e-05
-0.0003020639227
-0.0002766365918
-0.0003307471959
-0.0006732105525
-0.0001595648657
-0.0007168021434
-1.993659518e-05
-0.0004245570517
4.073466739e-05
-0.0001013350821
0.0001117371106
-0.0001059523459
0.0002438208094
-0.0002957985346
0.0009133188449
-0.0001826777068
0.001390606869
-0.00133727088
0.001177923241
-0.0009501610537
0.000986992214
0.001427656754
0.0003393140517
0.0006856357744
0.0002997069517
0.0002734757962
-0.004924091766
-2.886251645e-05
7.737173872e-05
-0.0001189700808
0.0001878605778
-0.0001366059684
4.882843212e-05
-0.0001832003883
4.885714035e-05
-0.0003138995428
4.029010071e-05
-0.000689835072
2.387765412e-05
-0.001515286397
1.698296587e-05
-0.002451694291
7.134384297e-05
-0.0001335421862
0.0001417014634
-7.220485929e-05
9.777293382e-05
-7.322749799e-05
4.724472358e-05
-2.966794787e-06
-3.241005142e-05
0.0007348633615
0.0004544042034
-4.261006648e-05
0.0008235605632
-0.0003607931687
-0.0003833315821
-0.0003143472465
-0.0005952050807
-0.0001595481333
-0.0004765222829
-4.029260353e-05
-0.0003217690686
9.928077403e-05
-0.0001807952596
0.0002072746644
-0.0002509946989
0.0001509418475
-0.0002671608747
0.0005029135337
-0.0007498446292
0.0009231259904
-0.00122143359
0.0002191831303
0.0003137958448
0.001186883285
0.0009455012506
0.0004490955936
0.0007694431365
0.0003585250375
0.0002164414586
0.0003045952373
0.0002633757797
-0.004387084509
-5.964051346e-05
0.0002288533824
-0.0001158415618
0.000259381001
-0.0001093648827
6.766118551e-05
-0.000108929438
6.376769504e-05
-0.0001258157739
5.601157864e-05
-0.0001905103562
5.271511295e-05
-0.0003202209503
6.947928302e-05
-0.0003847450221
0.0001301679592
-0.0002406530273
0.0002227445822
-0.0002115686731
0.0001331684163
-0.0005446097796
9.502670715e-05
-0.0001381776911
6.415467976e-05
0.0008410184074
0.0007750105191
-0.0001239971662
0.0009984039247
-0.0004149131186
-0.000361955215
-0.0002699750189
-0.0003930544532
-0.0001414932826
-0.0002540202423
-4.529739174e-05
-0.0001774402634
0.0001518846383
-0.0002318388513
0.0001414652383
-0.0004284666413
7.792860893e-05
-0.0003276227655
0.0002238668115
-0.0007655050335
0.0001121514388
-6.381770685e-05
-7.351172582e-05
0.001001958317
-4.446125712e-05
0.0007147286827
0.0001404813812
0.001211353619
0.0006478264268
0.0006945777471
0.0005413799001
0.0002630793129
-0.002770196938
-6.400455424e-05
0.0003554966023
-0.0001267184918
0.0002950985688
-0.0001121473986
9.337159976e-05
-0.0001020900726
8.435427778e-05
-0.0001031400798
7.12819351e-05
-0.0001262687233
6.077820995e-05
-0.0001751349908
5.950397949e-05
-0.0002208676739
7.860462105e-05
-0.0001709671224
0.0001229080338
-0.0001098829531
0.0001084631298
-6.235649456e-05
8.990133673e-05
-1.926523982e-05
7.292398217e-05
0.0005254946974
0.001245103498
-0.0002786511741
0.0008171689877
-0.00036490769
-0.0002279724134
-0.0001864738959
-0.0001647991625
-9.777304448e-05
-8.862717981e-05
-2.63239144e-05
-4.464758785e-05
0.0002627161007
-0.0001583532508
0.0003477649699
-0.0003508208318
0.0001208966874
-0.0005039363163
-0.0006350339078
-0.0003570516189
-0.0004968707007
0.00114493018
-0.0004758393611
0.0006999438654
-0.0003610667277
0.001270490618
2.337970816e-05
0.001610065067
0.0004334651758
0.001343652043
0.0004811841362
-0.0001648888865
-0.001503277333
-0.0001527466114
0.0004693981501
-0.0001500653405
0.00029407784
-0.0001270521587
0.000128907093
-0.0001057694464
0.000111236222
-8.986326046e-05
8.738980004e-05
-8.378421498e-05
6.484004866e-05
-8.884206223e-05
4.963138751e-05
-9.822623359e-05
4.991547958e-05
-9.068119081e-05
7.171261934e-05
-7.343982051e-05
9.064283556e-05
-6.199857318e-05
0.0001076086608
-3.709135485e-05
0.0001448188367
-0.0002072885366
0.001694230601
-0.0003956967762
0.000681408669
-0.0002336457375
-2.023964749e-05
-9.695903709e-05
-1.627419893e-05
-3.743942457e-05
-1.142906693e-05
2.274456071e-06
-9.653894066e-06
0.0003518617716
-9.877934668e-05
0.001018006836
-0.0001979785382
0.001107345496
-0.0005501443659
0.0003550120664
-0.0006139339914
1.796895461e-06
0.001373154083
-0.0001996630112
0.0005297334648
-0.0003127387104
0.001248598589
-4.528782076e-05
0.001301897467
2.303436208e-05
0.001206166341
-0.0001071258545
0.0004847166805
-9.865977767e-05
0.0004575655626
0.0004815435936
0.001003960066
0.0003809322683
0.000415427957
0.0003727587335
0.0005869795608
0.000481087283
-0.0003388259275
-0.0007076499186
-0.0002278714062
0.0005524000843
-0.0001868419031
0.0003187262529
-0.0001523656779
0.0001759711974
-0.0001180095824
0.000145682245
-8.919416716e-05
0.0001070930866
-7.254980607e-05
7.22002313e-05
-7.478364425e-05
5.053112785e-05
-0.0001107365527
5.360242831e-05
-0.0002379367709
0.0001095701111
-0.0005879851607
0.0002892787053
-0.001198315819
0.000682567278
-0.001757213984
0.001121278028
-0.0009173704397
0.001451906601
-0.0002599286291
0.0004717451188
-9.783724553e-05
6.379633398e-05
-4.304552562e-05
2.211473778e-05
-2.230573487e-05
9.056215551e-06
-4.847356228e-05
2.923627899e-06
0.0003757232483
-0.0004608193971
0.001482716624
-0.0004251854953
0.00389161915
-0.0001543629076
0.003643237249
0.0003067317866
0.000792162032
0.001361274849
-0.0001324600718
0.0004572524836
-0.0002520034832
0.0007912726735
-0.0001508866358
0.0009168894211
-2.646379449e-05
0.0008700458549
-3.807472379e-05
0.000537351911
2.810917948e-05
0.0004228041009
0.00017744272
0.0005281655341
0.000304950645
0.0002906974408
0.0003537692408
0.0005337240815
0.0007032413312
-0.000456467946
0.0001087535824
-0.0002981286974
0.0006049223167
-0.0002335981456
0.0003699345328
-0.0001841428857
0.0002301126033
-0.0001345116562
0.0001840471569
-9.428292838e-05
0.0001281189576
-7.363454716e-05
8.138650644e-05
-8.336859115e-05
5.711143141e-05
-0.0001578614052
7.006054822e-05
-0.0004303650953
0.0001766157947
-0.001120811399
0.0005327446647
-0.001935413088
0.001177250196
-0.001948518398
0.00160462984
-0.0009633321201
0.001289028344
-0.0004250840755
0.0004979739927
-0.0002657146993
0.0002318690073
-0.0002350222644
0.0001983048132
-0.0003533474824
0.0002343054256
-0.0008071005827
0.0003046861149
-0.0009798887549
-0.0005073022467
-0.000805913704
-0.0003364150747
-0.0005185064919
0.000170238236
-0.000336756872
0.0005556391719
-0.0001304960515
-5.973640658e-05
-9.150536264e-05
9.841954763e-05
-0.0001248540187
0.0004579758081
-0.0001089594257
0.0007590371978
8.42533317e-05
0.0006442463839
0.000218053846
0.0004731007435
0.0001168965543
8.063294227e-05
-0.0004965699032
1.115293076e-05
-0.0005446085651
-0.0001459836231
3.99949865e-05
0.000166604702
-0.0005775717782
0.001280899043
-0.0003799797078
0.0006873601729
-0.0002883614933
0.0004420904337
-0.0002215799212
0.0002838477222
-0.0001559928181
0.0002201945301
-0.0001052199623
0.0001465367039
-8.189991658e-05
8.903730607e-05
-9.545186989e-05
6.188981284e-05
-0.0001835912462
7.64157694e-05
-0.000522723436
0.0001949840588
-0.001457428816
0.0005816929053
-0.002612638467
0.001236744436
-0.002639702242
0.001630137371
-0.00158404376
0.001186794085
-0.000885476434
0.0006453124958
-0.0007011525181
0.0006508682604
-0.0005819919949
0.0007220994471
-0.0006563849694
0.0008177728693
-0.001120868133
0.0008589158639
-0.001287818458
-0.0006057436321
-0.001265604044
-0.0003835318357
-0.0008413735929
0.0001063736523
-0.0003499397967
0.0005940565454
-6.738133552e-05
-0.0006726190643
-6.765411885e-05
0.001257225445
-0.0001447210699
0.0005970550365
-0.0002869751278
0.0007401562882
-0.0001781368037
0.0006654804671
0.0003023807137
0.0003289410047
0.0006711987382
-0.00022215189
0.0005198752471
-0.0002520914582
0.0001296169557
-0.0002971462309
-0.0008982358903
0.002274845665
-0.0006580793943
0.0009676734959
-0.0005112190206
0.0006422561514
-0.0004139757139
0.0004209857611
-0.0003237645661
0.0003219165972
-0.000241057664
0.0002094110749
-0.0001830462775
0.0001164159233
-0.000173280615
5.897956171e-05
-0.0002883575964
5.162509443e-05
-0.0008328392242
0.0001063779823
-0.002275882033
-0.0001160745929
-0.004060245429
-0.0003648663609
-0.004408079312
-0.0004473812345
-0.003032853024
-0.0004300487543
-0.001478414023
-2.328453551e-06
-0.001673732332
0.001324027306
-0.001582545261
0.001801292142
-0.00132146567
0.002281591383
-0.001172590835
0.002003311066
-0.001104960957
-0.0006515903567
-0.001299398554
-0.0003827807357
-0.001883726089
-9.886679244e-05
-0.002022154825
0.0004764562749
7.745765884e-05
0.001503755634
0.0007674210711
0.003159433516
9.241945392e-05
-3.18390377e-05
-0.0004876448785
0.001027882531
-0.0001490840018
0.0007486184845
0.0003532298148
0.0004566313788
0.0001872345566
-2.619132669e-05
-0.0003452621985
-0.0004163292698
-0.0006523001499
-0.001470564007
0.002271297047
-0.001314257363
0.00128643678
-0.001085881245
0.001031346794
-0.001024817061
0.0007716095049
-0.00104309277
0.0006675791294
-0.001157883064
0.0005401372009
-0.001339634371
0.0003531444321
-0.001457050362
4.842941708e-05
-0.00148668885
-4.194378106e-05
-0.001357254651
-0.0007326602433
-0.001566445545
-0.0003664662574
-0.001515110263
-0.0002198130904
-0.00139096562
-0.0002192330632
-0.001396777224
-0.0002096643666
-0.001704614818
-0.0001051898002
-0.002291625313
0.001403219077
-0.002784830624
0.002110329155
-0.002524966454
0.002973740214
-0.0009226773166
0.002811768665
-0.0007427760016
-0.0005886415425
-0.0007394952242
-0.0003287042683
-0.0007661317238
-0.0001896437284
-0.0007825509041
3.437801328e-05
-0.0003219591508
0.001299041635
-9.004776948e-05
0.002208539333
-0.0003593819271
-0.0008698310664
-0.0001891879359
0.0008002986216
-6.64626611e-05
0.0005878070209
-0.0001108338165
0.0004807772987
-0.0005711253655
1.248504094e-05
-0.0008514435319
-0.0005209747462
-0.0005842155329
-0.001528566467
0.002134723757
-0.001645084493
0.0009316305404
-0.001236586328
0.001020435127
-0.00104616192
0.0006606997603
-0.0007758461925
0.0004663521955
-0.0004302863109
0.0002722689185
-0.0001328313312
0.000129726119
-0.0001737630364
5.897208837e-05
-0.001015556442
8.323293984e-05
-0.0005097910853
0.0002732063173
-0.0004132074826
-1.925135305e-05
-0.0003711483473
-2.391036832e-05
-0.0003639654915
-1.664397737e-05
-0.0004436651198
-4.094447156e-07
-0.0008324742236
6.80492648e-05
-0.001206673759
0.0005428771254
-0.001440344195
0.0009115132419
-0.001665333735
0.0009595441833
-0.000916184148
0.0001820720591
-0.0007271250166
-0.0005752926712
-0.0006433611199
-0.0003416467572
-0.0007428924743
-0.0002685308578
-0.001545958931
-0.0001663956444
-0.002574334113
0.0002783097005
-0.0008413465099
0.001960908888
0.0009447133685
0.001553412145
0.0005459552612
0.0006042245279
-0.0006216322414
0.000556270363
-0.0008463482142
0.0007961277325
-0.0008838029417
0.0007111170939
-0.000827909106
0.0003402941131
-0.0006113230543
0.002413343173
-0.001045916531
0.000393431164
-0.00100817901
0.0006397236879
-0.001136372917
0.0003727821306
-0.001211142533
0.0002528174547
-0.001181906415
0.0001730278629
-0.001138981956
0.0001754327541
-0.001144990206
0.0002195012316
-0.00108493305
0.000210411546
-0.0006893761124
0.0002192650483
-0.0005795200807
0.0001846212765
-0.000492070849
0.0001701163308
-0.0003621331702
0.0001695000917
-0.0002149593016
0.0001340072361
-0.0001307886445
9.384123843e-05
0.000146478232
-3.364651017e-06
0.0004537531848
-2.717274979e-06
0.0003843947767
-7.531565401e-06
-0.0004644010172
-0.000224203479
-0.0008802330811
-0.0003568875305
-0.0008928438286
-0.0002746374589
-0.0009275467562
-0.0002425415919
-0.0009193572327
-0.0002517248283
-0.0009916781406
6.318280912e-05
-0.0008103007511
0.0008165704694
-0.000610002042
0.001225657655
-0.0004049747203
0.0002766856504
-0.0005277431639
0.000486225563
-0.0004984979919
0.0008993705551
-0.0004021908617
0.001235266665
0.0008134328147
-3.81319127e-05
0.003035315069
-0.0001771099967
0.0002501822068
-0.000383334269
0.0003053762838
-0.0004182133117
0.000146375513
-0.0005203130955
0.0001068262064
-0.0006786655058
9.163239702e-05
-0.0008118175902
0.0001236296229
-0.0008681589174
0.000184134477
-0.0008710310059
0.0002339481863
-0.0008223037795
0.0002730121292
-0.0007564119328
0.0003040766257
-0.0006357503816
0.0003231212017
-0.0004201407006
0.0003031922204
-0.0001728168608
0.0002131330017
-8.602187422e-06
9.659625975e-05
-1.101564615e-05
-1.755981769e-06
-1.720247519e-05
-2.708450141e-06
-8.662759433e-05
-7.421670129e-06
-0.0007980999813
-5.293008443e-05
-0.001028661844
-4.458903749e-05
-0.0009312612342
0.0001464674249
-0.0008754986181
5.994979025e-05
-0.0009317007461
-0.0002295889416
-0.001043359941
-0.0001774553666
-0.001135403766
0.0002501565698
-0.0008934372926
0.0004357005719
-0.0004896520777
0.0002074578951
-0.0003684990252
0.0004624344462
-0.000198269385
0.0008443565454
-2.6823414e-05
0.001297672572
0.0007918355127
-2.399576803e-06
0.003654962456
-0.0001341278288
0.0001586880854
-0.0002006189032
4.169262168e-05
-0.0002032593729
2.862932116e-06
-0.000263434321
-5.05938016e-06
-0.0003921274276
-6.376166506e-06
-0.0005263182541
3.177011197e-05
-0.0006239819193
0.0001299605857
-0.0006873260815
0.0002250653014
-0.0007197914209
0.0003039156971
-0.0007012138845
0.0003759911558
-0.000596643888
0.0004279287138
-0.0003771955592
0.0003825470976
-0.0001386581344
0.0002593185645
-2.467365364e-06
0.0001048181114
-4.376057941e-06
-6.300828662e-07
-9.838044047e-06
-8.342231629e-07
-4.352510984e-05
8.249072458e-07
-0.0003752068138
1.372946386e-05
-0.001404857036
4.902502314e-05
-0.001811075911
0.000557981908
-0.001962741436
6.263984661e-05
-0.001393271044
-0.0003996250755
-0.001105869039
-0.0005106813606
-0.001435560528
0.0005297984909
-0.001030369042
0.0004596179135
-0.0003166927456
0.0005932332922
-1.112188765e-05
0.000580686155
0.0002102631564
0.0008464998844
0.0005505985249
0.001233419389
0.0006631417679
-0.0005177122881
0.004564375917
-0.0003652365587
-3.270844328e-05
-0.0001767210681
-9.236310861e-05
-0.0001116802672
-1.747725364e-05
-0.0001203702766
-1.293636823e-05
-0.000217006911
-2.141001333e-05
-0.0004100032733
-2.715549393e-05
-0.0006116583999
6.078154719e-06
-0.0007486358607
0.0001366024897
-0.0008028597857
0.0002741224641
-0.0007505613813
0.0004027559919
-0.0005733332621
0.0004925478261
-0.0003295007929
0.0004416309189
-0.0001146119835
0.0002878824527
-5.444796035e-06
0.0001108368575
-1.204523359e-05
2.06108996e-06
-2.486770037e-05
3.468152588e-06
-5.004240219e-05
4.205336276e-06
-0.0001179177321
1.383013623e-06
-0.0005529218323
-8.151858996e-05
-0.001361067697
-0.000396489504
-0.001999088023
-0.0007034021214
-0.001914881575
-0.0008046869816
-0.0008697398883
-0.0004567616652
-0.0006968879708
0.0005174614005
-0.0003271514655
3.408151935e-05
0.0003403143763
0.0001931562396
0.0006491208583
0.0001753134923
0.0008233756686
0.000918243787
0.001083591109
0.001236786497
0.0004724386447
-0.0002389234092
0.005280763626
-0.0001748183524
-0.0001944030369
-4.688571654e-05
-0.000468398551
-3.421243103e-05
-3.87793622e-05
-5.394199511e-05
-9.080672667e-06
-0.0001031040923
-1.283243412e-05
-0.0002113465644
-2.094798598e-05
-0.0004203387595
-2.46279603e-05
-0.0006787784628
-1.822604411e-05
-0.0008109009798
3.946464356e-05
-0.0007795196502
0.0002737302977
-0.0005654507386
0.0004699141294
-0.0002947633918
0.0004758770766
-0.0001011242932
0.0003116377722
-1.671409352e-05
0.0001167743649
-3.33093205e-05
8.618030801e-06
-6.093413303e-05
1.018888478e-05
-0.0001258232308
1.974941242e-06
-0.0003058852986
-0.0001016020415
-0.0006921541389
-0.0003593667583
-0.001014916478
-0.000603684913
-0.001135388385
-0.0006382430162
-0.00144669819
-0.0006245201262
-0.001452249831
-0.0004711367091
-0.0002938644374
-0.0001752371999
0.0005015315188
0.0002165435137
0.001065827259
-0.002127915334
0.001337782204
-0.003368104529
0.0009885646399
0.0007355529668
0.0009252272209
0.001324465396
3.031846207e-05
-0.0005359898031
0.005530907198
-0.0004467752148
-0.00106345068
-7.843620302e-05
-0.001920293638
-1.861070016e-05
-0.0001345701427
-2.730073746e-05
-3.928410612e-06
-4.372898743e-05
-4.281716878e-06
-7.219380112e-05
-6.997311516e-06
-0.0001198166398
-8.82037249e-06
-0.0002129973395
-8.132785372e-06
-0.0004005030132
-9.887150506e-06
-0.0005424951651
3.061237438e-05
-0.000487271628
0.0003043811418
-0.000286698083
0.0004442255953
-0.0001146082267
0.0003315817546
-4.918616341e-05
0.0001244101955
-8.269675495e-05
1.503823867e-05
-0.0001665486432
1.229380353e-05
-0.0003583105005
-0.000101586557
-0.0006222087775
-0.0002681168246
-0.0007227306191
-0.0004584886396
-0.000677024521
-0.0004828779692
-0.0006612539464
-0.0004665301378
-0.0007599238103
-0.0004066193447
-0.0008125969877
-0.0003069544009
-0.0003413511198
-1.129641595e-05
4.259052888e-05
0.0001304458447
0.0001263019123
-0.004573507154
0.0009811978963
-0.006322823725
0.0009666150601
0.0005506969339
0.0006166848087
0.001364037061
0.0001702073265
-0.00106525058
0.004555104253
-0.0008090268616
-0.002254530268
-0.0002479837591
-0.005043076631
-8.012624277e-06
-0.0005582335745
-1.007623389e-05
1.004607396e-06
-1.529875405e-05
8.685535899e-07
-2.281137791e-05
1.157531293e-06
-3.264104628e-05
2.626797835e-06
-5.005347117e-05
6.668176921e-06
-0.0001015514702
9.269832683e-06
-0.0002446994758
2.957601924e-05
-0.0003515627846
0.0001523558221
-0.0002764108695
0.0003280763793
-0.0001514650317
0.0003323268109
-0.0001629032828
0.0001844427081
-0.0003334211945
7.312757619e-05
-0.000806316197
9.210004858e-05
-0.001085579855
-0.0002635663495
-0.0009209770353
-0.0002947181649
-0.0006997009874
-0.0003117084277
-0.0005131886994
-0.0003196176339
-0.000365535941
-0.0002426282656
-0.0003078578618
-0.0001123642406
-0.0002825453613
-3.716964201e-05
0.0001330051344
-8.390255941e-05
0.0002960030262
-0.0004347736129
-0.0003063687899
-0.003264039871
0.0001438388621
-0.002931232262
0.0004711772759
0.0001667102724
0.0002209810203
0.0003406911882
6.537051513e-05
-0.001075032331
0.002788297338
-0.0005336317913
-0.002533339505
-0.001070400162
-0.008455779874
-0.0001517610487
-0.002090178136
-0.0001133065646
3.970170059e-05
-0.000118679587
5.025991789e-05
-0.0001254804421
5.704593104e-05
-0.0001282750395
6.615995609e-05
-0.0001238346195
7.35446542e-05
-0.0001249336816
7.682681894e-05
-0.0001627415766
8.278220351e-05
-0.0002222537529
0.0001190237737
-0.0002079249725
0.0002055486633
-0.0001046349819
0.0002491656187
-2.08374994e-05
0.000148633987
2.004830925e-05
8.388907189e-05
-0.0008389991363
0.0008024238749
-0.0008173689609
-0.0001329613325
-0.0006209588347
-0.0001734578288
-0.0004415902909
-0.0001738995736
-0.0002627997667
-0.0001122203219
-0.0001073880778
-6.177011041e-05
-2.576364107e-05
-3.031079451e-05
9.875344151e-06
-1.374069487e-05
0.0001536549292
-5.309612557e-05
9.46046291e-05
-0.0002872530883
-0.0002426717413
-0.001555776396
-0.0006054254509
-0.0005127614696
-0.0002215482527
-0.0005520750412
6.190797141e-05
-0.001255350503
7.113380677e-06
-0.0001891554323
0.005040199026
0.0005386233614
-0.001860945991
-0.002245126494
-0.009558507898
-0.001200169322
-0.004423873252
-0.0002615356392
-0.001168062767
-0.0002939088905
0.0001850434645
-0.0003071974329
0.0001668210832
-0.0003099792088
0.0001926014322
-0.0002938021765
0.0002119113225
-0.0002572247496
0.0002157593744
-0.0002121253299
0.0001983113251
-0.0001765262953
0.0001685317641
-0.0001333521725
0.0001479839515
-5.338910441e-05
0.000127654241
2.767209382e-05
7.951415668e-05
0.0001197357226
0.0001340333411
-0.0001288498253
0.0008000915984
-0.0003192613122
-4.352430665e-06
-0.0002763432833
-1.095768824e-05
-0.0001536162079
-8.869210191e-06
-6.277568669e-05
-5.871212633e-06
-2.422825213e-05
-9.733979361e-06
-6.675262555e-06
-1.615612405e-05
-1.833313858e-05
2.400125685e-06
-4.83827887e-05
-2.216978649e-07
-0.0001044629546
-0.0001124315806
-3.031324078e-05
-0.0007441107926
-3.860008423e-05
-0.0001527524132
0.0002159044278
-0.000705418163
0.0007742418064
-0.0007709760017
0.0003530789415
-0.0003614731994
0.008833152002
-9.443289234e-05
-5.888423968e-05
-0.002911878235
-0.008306081079
-0.002212195577
-0.005751209646
-0.0005189745906
-0.004380335888
-0.000458043271
0.0002029664144
-0.0004877896436
0.000300668421
-0.0005030859204
0.0003498061621
-0.0004957766003
0.0003974176418
-0.0004579479973
0.0004254295219
-0.0003936730309
0.000401585971
-0.0003384824951
0.0003428668434
-0.0003145563703
0.0002852734031
-0.000313247251
0.0002578864594
-0.0003486161343
0.0003041918213
-0.0005070488982
0.0004354880662
-0.0002450426878
0.0003863507753
-0.000130950394
6.335563839e-05
-5.639167104e-05
2.489750575e-05
-2.996325104e-05
9.8443471e-06
-2.416989499e-05
1.716364744e-06
-1.545892932e-05
-7.550010649e-06
-8.977475759e-07
-1.178457495e-05
-1.187090836e-07
2.072624259e-06
1.123765898e-07
5.047266051e-07
-4.499967602e-05
-1.500127994e-06
-1.449771427e-05
-0.0002622712798
-5.654656519e-06
-7.945052352e-05
0.00028442626
-0.0005669644328
0.0002853400095
-0.0003485136964
0.0002631776512
7.886534449e-05
0.009017367147
0.0001005816767
0.0002037872674
-0.002956944493
-0.004115920848
-0.00218568475
-0.005645397412
-0.001937314503
-0.005760751042
-0.0004346738249
-0.001774139963
-0.0006276708776
0.0005720600713
-0.0006845808711
0.0005151546261
-0.000721437562
0.0006175244506
-0.0007414074816
0.0006956795565
-0.0007667160619
0.0007087336828
-0.0008324075366
0.0006847576634
-0.0009508087172
0.0006413984157
-0.001013355685
0.0005531197417
-0.000881163237
0.0004420475556
-0.0005912736967
0.0003968191815
-0.0002461765588
0.0002542993837
-0.0001103942909
0.0001088735023
-5.142131855e-05
4.920507687e-05
-2.921339809e-05
2.448177733e-05
-1.938083503e-05
1.182552766e-05
-9.465145827e-06
3.909510806e-06
-8.56778031e-07
6.244839551e-07
4.58445316e-08
1.562238536e-06
9.138685292e-07
1.050613491e-06
1.234484245e-06
5.142051664e-06
-1.079107643e-05
-5.635694573e-05
-1.584567083e-05
-2.476129976e-05
0.0002850214578
-1.249987499e-05
0.000111865567
-5.942516347e-06
0.00018145121
6.969937285e-05
0.008767122601
0.0001803109647
0.0003393834612
-0.002819961627
-0.002145817702
-0.002335556954
-0.005410216438
-0.001431406674
-0.006515391976
-0.0005783729922
-0.003623858452
-0.0007076881888
0.000709600537
-0.000835825536
0.0006893059421
-0.0009620681644
0.0008202224742
-0.001076451569
0.0009662520767
-0.001188740551
0.001046514697
-0.00130864562
0.001067847765
-0.001369672658
0.0009732338986
-0.001270393981
0.0007335644527
-0.001050455709
0.0005142167294
-0.0007745337426
0.0004368144251
-0.0005683638604
0.0003435574568
-0.0004952390221
0.0002986501756
-0.0004984375403
0.0002978518204
-0.0005443221271
0.0003762017245
-0.0005600046741
0.0004818841198
-0.0004066412815
0.0005559139412
-2.084016412e-06
0.0004049851063
2.612135256e-05
1.237769535e-05
3.183559338e-05
2.835567616e-05
3.690809422e-05
7.302054822e-05
-1.677477745e-06
5.215651425e-05
-1.303346715e-05
2.365256233e-06
-9.978970572e-07
1.303243271e-05
1.968676054e-06
-1.195880687e-05
0.0001763056677
2.653057135e-05
0.008574310515
0.000181644036
0.0004869351747
-0.002466301284
-0.001582485527
-0.002534047773
-0.005647274522
-0.001580641586
-0.007906798641
-0.0006634933071
-0.005440347719
-0.0005759131555
0.0005280025748
-0.000891969508
0.0008627663729
-0.001094722401
0.000895331777
-0.001292750738
0.001137732116
-0.001470283253
0.001325747589
-0.001573716475
0.001380982167
-0.001508015766
0.00121341148
-0.001327834034
0.0008434138821
-0.001260118406
0.0005840707867
-0.001280691529
0.0005431393623
-0.001506298714
0.0005312975336
-0.001889519897
0.0006228870056
-0.002281047693
0.0008396174842
-0.002518691093
0.001162410483
-0.002526997236
0.001505456977
-0.002185753828
0.001622548303
-0.001301381508
0.001077469373
-0.0004507925314
-3.782549474e-05
-0.0005450826685
0.0002356749067
-0.0007873599791
0.0003787389284
-0.0008537543005
0.000418572151
-0.0008151378535
0.0003925088004
-0.0006706778934
0.0003867514843
-0.0005422369948
0.0003600875243
0.0003675579212
-3.693278569e-07
0.008768199891
0.0001548379704
0.0006393778511
-0.002404657762
-0.0008028347695
-0.002794419382
-0.005606813756
-0.002155868264
-0.009303838362
-0.0005152222038
-0.006531839368
-0.0004410727898
-0.003902811889
-0.000653951041
0.0006117153201
-0.0009760825507
0.0008962896916
-0.001232874992
0.0010774824
-0.001456998744
0.001360006703
-0.001564694699
0.001482047133
-0.001429759376
0.001316889913
-0.001180636922
0.0008668384728
-0.001152417233
0.0005978847326
-0.001198644822
0.0005577852488
-0.001499499738
0.000513974959
-0.002170615118
0.0005228283813
-0.003141004789
0.0006151662818
-0.003952065457
0.000822433256
-0.003799768891
0.001110996275
-0.002328845801
0.001238621015
-0.0005051822377
0.0006458541715
-0.0004224194757
3.955595164e-05
-0.0006310978791
0.0002346855645
-0.001023769383
0.000455496953
-0.001296988191
0.0005348758314
-0.001385630007
0.0005941886275
-0.001255318034
0.0006745941763
-0.0009582268253
0.0007088353644
0.0006707731601
-1.303976027e-05
0.009130185054
0.0001396428366
0.0008177027302
-0.001806830815
-0.001121450744
-0.001892066642
-0.005561801332
-0.001822694681
-0.01013020464
2.070288916e-05
-0.007219977876
0.002202343345
-0.004724398941
-0.0003108072649
-0.0008865895592
-0.0006541698667
0.0006221587293
-0.0008900224823
0.0008212973526
-0.001170413396
0.001096591903
-0.001439926895
0.001405119534
-0.001263468367
0.001483158885
-0.0009531022871
0.0008719562169
-0.0009415492773
0.0005747560795
-0.0008820747598
0.0005502149438
-0.0008713791567
0.0004674984053
-0.0009719659999
0.0003701673033
-0.001192821346
0.0002839474629
-0.001453944279
0.000203919989
-0.001444182351
0.0001382432899
-0.0008577188316
0.0002047781806
-0.0002132354211
0.0001932701856
-0.0002309313756
0.0001013161382
-0.0003697243352
0.0001771355635
-0.0006053041963
0.0003236977934
-0.0008203772314
0.000376081307
-0.0008995466599
0.0004065516694
-0.0009310818439
0.0005084026029
-0.0008436358238
0.0006109715243
0.000717205332
-0.00025718761
0.009447854352
-0.0006303973046
0.0004308533194
-0.0002665633509
-0.003187843339
0.0004442810401
-0.006130780259
-0.0006234801975
-0.00935833417
0.0008955288762
-0.007395944901
0.003192079673
-0.003726765268
0.0008585751466
-0.002025541507
-0.000255974664
0.0004156393743
-0.0004992113272
0.0004277703576
-0.0007706307067
0.000741379031
-0.001259215325
0.001218756589
-0.000875368463
0.001875722878
-0.0007593028426
0.0007810143979
-0.0008258410681
0.0005589457285
-0.000790170055
0.0005952802175
-0.0007076221604
0.0005339798545
-0.0006306369299
0.0004181111664
-0.0005518170117
0.0002966088308
-0.0004396124958
0.0001805961223
-0.0003747205507
9.938905904e-05
-0.0003339805187
0.0001017912608
-0.0002352649965
0.0001472059508
-0.0001718180143
0.0001603780127
-0.0001628456532
0.0001635090445
-0.0002127356189
0.0001926688826
-0.0003410805945
0.0001948305452
-0.0003292467278
-1.225594454e-06
-0.0003587650756
0.0002829769488
-0.0003252391563
0.000325395235
0.0003908145862
-0.001677052075
0.009785982584
-0.003390914324
-0.004820301721
0.001112995634
-0.005588587017
0.002145303569
-0.006846906496
0.001214860304
-0.008128173625
0.001412340096
-0.006122130319
0.002426988791
-0.003282592804
0.004000370195
-0.001630287994
0.002086130259
-0.0003624787915
-6.983237596e-05
0.0003030825756
-0.0004248431616
0.0004948809606
-0.0009066665493
0.0009274430073
-0.0007097502369
0.001846306851
-0.0009364410662
0.0007480708712
-0.001189213608
0.0007269754755
-0.001264165064
0.0008609756662
-0.001154667401
0.000838385676
-0.0009189854737
0.0006835388386
-0.0006190410377
0.0004714860915
-0.0003419043536
0.00026848807
-0.0002157474972
0.0001535688218
-0.0002115423167
0.0001450366632
-0.0002045899638
0.0002029452378
-0.0001494490118
0.0002484484637
-8.726400488e-05
0.0002146995469
-5.111013761e-05
0.0001547203518
-9.951162567e-06
9.295098913e-05
-4.89098815e-05
9.60574791e-06
-7.556292743e-05
0.0001664509815
-5.527738738e-05
0.000177408085
0.0002128716225
-0.002187753287
0.0103734236
-0.0007777884354
-0.009270745074
0.00208592533
-0.008408558879
0.002650129381
-0.007549945134
0.001953354559
-0.00707162171
0.002331475114
-0.004346690132
0.00351247827
-0.002812851502
0.003606795954
-0.001212618228
0.001811406693
-0.0002017129064
-1.114783843e-05
0.0001479617963
-0.0002687525001
0.0002762824344
-0.0008228252209
0.0007179504579
-0.001241516237
0.001387019831
-0.002093552552
0.001095906538
-0.002797492188
0.001350415882
-0.003038492512
0.001624526473
-0.002676338531
0.001594899634
-0.001878590002
0.00127049208
-0.001043356445
0.0008123755302
-0.0005337263688
0.0004209266036
-0.0004730773629
0.0002765956048
-0.0006239421587
0.000359858201
-0.0006626329843
0.0005432744047
-0.0005225530169
0.0006212819877
-0.0003488576106
0.0005434354173
-0.0002234477272
0.0004493220076
-0.0001170732538
0.0004180596338
1.978905999e-05
0.0004697832686
9.523481856e-05
0.0003337485739
0.0001418048692
0.0002955510731
0.0002929627992
-0.0008527955251
0.01032937882
0.001522725125
-0.01032527434
0.003593575364
-0.01044086533
0.00332467714
-0.00768521364
0.002105045738
-0.006361310842
0.001791314082
-0.00299939007
0.003390362634
-0.0005499440465
0.003539494169
0.0002607888156
0.002838574492
0.0007890448462
0.0003986318314
0.0007329290228
-0.0002228379111
0.0002429074847
-0.0009449038611
0.0005837650923
-0.001804523124
0.001032018519
-0.002906126162
0.001300627381
-0.003724311943
0.001678312376
-0.003860599816
0.001910592236
-0.003205517886
0.00176776208
-0.002086952363
0.001316422949
-0.001060226725
0.0007676413468
-0.0005353577251
0.0003874991812
-0.0005909172496
0.0003024569365
-0.0009255575485
0.0004913181177
-0.001122984826
0.0008621824569
-0.0009786599322
0.001108164453
-0.000703686144
0.001079054468
-0.0004730130263
0.0009865910254
-0.0002611104469
0.001010948049
8.773246776e-05
0.001235339201
0.0002793732348
0.0007809427658
0.0003847310905
0.0006565115622
0.0005781734016
0.0001439251914
0.009430514003
0.002516014702
-0.01224718982
0.003702179061
-0.01165145575
0.00318815871
-0.007463255546
0.001688415385
-0.005570954063
0.001061435643
-0.002387086071
0.00300247617
0.001669631429
0.003085136214
0.002170728465
0.00292053479
0.002036517709
0.001614827555
0.00172144583
-0.0002029677141
0.0006104439264
-0.0008862830952
0.0005354340016
-0.001622666199
0.0007658740515
-0.002396486661
0.001092478086
-0.002846602477
0.001351842103
-0.002747059399
0.001399780034
-0.002152309422
0.001175302083
-0.001341043173
0.0007897014822
-0.0006827347019
0.0004853701057
-0.0003817395973
0.0002815348192
-0.0004662260139
0.0002418434359
-0.0008425090684
0.0004236049621
-0.001210287823
0.000854750583
-0.001239590719
0.001312327371
-0.0009964056544
0.00154874194
-0.0007141266113
0.001611362762
-0.0004181927513
0.001797960628
0.0001935856356
0.00246574682
0.0006763510481
0.001850405443
0.0009057598571
0.001538647176
0.001195974456
0.001050886986
0.007440404312
0.003038825919
-0.01490982172
0.002693625883
-0.01215456302
0.001517304697
-0.007214389332
-8.628641786e-05
-0.004621641718
-0.0003024118069
-0.002262001517
0.001342220532
0.002131597189
0.002414580803
0.003502090485
0.002639592296
0.002659102404
0.001745776838
0.003052580983
-0.0002524477324
0.0002822531298
-0.0007013488118
0.0005340136554
-0.001109759245
0.000593934758
-0.001449940552
0.000784801968
-0.001528921106
0.0008771912064
-0.001334991313
0.0008067470776
-0.001001667544
0.0006241181
-0.0006664369456
0.0004256883451
-0.0003973622616
0.0003232132538
-0.0002493218744
0.0002413144409
-0.0002686030297
0.0002034927897
-0.0005107370361
0.0002882110289
-0.0008830019301
0.0006053979441
-0.001121371305
0.001104579362
-0.001085616264
0.001621444104
-0.0008747483215
0.002039232769
-0.0005807122195
0.002583739703
0.0003485478956
0.00432388936
0.001158480578
0.00322924445
0.001414293703
0.002478461161
0.001793651972
0.002349129017
0.004389317335
0.002917448825
-0.01659336653
2.094333684e-05
-0.01036526541
-0.001753006954
-0.006344223631
-0.002434430219
-0.003943143485
-0.002178575886
-0.002529612287
-0.000638149079
0.0006079386019
0.001482271099
0.003201229022
0.002351821002
0.002042094777
-5.550175777e-05
0.003256534179
-0.0004320618325
-0.00500785334
-0.000731240407
0.0006295717524
-0.0009236518844
0.0006016890532
-0.00100879275
0.0006666071335
-0.0009339468551
0.0006527263282
-0.0007526613064
0.0005469533129
-0.0005625374615
0.0004089268987
-0.0004352665395
0.0003183757202
-0.0003258790635
0.0002935008587
-0.0002263394912
0.0002775028175
-0.0001785937971
0.000246430271
-0.0002421433683
0.0002447234219
-0.0004471882214
0.0003810425857
-0.0007169882239
0.0007260696435
-0.0008731584235
0.001227903367
-0.0008276899424
0.001896805764
-0.0006221898802
0.002846254674
0.0005531991196
0.005675212356
0.001251222261
0.003164921063
0.001375312714
0.002276121019
0.001824152497
0.003092934037
0.0008700719935
0.0001484818949
-0.01502306519
-0.004274195399
-0.006670819696
-0.006412053308
-0.004321913366
-0.006445601886
-0.003230756214
-0.005637794585
-0.002836453737
-0.003087706033
-0.001649209147
0.0002080586935
0.0004855761621
0.001950527198
0.0006328332668
0.0007568524854
0.0006329194391
-0.001349219478
-0.005387748699
-0.002063000914
0.0009295335897
-0.00230775292
0.001079603162
-0.002480834664
0.001197579133
-0.002542713155
0.001273455085
-0.00238396735
0.001272522258
-0.001968540603
0.001204859225
-0.001399831864
0.001082726587
-0.0008955301702
0.0009057802746
-0.0006243191534
0.0007607185893
-0.0004717556479
0.0006761483806
-0.000342447773
0.0006410003239
-0.0002710836028
0.0005611895111
-0.0003991304691
0.0004392140693
-0.0006094704858
0.0004399451334
-0.0005843341212
0.0008205923558
-0.0004565866452
0.00231952559
0.000987181129
0.006129811125
0.001293880723
-3.363507706e-05
0.001301958681
0.001426570813
0.00149983472
0.001474346263
-0.0008126006481
-0.004853789166
-0.009342491402
-0.009210404552
-0.002515880875
-0.01108500663
-0.002094522416
-0.01124907183
-0.002198722799
-0.01076772717
-0.002472592253
-0.009014379771
-0.002521220749
-0.005510640462
-0.002260442248
-0.001131114048
-0.001600166664
0.002360168686
-0.001415265079
-0.002052300017
-0.002533442743
-0.002896018878
-0.0004646142066
-0.003903562107
0.001135656536
-0.004741544261
0.001344071627
-0.005560059786
0.001432622826
-0.006118937472
0.001513286737
-0.005946918435
0.001637604607
-0.004788086093
0.001743595139
-0.003428132285
0.001697180373
-0.002831363415
0.001615256747
-0.002417939897
0.00152650161
-0.001790717708
0.001516818129
-0.001009111427
0.001335217833
-0.0005439082595
0.0008347658498
-0.0003440920462
0.0001857724357
-0.0002383679795
0.0002606267013
-1.814309242e-05
0.001606639097
0.0001220603956
0.001422903091
3.225732405e-05
4.994210935e-07
0.0002190588845
0.0005285494739
0.0009476104235
0.0004799374138
-0.009836890079
-0.01259101682
-0.01389363378
-0.0144159413
-0.01444119471
-0.0134739025
-0.01106293366
-0.006981035268
-0.004486324447
-0.006493678404
-0.007439486257
-0.008606797615
-0.009815030572
-0.01105833467
-0.01262537891
-0.01431015068
-0.01532668214
-0.01543899373
-0.01655691744
-0.01795405134
-0.01835294472
-0.0156682138
-0.01041634529
-0.006298454991
-0.003669101666
-0.0009427855904
0.0009914141062
0.002094758485
0.002910231896
)
;

boundaryField
{
    walls
    {
        type            calculated;
        value           nonuniform List<scalar> 
79
(
1.458105579e-09
1.217781415e-09
1.209171627e-09
1.329950247e-09
1.454217956e-09
1.291495432e-09
8.39467982e-10
5.82934509e-10
4.406590413e-10
3.292700788e-10
2.236127579e-10
1.049477478e-10
-1.935404599e-11
-1.620895118e-10
-2.851280557e-10
-4.010422611e-10
-4.690838722e-10
-5.265709905e-10
-5.709042532e-10
-6.157807544e-10
-7.592199142e-10
-7.541556787e-10
-6.327338605e-10
-5.838772581e-10
-5.7962766e-10
-5.691018743e-10
-5.755273187e-10
-5.534367428e-10
-5.553959805e-10
-6.104383258e-10
-6.903982166e-10
-5.879092826e-10
-2.63012173e-10
-2.648309844e-11
1.394132678e-10
2.71403063e-10
3.886663347e-10
5.017344251e-10
6.304440237e-10
8.289646517e-10
1.094618694e-09
1.29392612e-09
1.547137067e-09
1.949350445e-09
2.463742338e-09
2.839284815e-09
3.079872395e-09
3.842310212e-09
3.22860791e-09
4.117939644e-09
2.57517097e-09
1.702285771e-09
1.411543836e-09
1.411591355e-09
1.50449124e-09
1.613999262e-09
1.721975169e-09
1.806257081e-09
1.791756467e-09
1.812665067e-09
1.471764614e-09
1.473174276e-09
1.74269566e-09
2.403635722e-09
3.550722367e-09
5.367685483e-09
7.734792147e-09
9.851485785e-09
1.2856843e-08
1.789935024e-08
2.492904646e-08
3.067379647e-08
3.024301891e-08
2.583777616e-08
2.071312512e-08
1.028816567e-08
6.018272321e-09
4.373750937e-09
2.45890297e-09
)
;
    }
    wallFilmFace_top
    {
        type            calculated;
        value           uniform 0;
    }
    region0_to_wallFilmRegion_wallFilmFace
    {
        type            calculated;
        value           uniform 0;
    }
    mirrorFace_top
    {
        type            calculated;
        value           nonuniform List<scalar> 0();
    }
    region0_to_wallFilmRegion_mirrorFace
    {
        type            calculated;
        value           nonuniform List<scalar> 0();
    }
    procBoundary1to0
    {
        type            processor;
        value           nonuniform List<scalar> 
52
(
0.01347573382
0.0007669349866
0.0009478607892
0.0008477981135
0.001012455598
0.001217243344
0.001459690662
-0.002999493298
0.001043503058
0.0002266338195
0.0001262013335
0.0001158037967
-0.0001847285148
5.530009504e-05
-0.000117120768
-0.0003465732852
2.086846299e-06
3.505472311e-05
2.377659506e-05
1.360988724e-05
-3.827659808e-06
1.379065036e-05
-9.345539496e-12
-2.527770216e-09
4.483173156e-10
0.00129453552
0.001545206827
0.0009084281606
0.0002388262047
0.0003826162429
-2.050845648e-05
-0.001406905906
-0.002819171399
-0.0005705350834
-0.001659205052
0.0005467122367
-0.002353603817
-0.0006802632168
-0.0001023045766
-0.001388448444
0.0002638271849
-0.0006206972915
0.000325251776
3.931608151e-05
0.0002333374843
-0.0004419483996
-0.0001654151928
-0.0002432587594
-0.0003556102029
-0.0003270883313
0.0001437322683
0.0003040772883
)
;
    }
    procBoundary1to2
    {
        type            processor;
        value           nonuniform List<scalar> 
33
(
0.0002172636664
0.0001158938587
-0.0001072681135
5.397305279e-05
-0.0006934754268
-0.0006756673831
-0.000713395082
-7.387471649e-05
-0.0003713311767
0.0001287203046
0.0007206566609
0.001810067993
-1.432214942e-05
8.586754607e-05
-0.0001914189743
2.83027316e-05
0.0008677800252
0.0002941337252
0.0003721095316
0.0001541038914
-0.0003413770244
-0.0005197632501
-0.0006076842747
-0.0001996826204
2.188307933e-05
0.0001961076185
0.0004547161231
0.0009197683013
0.001278856402
0.001238544063
0.001093527863
0.0003357378727
0.002991353914
)
;
    }
}


// ************************************************************************* //
