/*--------------------------------*- C++ -*----------------------------------*\
  =========                 |
  \\      /  F ield         | OpenFOAM: The Open Source CFD Toolbox
   \\    /   O peration     | Website:  https://openfoam.org
    \\  /    A nd           | Version:  8
     \\/     M anipulation  |
\*---------------------------------------------------------------------------*/
FoamFile
{
    version     2.0;
    format      ascii;
    class       surfaceScalarField;
    location    "0.6/wallFilmRegion";
    object      phi;
}
// * * * * * * * * * * * * * * * * * * * * * * * * * * * * * * * * * * * * * //

dimensions      [1 0 -1 0 0 0 0];

internalField   nonuniform List<scalar> 
2656
(
-0.0002160337786
-0.004933675625
-0.0002565357518
-1.945976683e-05
-0.0002761961831
-1.775748488e-05
-0.0002984668075
-1.747863572e-05
-0.0003189719566
-2.538277215e-05
-0.0003305250353
-3.511802178e-05
-4.116692341e-05
-3.404488766e-05
-0.004761399395
-2.819871114e-05
-2.047983923e-05
-3.542822242e-05
-1.459054267e-05
-5.213290332e-05
-1.040041797e-05
-7.177695093e-05
-1.666844557e-05
-8.678741604e-05
-2.83148194e-05
-8.825487686e-05
-3.977374901e-05
-7.560924988e-05
-2.872854698e-05
-6.380554844e-05
1.271014813e-05
-4.658995808e-05
3.034730709e-05
2.220354863e-05
-5.24657378e-05
-0.004994495092
-2.996577913e-05
-2.971216304e-05
-2.505551269e-05
-1.509594075e-05
-3.938869038e-05
-3.724266602e-06
-6.651481529e-05
-4.40706343e-06
-0.0001088609148
-9.928010102e-06
-0.0001769782449
-1.888381222e-05
-0.0002765409808
-2.518509078e-05
-0.0003424727257
-3.876488427e-05
-0.000346215924
-0.000109433204
-0.0004516717027
-0.0004598739548
-0.0002606581039
-0.001111497403
-0.0006660655024
-0.0001201084145
-0.005621505282
-4.73354691e-05
-5.868651677e-05
-1.209104949e-05
-2.06053938e-05
-1.318970719e-05
-2.474725826e-06
-2.971607697e-05
-1.343240243e-06
-6.872702823e-05
-2.88838188e-06
-0.0001534784721
-8.001603396e-06
-0.0003345369757
-5.758439465e-05
-0.0006734174731
-0.0003066070367
-0.001062437664
-0.0008821610226
-0.0009547938559
-0.001545992208
-0.0003907204568
-0.001599723667
-2.432114559e-07
-0.0007853812601
-9.02327141e-08
-9.21663501e-08
-1.746006163e-08
-6.371441708e-08
-1.901091661e-08
-1.690589853e-08
-6.340129037e-09
-0.0003875884765
-0.006260641584
-0.000133559393
-0.0001360700399
-1.651006164e-05
-1.875674359e-05
-7.88105089e-06
9.653724382e-08
-1.844009748e-05
5.371468594e-07
-6.055213256e-05
2.556644831e-06
-0.0002054215129
2.844547809e-06
-0.000563145682
-0.0001738176814
-0.001084063252
-0.0007389451077
-0.001415585732
-0.001461758167
-0.001153339661
-0.001880650263
-0.00047791928
-0.001624091727
-1.946529139e-07
-0.0007879586651
-9.995841454e-08
-3.787018121e-08
-1.969002879e-08
-7.649269844e-08
-6.80857298e-09
-1.51418521e-08
-5.350921057e-09
-2.057449347e-09
-4.351111544e-09
-1.577656882e-09
-3.79430338e-09
-0.001461116778
-0.005766443262
-0.0007135454957
-0.0003488857052
-0.0001535606555
-5.159690954e-05
-3.596916422e-05
1.172870229e-05
-4.801284828e-05
6.999732613e-06
-0.0001508520778
9.504272423e-06
-0.0004749690255
-4.432108827e-05
-0.001015827943
-0.0005126297632
-0.001517717941
-0.001236950839
-0.001601869858
-0.00177859732
-0.001188212832
-0.001813914138
-0.0005309635918
-0.001434515322
-2.552915523e-07
-0.0007544218206
-1.532173709e-07
5.931238662e-08
-2.435183637e-08
-8.663927904e-08
-2.533538641e-09
-1.687679491e-08
-1.61094688e-09
-1.211842149e-09
-1.95732995e-11
-2.20335322e-09
1.373111744e-09
-2.31935227e-09
2.137716936e-09
1.43056915e-08
1.812639608e-09
3.104881482e-09
1.946898142e-09
1.814582431e-09
7.710440865e-09
-0.003100942445
-0.003827214028
-0.00265710672
-0.0004611956747
-0.001504936762
-0.0003910468329
-0.0005235620733
2.166964623e-06
-0.0002348099518
5.784937336e-05
-0.0004790212445
1.83348792e-05
-0.001169842359
-0.0004696824477
-0.001869155853
-0.001166876466
-0.002086450862
-0.001647516932
-0.001756227996
-0.001654949773
-0.001206944667
-0.001407263205
-0.0006286622102
-0.001128377982
-9.824810756e-07
-0.0008400989109
-4.187509758e-07
2.359741899e-07
-1.692932221e-07
4.768915202e-08
-8.00495525e-08
7.69822696e-08
-6.325907346e-08
6.023788763e-08
-6.218679076e-08
4.873562913e-08
-1.850834064e-08
5.943391515e-08
3.666091079e-09
5.791549303e-08
9.911157394e-09
1.504030498e-08
2.468026269e-08
1.955747046e-08
9.431056329e-08
1.332563306e-07
-1.926429114e-06
0.0009293295208
0.0001469760532
-0.002400985129
-0.00246279813
-0.003060054135
-0.0002060522277
-0.003642410878
-0.0003114985405
-0.003625348866
-0.0004129321868
-0.003212432046
-0.0005118726051
-0.003040982446
-0.0006295661607
-0.003120276748
-0.0009071732533
-0.002949843553
-0.00118351502
-0.002323636633
-0.001140327653
-0.001649249791
-0.0009420463474
-0.001194689304
-0.0007544381986
-0.001061168439
-0.0005304365654
-0.001421541435
-0.0002223691149
-0.001383845032
-2.175034083e-05
-0.001082249288
-6.279674972e-05
-0.0006920531182
0.0001494707532
-0.0004333802135
7.860124769e-05
-0.000339470515
-0.0001272400538
-6.839332145e-06
-0.0002669998788
-2.85707245e-07
-5.61323165e-07
1.379094595e-06
-2.575277819e-07
1.066946234e-05
-5.455218856e-07
2.268805583e-05
-8.524415562e-07
0.0001578975666
-6.970963599e-07
0.0002270292113
-1.745163404e-06
-7.379769341e-06
-0.0005993299549
-0.002338961627
-0.0008600665495
-0.0001738423994
-0.001439393187
-0.0002755611248
-0.002393276911
-0.0003487193259
-0.003405049982
-0.000407760949
-0.003866446385
-0.0004323205471
-0.003427169709
-0.0004069864422
-0.002491045634
-0.000377111771
-0.001678818811
-0.0003602433412
-0.001141890849
-0.0003468730501
-0.0007429678341
-0.0003202449452
-0.0003567887958
-0.0002488005918
-2.125519053e-05
-0.0001226020953
6.376185415e-05
-1.820530344e-05
6.650112934e-05
-7.700420665e-05
-0.0005325973706
-0.0002329829906
-0.0007964105225
-0.0003449422659
-0.0006508404461
-0.0004234067823
-5.689059151e-07
-0.0004526205107
-8.728564275e-09
-8.298311807e-07
3.426590616e-07
-4.524025038e-07
8.56730887e-07
-6.729647434e-07
1.591065632e-06
-8.881181325e-07
3.121378084e-06
-1.099357347e-06
5.45336257e-06
-2.034926387e-06
-3.288641565e-05
-0.0003909141444
-0.002800419318
-0.000610482389
-0.0001674940035
-0.0009694304061
-0.0002311857104
-0.00134974423
-0.0001839870865
-0.001543028052
-0.0001722078763
-0.001506851185
-0.0001493056324
-0.001306601016
-8.985987578e-05
-0.001067015974
-3.011805231e-05
-0.0008563769686
-6.123203003e-06
-0.0006625569062
-2.429488078e-07
-0.0004418429781
9.555108605e-07
-0.0001893373194
8.328239204e-07
-2.30379296e-06
-1.202661014e-06
3.457028468e-05
-9.360101464e-06
8.444102181e-05
-1.562705685e-05
-0.0004850240244
-2.287724214e-05
-0.001571817219
-1.840263951e-05
-0.001537161595
-4.136854367e-05
-1.087056816e-07
-0.0002127519701
1.544937774e-07
-9.360438175e-07
2.528445111e-07
-4.345168709e-07
5.313368805e-07
-7.318164479e-07
9.093863808e-07
-9.242162374e-07
1.398733548e-06
-1.098241367e-06
2.043045336e-06
-1.774070847e-06
4.765688858e-05
-9.120032605e-05
-5.536404224e-05
-0.0003225090175
-0.003841715669
-0.0003595133481
-0.0002697093508
-0.0003162322631
-0.0004771588152
-0.0002996356426
-0.0002966590724
-0.0002916544367
-0.0002639957572
-0.0002894838365
-0.0002303334506
-0.0002944974099
-0.0001102000634
-0.0003062695233
4.582325627e-05
-0.0003017821829
0.0001170251902
-0.0002667847411
0.0001407285339
-0.0001904707124
0.0001386768075
-8.81326822e-05
0.0001102571048
-1.699460819e-05
5.412552014e-05
-2.666589078e-05
-6.103022263e-06
-4.909960015e-05
-8.036145536e-06
-9.245368939e-05
-1.295469929e-05
-0.0001736840401
-3.452260708e-05
-0.0002690705366
-0.0002663671008
-5.114441926e-07
-0.0009240865993
-5.75515308e-09
-1.2507801e-06
2.660415944e-07
-5.6006829e-07
6.620552451e-07
-8.331502595e-07
1.111039657e-06
-9.523265037e-07
1.582571983e-06
-1.011997239e-06
1.634543671e-06
-1.357268638e-06
0.0001030988791
-0.0003594642298
-5.941678669e-05
-0.0004342031155
-0.004732102945
-0.0005890905558
-0.0004458372651
-0.0004360449162
-0.001095633194
-0.0003946621388
-0.0004644401002
-0.0003889057035
-0.0003862054364
-0.0003889248514
-0.0003736175407
-0.0004171982748
-0.0002472301311
-0.0004226934077
-2.505059372e-05
-0.0003992398272
0.0001816277073
-0.0003401491034
0.0002493014444
-0.0002372422529
0.0002478741714
-0.0001059141924
0.0001950955955
-1.198370986e-05
9.408417878e-05
-1.506498948e-05
-7.142304593e-06
-2.432538645e-05
-1.127771689e-05
-6.498111056e-05
-2.569617654e-05
-0.0002137916599
-0.0001549891451
-0.0003970439336
-0.001003744421
-1.021184278e-06
-0.002141114413
-5.675952444e-08
-1.952419327e-06
3.646950302e-07
-6.998759807e-07
8.700446741e-07
-8.868354177e-07
1.352822e-06
-8.948428274e-07
1.802144215e-06
-8.624392367e-07
1.409968692e-06
-8.339815813e-07
0.0002729019887
-4.713768624e-07
-9.213036609e-07
-0.0005271479148
-0.004345028934
-0.0009280194853
-0.0007039612672
-0.000561609234
-0.001928729453
-0.0004697647874
-0.0006040634575
-0.0004471805308
-0.0004792077232
-0.0003944464788
-0.0004914880551
-0.0003859409889
-0.000354470353
-0.0004392382031
-0.0001486465058
-0.0004335494353
0.0001227474925
-0.0003660506866
0.0003115169128
-0.0002491575369
0.0003326978334
-0.0001102686044
0.000262006565
-1.814025261e-05
0.0001246150881
-2.763953863e-05
-8.048630127e-06
-5.127641906e-05
-1.439419889e-05
-0.0001346957485
-5.097463173e-05
-0.0003636614079
-0.0003896964401
-0.0005742976311
-0.001717771268
-2.417917393e-06
-0.002789282982
-2.525394847e-07
-3.369794474e-06
5.116050813e-07
-7.102780492e-07
1.181042063e-06
-7.309502289e-07
1.660144489e-06
-6.188812046e-07
2.031247767e-06
-5.311790605e-07
2.37101262e-06
-4.792803341e-07
3.062511118e-06
-4.541153373e-07
4.763403832e-06
-7.461077564e-07
7.960677816e-06
-0.0004915832343
-0.003164280301
-0.0008930872473
-0.001258709825
-0.0006114410423
-0.001442305534
-0.000486253614
-0.0006151428029
-0.0004546153201
-0.0004917741728
-0.0003577627729
-0.00053717637
-0.0002853798824
-0.0003762368661
-0.0003417438578
-0.0001794445189
-0.0004460127285
-3.897968311e-05
-0.0004088816752
0.0002602203522
-0.0002763323023
0.0003842180781
-0.0001228485912
0.0003201446621
-2.769421092e-05
0.0001512854723
-4.78853272e-05
-3.861172178e-06
-9.622893556e-05
-1.078138219e-05
-0.0002353301072
-0.0001088536432
-0.0005669444764
-0.0006885866649
-0.000758943657
-0.002118590466
-9.157966733e-06
-0.002738364269
-1.061755212e-06
-7.251640506e-06
1.097999847e-06
9.86131274e-07
1.770379618e-06
5.278927652e-07
1.964656575e-06
2.696064201e-07
2.0379218e-06
1.344633022e-07
2.112710713e-06
6.235532543e-08
2.275155494e-06
2.505752776e-08
2.975239226e-06
-2.616501294e-06
2.397619246e-05
8.345883413e-07
2.346609971e-05
-0.001154874466
-0.001342700327
-0.00101012047
-0.00107866909
-0.0005532987636
-0.0008394251325
-0.0004229903963
-0.0005071611215
-0.0004011050328
-0.0004203574273
-0.000291224974
-0.0005457656584
-0.0001820990736
-0.0003544787472
-0.0001601401111
-0.0001525170145
-0.0002847274191
-6.5692437e-05
-0.0004111891968
-2.946557372e-06
-0.0003187208821
0.000228834524
-0.0001499422751
0.0003052262675
-4.470043259e-05
0.0001562570693
-7.457375057e-05
7.679848127e-06
-0.0001615754138
-2.339986393e-06
-0.0004000374525
-0.0002080925224
-0.000806957387
-0.0008083441643
-0.000837020111
-0.001828858601
-2.260875487e-05
-0.002020055926
-1.657981517e-07
-7.187993065e-06
1.076498075e-06
9.610696343e-07
1.643851888e-06
1.005978396e-06
1.939500666e-06
9.229813792e-07
2.182647571e-06
9.415009565e-07
2.76444e-06
1.235003956e-06
4.419271773e-06
5.65440889e-06
-5.695692659e-05
6.853337295e-05
-1.35137351e-05
-9.078327835e-06
-1.09740962e-06
-0.00100819289
-0.0006714870786
-0.0007179834296
-0.0007605776952
-0.0004264723386
-0.0005673826514
-0.0003058894402
-0.000352562337
-0.000318244581
-0.0002944811762
-0.0002255492819
-0.0005832703754
-0.0001202161191
-0.0003399263235
-7.406711208e-05
-0.0001174819499
-7.047901939e-05
-6.348818342e-05
-0.0001518618609
-2.534426986e-05
-0.0002173506856
-4.070003042e-06
-0.0001367278697
9.469190286e-05
-7.014035856e-05
8.528207889e-05
-0.0001467918741
8.457322763e-06
-0.0003437996976
-7.388763382e-05
-0.0006784713726
-0.000337164426
-0.0009616257702
-0.0006760369052
-0.0007831697039
-0.001081904405
-5.029932287e-06
-0.001097138827
6.402526619e-06
6.912388371e-07
7.153639276e-06
5.886944208e-06
7.958922282e-06
1.7825062e-06
7.630546342e-06
2.502033368e-06
7.719979283e-06
2.297308616e-06
1.048366534e-05
4.824042704e-06
1.950360805e-05
1.719277733e-05
-1.373944107e-05
0.0002126051068
-2.071209619e-05
3.39661447e-06
-5.936178298e-06
-0.0007756869899
-0.0005999911001
-0.0005504647482
-0.0005688586275
-0.0003049640308
-0.0004499391379
-0.0001780973305
-0.0002119351491
-0.0002159011268
-0.0001417146061
-0.0001766221391
-0.0006658465649
-8.668685332e-05
-0.0003351606557
-5.319260505e-05
-9.091718947e-05
-4.213520099e-05
-5.943654346e-05
-4.77868281e-05
-4.635371505e-05
-6.535658131e-05
-4.830150451e-05
-8.913332423e-05
5.498568211e-06
-0.0001534433444
2.108401098e-05
-0.0004467378569
1.595255682e-07
-0.0008013090232
-0.0001215736866
-0.0009770204675
-0.0002200969928
-0.0009630925228
-0.0003113954582
-0.0006410118116
-0.00036999592
-2.969217053e-06
-0.0003210827243
-2.108791643e-07
1.365126604e-06
3.485696073e-06
4.045700859e-06
3.111599013e-05
-3.01338468e-05
1.623512872e-05
6.386449673e-06
3.337463428e-05
-0.000157724932
4.356195679e-05
1.448470203e-05
4.822382783e-05
3.453481648e-05
-5.114881601e-05
0.0005723326318
-1.492847437e-05
5.39865556e-05
2.409571396e-05
4.202355812e-06
7.709222518e-06
1.052614543e-06
1.346913067e-08
1.437871595e-09
-2.909246978e-09
-9.396854098e-24
2.370127796e-07
-2.396396051e-14
-1.679867495e-08
-0.0008101448853
-0.0009465095612
-0.000572922091
-0.0005866645446
-0.000229763972
-0.0005635829114
-6.671364958e-05
-0.0001206892778
4.097519524e-06
-8.792312221e-05
-0.0001347507666
-0.0006759807038
-6.84292969e-05
-0.0003018342912
-4.870171259e-05
-6.987323865e-05
-9.704736948e-05
-4.003101582e-05
-0.0003969711348
-1.591411901e-05
-0.001056568536
-6.45098063e-06
-0.001635337596
8.267786443e-05
-0.001948399223
0.0001598571126
-0.001953480986
0.0002074735453
-0.001774537249
0.0002577341923
-0.001458458841
0.0002766826141
-0.001045727986
0.0003162048058
-0.0005172652032
0.0003269010275
6.991664681e-05
0.0002574091618
0.0009089495685
2.348983593e-05
0.001708034564
0.0001692130093
0.00187272605
5.932491989e-05
0.0002940577511
-0.0001666347252
-2.595042886e-05
-0.0006425599046
6.597722169e-05
3.894106125e-06
0.0001199612254
3.979397492e-05
0.0001512309588
0.0002650782656
-5.68867809e-06
5.672582288e-05
2.59172998e-06
1.177119553e-06
6.562965563e-10
2.036929915e-10
-8.933530774e-25
-2.931718695e-17
-2.006090675e-18
-5.366101587e-17
-5.497472591e-11
-7.487476611e-17
4.957135316e-11
-0.001321639578
-0.0009007537823
-0.001007397825
-0.001123616344
-0.0002166940606
-0.00122972554
-3.223334473e-05
-7.135792669e-05
7.69343322e-05
-0.0001113652924
-8.304853217e-05
-0.0006473134389
-5.703287313e-05
-0.0001997091645
-3.364981268e-05
-5.372274541e-05
-3.107733029e-05
-2.952655506e-05
-4.884429322e-05
-1.212265787e-05
-0.0001546111918
-7.127576365e-06
-0.0004385398157
3.209943175e-05
-0.0007812236429
0.0001396521218
-0.00104213481
0.0002370370016
-0.001172386105
0.0003700637454
-0.001171108422
0.0005331140437
-0.000999836821
0.0007441252174
-0.0006109657955
0.0008970172722
-6.451898945e-05
0.0007396579153
0.0003368293234
-0.0007291945546
-7.750901181e-06
4.95428462e-05
-0.003230778004
8.804732799e-05
-0.004785600067
-9.12977679e-06
-1.023600608e-05
0.0001687410093
4.057965617e-06
5.964682032e-07
9.235176973e-05
5.410267578e-05
0.0001193952921
9.580781821e-05
1.563158474e-05
2.737897317e-05
1.977310332e-08
1.312194007e-06
7.999063387e-18
5.109257811e-10
-7.220023303e-18
3.512271085e-11
-3.248478468e-17
3.597792073e-11
-1.75860738e-11
3.393516796e-11
-0.002890790837
-0.0002015506172
-0.002008626612
-0.001979781422
-0.0003666456763
-0.001809894815
-0.0001037922421
-2.121524195e-05
0.0001013132289
-0.0001374732515
-4.816810561e-05
-0.0001345342871
-5.042914293e-05
-7.249505701e-05
-2.679216974e-05
-3.981959263e-05
-2.204171181e-05
-2.026960249e-05
-2.545472505e-05
-6.617375874e-06
-3.661018586e-05
-4.125131396e-06
-8.831114553e-05
9.838877338e-06
-0.0002420090164
6.441280564e-05
-0.0005269801312
0.0001486049054
-0.0008528258212
0.0003140492668
-0.001130485691
0.0005935255112
-0.001227034041
0.001069717958
-0.0009983553601
0.001629247059
-0.0007018523636
0.001541018263
-6.587019448e-06
-0.002406208277
3.588809906e-07
6.228219768e-06
-4.52833465e-05
2.276286972e-05
-0.0003012608062
2.955900621e-05
-0.0003430026842
0.0001328098782
-0.0001880848406
6.056515334e-05
-8.381065502e-06
0.0003003990049
-2.147176279e-05
5.808859495e-05
-2.086436155e-05
7.361917073e-06
-2.333841975e-05
2.800923359e-06
-2.443465767e-05
2.568160874e-06
-2.390895638e-05
2.448317855e-06
-2.139626212e-05
2.134746892e-06
-0.003361198106
-0.0006492465355
-0.002264959356
-0.001733266038
-0.0005129711494
-0.001349179354
-0.0002687344432
4.80809433e-05
-0.0002068014761
-0.0001286371412
-7.876514749e-05
-0.0003357889718
-4.600498315e-05
-5.812782519e-05
-2.167998605e-05
-2.760564356e-05
-1.44427536e-05
-1.409556488e-05
-1.525444154e-05
-3.151851953e-06
-1.832270743e-05
9.486510358e-08
-2.603101789e-05
9.536712053e-06
-4.969257081e-05
3.07446882e-05
-0.0001409964262
6.254982885e-05
-0.0004084270867
0.0001490006448
-0.0007789084073
-0.0001844501246
-0.001288631239
0.0008961990948
-0.001580489672
0.001795577701
-0.0009057610967
0.001661984176
-1.26932379e-06
-0.002930727366
-1.429044129e-06
1.59559878e-06
-9.039764685e-06
1.931384088e-07
-5.161194573e-05
5.612086478e-06
-3.862183409e-05
3.40516077e-05
1.618100074e-06
1.898859345e-05
-2.07731614e-05
0.0002922036632
-4.067790619e-05
8.355691891e-05
-3.675735306e-05
1.369378104e-06
-3.454969434e-05
2.395636649e-06
-3.218024951e-05
2.299167336e-06
-2.893067012e-05
1.443673537e-06
6.423342255e-07
-0.002798363563
0.0008953987618
-0.001822387304
-0.0005985255259
-0.0004033762194
-0.0003976646687
-0.0001307666459
0.0001235972234
-4.509449551e-05
-0.0002211490651
-5.689988056e-05
-0.0008943930455
-4.230876931e-05
-3.734005352e-05
-1.995110833e-05
-1.507751584e-05
-1.258844063e-05
-8.513710831e-06
-1.323197052e-05
1.096932426e-06
-1.38599474e-05
4.852406512e-06
-1.478916461e-05
1.316459665e-05
-1.720345277e-05
2.538422663e-05
-3.317631408e-05
3.312110114e-05
-0.0001970449279
3.207408001e-05
-0.0003032090477
-0.002932595956
-0.000774147347
0.0004108694485
-0.001554618359
0.0005639657296
-0.0008676220924
-0.001039125088
-5.547830271e-05
-0.002852620569
-4.999577796e-09
2.036040574e-05
-1.349665146e-08
-1.56105046e-09
-5.447181772e-06
1.147370956e-08
-1.460618922e-05
4.192915185e-06
1.398332919e-05
2.818844276e-06
-8.218842974e-06
7.941042088e-05
-0.0001363309202
0.0003049718147
-6.045296155e-05
-0.0001320439802
-4.937969191e-05
-3.545086748e-05
-4.436139388e-05
7.579376537e-06
-3.626827278e-05
1.282947264e-05
1.642118546e-05
-0.003849387143
0.006087993204
-0.001951341378
0.001204971631
-4.051090699e-05
0.0006833143993
0.001125218427
7.305374886e-06
0.001696708198
-0.0007674998807
-3.326204005e-05
-0.0005281034637
-3.527001268e-05
-2.223729887e-06
-2.043322352e-05
-1.040600563e-06
-1.817613214e-05
1.193541071e-07
-1.867474607e-05
4.791539428e-06
-1.890742711e-05
5.608817634e-06
-1.618575674e-05
1.357946839e-06
-6.696220623e-06
4.316994958e-06
-1.259973571e-05
2.806244763e-05
-0.0005447595816
-0.0001345980544
-9.731938332e-05
-0.008660263058
-0.0001440058987
0.0001256222848
-0.0006290676594
0.0001551795976
-0.0009418697239
-0.001430627392
-4.546085569e-05
-0.001264059209
1.486440941e-05
-7.664262602e-06
7.475553404e-10
7.37884144e-07
-1.332153399e-09
9.623381173e-10
-5.990264254e-07
1.421449655e-06
5.487848255e-06
6.749928096e-06
0.0001171978184
1.646069373e-05
-7.153886276e-05
-7.538767493e-05
-1.411884789e-05
-0.0001773267251
-5.532377117e-06
-0.0001349915018
-9.64950912e-05
-4.737938472e-06
-0.0002955429519
5.636975393e-05
-0.003250036598
0.008257047772
-0.002189111682
0.002172530914
-0.001412638449
0.001423897306
-0.001414737614
-0.0007259259109
-0.0008583243673
-0.001035187374
-9.997047267e-05
-0.0006542379642
-4.511452343e-05
3.206141821e-05
-1.184850475e-05
1.517927607e-05
-3.099511114e-07
4.040763529e-06
3.993973063e-06
5.965878492e-07
1.082351649e-05
-0.0001197225324
-0.0002700632435
-0.0006463507426
-1.840118923e-05
-0.001004167522
-0.0001298331055
5.182107015e-05
-0.002812776971
-0.001493678357
-3.203934762e-05
-0.01107831732
1.996144011e-05
5.597673691e-05
-0.0001012992043
0.0001789938345
-0.0004518174576
-0.0008039092636
-2.742380133e-05
-0.0007743117066
-5.287032388e-06
-6.179038911e-07
9.711006926e-06
1.47616568e-05
1.436023515e-05
6.80973562e-06
1.431086864e-05
8.305715598e-06
6.1948233e-05
0.0001825753369
5.082257862e-05
2.665881701e-05
9.175302409e-05
-6.152498614e-05
8.325440582e-05
-0.0001288995307
5.627100766e-05
-0.0001123398855
-2.826074534e-05
-3.249483889e-05
-8.286312899e-06
-0.003092116094
0.008815494357
-0.002548720375
0.00269606697
-0.00159517076
0.001738283647
-0.00126571951
-0.0006480978012
-0.0007787488449
-0.0006854498213
-0.0001523933474
-0.0004235830042
-8.171191859e-05
6.909454285e-05
-5.976104373e-05
3.573300466e-05
-0.0001158482416
1.515540646e-05
-0.0002695517374
-0.0001026151124
-0.0004240680061
-0.0004317457213
-0.001116681905
-0.0006924014437
-0.005583035912
-0.0005444273726
-0.01638372786
0.0005621785082
-0.02707911513
0.005782325757
0.006684578976
0.02453774633
0.005610292508
0.001165063554
0.001305679824
0.0004904697777
-0.0001627716631
-1.689095973e-05
-1.892437304e-05
-0.0002011809862
-2.101747541e-06
1.149913422e-05
1.040859139e-05
9.361076359e-06
1.420554537e-05
1.016453722e-05
8.697731609e-06
1.454638818e-05
7.980498386e-05
0.0001131133364
6.094716154e-05
-4.29714722e-05
3.351684355e-05
-4.904932674e-05
2.170720082e-05
-0.000126926264
5.531866535e-05
7.536036425e-06
5.135392985e-05
-1.925065613e-05
-7.240703274e-06
-0.002980085773
0.008258257908
-0.00250657285
0.002335204876
-0.001249699272
0.001468729897
-0.001158125876
-0.0001302073777
-0.0007411436511
-0.0001299748563
-0.0002039056086
-2.940244308e-05
-0.0001307720613
0.0001002717524
-0.0001361885564
6.507403957e-05
-0.0002574337669
5.304421677e-05
-0.0003081628806
-0.0002683181367
-0.0003353944065
-0.0003704748496
-0.0004459391041
-0.0003969789023
-0.001334741978
-0.0002274079665
-0.004250140067
0.0001250699677
-0.009624716868
0.003514693343
-0.003397552659
0.01736538393
-0.002520958385
0.000516672843
-0.0008187529728
0.0002965837072
-0.0004131770414
0.0004283409663
7.809694385e-05
0.000288362106
0.0005099665975
0.0002022559507
0.001110128345
0.0002437093253
0.001692568921
0.0002342188291
0.001752287453
0.0002083288379
0.0009504344299
-0.0003266298924
0.0001980889921
-0.0004502648169
1.034381202e-05
-1.920868756e-05
-4.823530509e-05
-7.69656013e-05
0.0001216765908
0.0002725047272
8.814375939e-05
0.000115505079
8.368906112e-07
-0.003863923858
0.008582536328
-0.003585216143
0.002051927852
-0.002589639991
0.001498737771
-0.002164747882
0.000942978373
-0.001224497961
0.0009069942275
-5.918289945e-05
0.0006303048368
0.0002947530505
0.0001882208089
0.0005369781879
0.0003417665673
0.0001900436806
0.0004010975745
-0.0002046587389
-0.0001433360294
-0.0001987946005
-0.0002062161069
-0.0001396022717
-0.0001842101525
-0.0001911863359
-0.0001186798957
-0.001005713391
-3.795674397e-05
-0.003534791493
0.0008284438453
-0.003014617811
0.005361920917
-0.002444587262
-0.001024370141
-0.0009059111096
0.0007829036686
-0.000356560231
0.00122611744
4.185172303e-05
0.0005777454574
0.0004094924282
0.0003015803916
4.48229342e-05
0.0003417022415
-0.001306919423
-0.0003886186005
-0.0003757632917
-0.0006950834153
-0.0001563280544
-0.001254149413
1.146897154e-05
-0.001063488521
2.955459405e-06
9.480628317e-06
9.07191348e-06
-9.725796084e-06
0.0001581588451
0.0004122422991
-5.438406369e-06
0.0003229562264
-9.205887683e-06
-0.002713645415
0.008630706344
-0.002742985091
0.001577994903
-0.002382651215
0.001410522235
-0.002000285395
0.001385475132
-0.001126618538
0.001395654111
-3.322219236e-05
0.000944493896
0.0002201818639
0.0001863609371
0.0002915881125
0.0004024262835
-6.558586419e-05
0.0001759472079
-0.0001465399751
-7.246786142e-05
-0.0001078898567
-9.304942432e-05
-6.841489717e-05
-7.970655123e-05
-3.844459636e-05
-6.004231001e-05
-6.173154361e-05
-3.930082213e-05
-0.000258357851
6.966345059e-05
-0.0005604251105
9.741174779e-05
-0.0007131941568
-0.0002813669652
-0.001168715027
0.001144015751
-0.0005218546988
0.002216718382
-2.494528797e-05
0.001303523952
0.0001361729907
0.0001385510414
2.625962378e-05
5.834479267e-05
-0.0003810574048
-0.0003862096418
-0.0005868266807
-0.001332686101
-0.0004029510568
-0.001284229293
-0.0001046618921
-0.0009204901748
-0.000266419367
0.000231095815
0.000102771285
0.0005844883824
9.416718782e-05
0.0003904483259
2.117193077e-05
0.0002345773145
3.869419314e-05
-0.001744885247
0.008671006424
-0.001957561603
0.001344620007
-0.001890077662
0.001386689472
-0.001626281881
0.001553933724
-0.0009439544932
0.001601117343
-7.815251081e-05
0.001102902299
5.133810292e-05
0.0001933532948
-3.962321614e-05
0.0003158401625
-8.603752639e-05
7.875471053e-05
-8.122533353e-05
-1.769041398e-05
-5.879396809e-05
-2.812265799e-05
-4.203438272e-05
-2.603869397e-05
-2.751897992e-05
-2.189823617e-05
-1.007782059e-05
-1.647651392e-05
-2.32155014e-06
9.198260234e-05
-0.0002552164108
-0.0001204927223
-0.0006292012232
-7.077409704e-05
-0.001275857785
0.0009632826735
-0.0009453978382
0.003392073005
-1.640204675e-05
0.003083102328
5.867047378e-05
5.535468391e-05
2.752253235e-05
2.568266547e-05
-0.0001796757704
-0.0001335913409
-0.0007843699854
-0.0008605279853
-0.0003896348433
-0.0007050035471
-8.359623688e-05
-0.0004637777218
-0.0001666961622
0.0003906317047
-0.0001176430388
0.000575204728
-5.029349035e-05
0.0001092869549
-2.533205618e-05
0.000149865297
0.0001126173344
-0.001435740975
0.008645330442
-0.001604889372
0.001194999154
-0.00156139168
0.001390950561
-0.001352281679
0.001630572918
-0.000813819713
0.001687866078
-0.0001361589437
0.001177394058
-8.648290805e-05
0.000219578401
-6.620290435e-05
0.0002068317704
-4.24187068e-05
6.505416172e-05
-3.304399395e-05
1.278397172e-05
-2.582926424e-05
3.407836357e-06
-2.279790585e-05
9.918751777e-07
-2.299738629e-05
3.590763071e-06
-2.53112333e-05
1.543625232e-05
-2.275484703e-05
0.00011431393
-7.299671458e-05
8.183854936e-06
-0.0002757287599
3.525972116e-05
-0.0009855151177
0.0005323532342
-0.001270110388
0.003656711434
-1.048107772e-05
0.005075758806
1.307387526e-05
4.30413977e-05
8.374214241e-06
1.767706471e-05
5.651804689e-05
5.813325931e-05
-0.0002226374762
-0.0001336997643
-0.0004526031196
-0.0003560735659
-1.288410609e-05
-9.282439359e-06
0.0001089506008
0.000307704938
-2.297288356e-05
0.0003246592222
-2.43633496e-05
-1.639276133e-06
-3.273879649e-05
0.0001937275075
0.0002287095027
-0.002048284567
0.01013183453
-0.00171214028
0.001530529526
-0.001475865088
0.001688712944
-0.001239436285
0.001773828659
-0.0007744006932
0.001757178586
-0.0002220953472
0.00122187391
-0.0002019741787
0.0002869085913
-0.0002161019365
0.0002214289249
-0.000285979364
0.0001412238423
-0.0003915800269
0.0001422861833
-0.0004745393261
0.0001918621198
-0.0004742103059
0.0002381601174
-0.0003852538043
0.0002485371463
-0.0002662653509
0.0002035902521
-0.0001046540855
0.0001553613949
-7.463393743e-05
7.039707714e-05
-0.0001254033135
5.635133651e-05
-0.0003709786502
0.0001925672938
-0.0008010439953
0.002267013689
-1.078482581e-07
0.004794518259
0.0001533657694
0.0002233566015
0.0002125916476
0.0001549850117
0.0004467552464
0.000223230154
0.0008400802336
0.0002334047365
0.0003358827384
-6.837721266e-05
-0.0002691323932
-9.455881909e-05
-0.0001092120959
-8.465488713e-05
-3.347486511e-05
0.0001449143211
1.181852936e-05
1.385962856e-05
0.0001297276137
0.0003472766849
0.0006350162444
-0.002426522834
0.010037412
-0.001999444755
0.001507115269
-0.001640995841
0.001880269639
-0.00132262143
0.001960851989
-0.0008711481513
0.001860894106
-0.0003803669578
0.00128662801
-0.0003334176628
0.0004207366152
-0.0003443520267
0.0002921851223
-0.0004600465996
0.0002190364296
-0.0006722637146
0.000256377153
-0.0008897952914
0.0003764142924
-0.0009605846051
0.0005162597285
-0.0007782201593
0.0005845030498
-0.0004657519679
0.0004757593967
-0.0002131441269
0.0003008966839
-0.0001031254813
0.0001578389068
-6.665409332e-05
9.588691705e-05
-9.662921267e-05
0.0001027441408
3.732395209e-06
0.0008986113945
0.0003372731468
0.002453326776
0.0003693027541
0.0004223211745
0.0005119954141
0.0003386240408
0.0006899411652
0.0004720049744
0.001100254342
0.0006762272231
0.00026910139
0.000128030355
-5.808549603e-05
-5.070682343e-05
-0.0003448492197
-2.219275353e-05
-0.0005666640981
-4.336249411e-05
6.672037427e-05
0.0002259264819
0.0002786363474
0.0003019001349
0.0006848814898
-0.001532613612
0.007436909555
-0.001819202885
0.0009275927747
-0.001821134977
0.001573418915
-0.001573655465
0.001934149578
-0.001114049221
0.001924629043
-0.0006041702966
0.001368036167
-0.0004415853676
0.0005922598024
-0.0003767386921
0.0003625324439
-0.0004502550431
0.0002623450899
-0.0006566234589
0.000296310829
-0.0009231797842
0.0004314502726
-0.001103705961
0.0006172651137
-0.0009872915692
0.0007519458184
-0.0006165394134
0.0007063517981
-0.0002889593289
0.0004688798344
-0.0001279754051
0.0002541706273
-5.384527306e-05
0.0001438887016
-2.666325839e-05
9.051718187e-05
0.0001066526751
0.0003504200921
0.0003929935175
0.0008693112842
0.0004377434332
0.0004009703447
0.0006437002867
0.0004127700676
0.0008930026864
0.0005001449585
0.0008651355193
0.0004612022255
0.0003188626216
0.0002031225362
-4.607906669e-07
-1.436293368e-05
-3.999095165e-05
-3.110008889e-05
5.724863166e-06
-9.496002218e-05
0.0001250656924
-3.870757741e-06
-0.0002069378071
0.0001199183502
0.0004259204104
-0.0008980234407
0.005522570691
-0.00140568411
0.0005631145467
-0.001763662345
0.001147378909
-0.001753914681
0.001659577019
-0.001363776427
0.001809559062
-0.0008312080275
0.001395140871
-0.0005317332288
0.0007584451677
-0.0003843213207
0.0004402383677
-0.0003874874661
0.000305456632
-0.0005174866052
0.0003112061341
-0.0007438403811
0.0004192347517
-0.0009624704702
0.000601890691
-0.0009735942827
0.0007828996945
-0.0006688102892
0.0008087389956
-0.0003276921108
0.000605190655
-0.0001432308986
0.0003449715454
-5.174490773e-05
0.0001941102212
-2.23879805e-06
0.0001014273927
0.0001011031235
0.0001829206687
0.0002793792803
0.0003724909064
0.0003958526432
0.000348887724
0.000584013722
0.0004141110063
0.000731627153
0.0004639714095
0.0006545404487
0.0003908095509
0.0003547679071
0.0002323432828
1.737686001e-05
4.765838097e-05
-0.000742430887
1.575814352e-05
-1.147093412e-06
0.001300825028
6.693380428e-07
1.140618611e-06
1.196465503e-05
6.460507821e-05
0.0001401117245
-0.0005820466285
0.004686811004
-0.00100621753
0.0003791206496
-0.001462087978
0.0008139326046
-0.001669730198
0.001285638274
-0.001455394137
0.001556881032
-0.001003178755
0.00135541588
-0.0006325903082
0.0008989030104
-0.0004229213518
0.0005581906231
-0.0003617417019
0.0003872175172
-0.0004116460359
0.000351118719
-0.0005608036492
0.0004134082741
-0.0007563918559
0.0005648527651
-0.0008393201862
0.0007595659475
-0.0006448400185
0.0008421002468
-0.0003398144231
0.0007068847072
-0.000152586308
0.0004316901146
-5.373265473e-05
0.0002484465612
1.150284855e-06
0.0001243066012
8.743249764e-05
0.0001390303713
0.000218792878
0.0002628161324
0.0003532045304
0.0003313785248
0.00050069995
0.0003926081384
0.0005661977413
0.0004141001725
0.000478314251
0.0003568395351
0.0001985496949
0.0002172288704
3.018899921e-05
6.182474876e-05
2.302309285e-06
9.322424366e-06
0.0001188674475
-8.407159721e-07
2.92968117e-05
-1.102603518e-07
4.271289468e-05
4.648812569e-05
7.507055599e-05
-0.0004124440957
0.004603173578
-0.000723281843
0.0002801669474
-0.001121775419
0.0006017663702
-0.001430089302
0.0009756521725
-0.00143061577
0.001310491057
-0.001143348897
0.001320126806
-0.0007892314746
0.001057415677
-0.000526363959
0.00076176711
-0.0003975461375
0.0005478815832
-0.0003764941954
0.000449132116
-0.0004526570325
0.0004517175259
-0.0005982399171
0.0005543390792
-0.0006943757436
0.0007339748194
-0.0005923787897
0.0008637762452
-0.0003441213627
0.0007859364503
-0.0001642195438
0.0005298860659
-6.111275166e-05
0.0003194728905
-7.844472144e-07
0.0001635343875
8.202041948e-05
0.0001388751981
0.0001940105333
0.0002553983867
0.0002844581163
0.0003565306383
0.0003879593317
0.0004567509127
0.0003368300851
0.000368424603
0.0002070590534
0.0002849791665
3.847538714e-05
0.0001407510564
1.140781363e-05
7.5641415e-05
-2.151138859e-06
3.899727377e-05
-5.006843009e-07
2.596110233e-07
2.873133324e-07
-2.331806264e-07
2.664365186e-05
2.239328254e-05
4.485231412e-05
-0.0003354761539
0.005009504705
-0.0005863446654
0.0002328714116
-0.0009625536927
0.0004927549451
-0.001368715855
0.0008162301508
-0.001596861146
0.001227549097
-0.001502943903
0.001459056397
-0.001184177818
0.001409622163
-0.00081677605
0.001184411633
-0.0005458505511
0.000895777855
-0.00042072722
0.0006706546963
-0.0004245852838
0.0005653266692
-0.0005169511081
0.0005954827696
-0.0006058301211
0.0007384773703
-0.0005539462536
0.0008953376922
-0.0003675282069
0.0008939314176
-0.0001942486421
0.0006786344546
-8.424449004e-05
0.0004415544106
-1.800129534e-05
0.0002488653129
6.014890805e-05
0.0001540080713
0.000135238899
0.0002437580357
0.0001610926332
0.0003080612959
0.0001753163565
0.0003715299203
0.000104314199
0.0002659078602
1.412722386e-05
0.0001789733369
-8.672458047e-06
8.375527838e-05
-5.651391083e-06
0.0001051634937
-6.258324392e-06
8.170349647e-05
-4.933302683e-06
1.234397781e-05
-5.025001157e-06
6.3647638e-06
7.32196648e-06
1.916259844e-05
3.942667968e-05
-0.0002924971222
0.005735422991
-0.0005130868737
0.0002032908478
-0.0009064682726
0.0004232228253
-0.001460945908
0.0007206478435
-0.002006899722
0.001217856969
-0.002212119748
0.00174270092
-0.001954652795
0.002018306966
-0.001411404302
0.001941750614
-0.0008930462949
0.001576845325
-0.0005799401837
0.001131469387
-0.0004798837689
0.0008146581107
-0.0005218293795
0.0007123044788
-0.0006085620197
0.0007964618464
-0.0006203740375
0.0009870445438
-0.00050134234
0.001112392585
-0.0003314656203
0.0009896474026
-0.0001984904531
0.00072803694
-0.0001079283035
0.0004597074295
-3.924660191e-05
0.0001946137684
1.184861962e-05
0.0002075522817
1.942461041e-05
0.0002131467217
-5.714700048e-07
0.000229099109
-2.011729423e-05
0.0001635561497
-3.246665156e-05
0.0001083124954
-6.13525993e-05
9.365255019e-05
-6.045512488e-05
0.0001890635783
-4.620970274e-05
0.0001702638353
-3.379146013e-05
6.854093598e-05
-2.510871147e-05
4.503991014e-05
-9.611027291e-06
5.12348928e-05
6.480499507e-05
-0.0002193305124
0.006668716903
-0.0003693865034
0.0001627256983
-0.0006652684831
0.0003073510232
-0.001123918416
0.0004804528848
-0.001732355124
0.0008384691527
-0.002231595466
0.001365012781
-0.002302469843
0.00190111456
-0.00192068669
0.002209293425
-0.001328181536
0.002112102526
-0.0008496575766
0.001678668378
-0.0006191760503
0.001198885244
-0.0005967493684
0.0009149657542
-0.0007057930361
0.0008871192743
-0.0008534577704
0.001105891393
-0.0009064883262
0.001436781261
-0.0008605407899
0.001582139515
-0.0008202226741
0.001457804294
-0.0007310436099
0.001086452526
-0.0004994475793
0.0005382909486
-0.0002177717616
0.000425645931
-9.644809881e-05
0.0002517396647
-7.654575155e-05
0.0001691624376
-8.394625087e-05
0.0001599951026
-7.986603119e-05
0.0001616725101
-0.0001729071256
0.0001444282825
-0.0001875484603
0.0003266652491
-0.0001404544928
0.000321912458
-0.0001025823846
0.0001789320845
-7.549448262e-05
0.0001317596347
-4.804439099e-05
0.0001275942584
0.0001297721511
-0.000138068465
0.007739563812
-0.0002032514934
0.0001247506324
-0.00033584181
0.0001976365384
-0.0005370406198
0.0002364775374
-0.0008749905492
0.0003739104845
-0.001335909644
0.0006340897305
-0.001761045588
0.001087155109
-0.001869643485
0.001633354691
-0.001570680632
0.002021316118
-0.001110407041
0.001962050489
-0.0007844701014
0.001545919978
-0.0006705830643
0.001128618922
-0.0007417825801
0.0009214105346
-0.0009650003999
0.001008745109
-0.001206915656
0.001353310878
-0.001323653197
0.001674691881
-0.001309330226
0.001632325346
-0.001105196775
0.001136353836
-0.0008489693421
0.0006544442386
-0.0004088212026
0.0006076320788
-0.0001473046427
0.0003805475642
-0.0001048910077
0.000180174634
-0.0001011299384
0.000159365313
-8.213459045e-05
0.0001759432077
-0.0001976705271
0.0001591793602
-0.0003135297688
0.0003909792813
-0.0002427835207
0.0004400589998
-0.0001841581195
0.0002957957765
-0.0001380275041
0.0002284873436
-9.414115774e-05
0.0002127868284
0.0002028709995
-8.689367834e-05
0.008873371551
-0.000109438049
0.000103496717
-0.00015290095
0.0001399205154
-0.000202116719
0.0001190607828
-0.000316949141
0.0001533039167
-0.0005642888073
0.0002375745531
-0.0009479164479
0.0004567008163
-0.001325139539
0.0008851847815
-0.001444052775
0.001440931808
-0.001212812517
0.001795293538
-0.0008813106512
0.001672699486
-0.0006538902946
0.001242679693
-0.0005975638462
0.0008691628769
-0.0006907496689
0.0007405885184
-0.000834144796
0.000836161095
-0.0008933993639
0.0009823856617
-0.0008377738852
0.0008954147865
-0.0008164881055
0.000598182128
-0.0008151820253
0.0005042034742
-0.0005062030535
0.0006405162056
-0.0001909175356
0.0004563679571
-0.0001021895159
0.0001623865028
-9.541361838e-05
0.0001511834671
-0.0001072600623
0.0001733497592
-0.000242989607
0.0002353650602
-0.0003061450062
0.0005374032934
-0.0002835059944
0.0005015935833
-0.000225736433
0.0003533729076
-0.0001765437246
0.0002804352524
-0.0001256170639
0.000266647775
0.0002524593129
-6.218284897e-05
0.009967433517
-7.040855462e-05
9.550418865e-05
-8.555502194e-05
0.0001164390802
-9.349493429e-05
7.358407385e-05
-0.0001284553008
7.915864852e-05
-0.0002303578955
0.0001059095943
-0.0004444614221
0.0001940621956
-0.0007577091272
0.0004238857965
-0.0010383203
0.0008442110829
-0.001089269394
0.001322190189
-0.0008751022163
0.001517406712
-0.0005878646901
0.001253758373
-0.0004140109719
0.0008086829308
-0.0003702906222
0.0005277331492
-0.0003710604064
0.0004396112456
-0.0003414151236
0.0004231764966
-0.0003227263505
0.0003558369315
-0.0004346930266
0.0002852425738
-0.0006206841257
0.0003850357512
-0.0005062857695
0.0006156818076
-0.0002096677126
0.0005047629836
-9.446778699e-05
0.0001688803706
-8.279340461e-05
0.0001469951579
-0.0001115797649
0.0001637872967
-0.0002439133927
0.0002656964393
-0.0002808274755
0.0005246660941
-0.0002489829396
0.0004471952419
-0.0002109583361
0.0003335384806
-0.0001775854011
0.0002738977111
-0.0001351226338
0.0002786589115
0.0002751440525
-5.408035889e-05
0.01092254721
-5.679082698e-05
9.559830426e-05
-6.121543833e-05
0.0001074292526
-5.917675952e-05
5.511720133e-05
-7.301275834e-05
5.283822301e-05
-0.0001209504001
6.375670509e-05
-0.000225256478
0.0001053184168
-0.0004061345298
0.0002156677437
-0.0006408265628
0.0004624504373
-0.0008088978037
0.000849606365
-0.0007802608923
0.001186526047
-0.0005445356523
0.00116208357
-0.0003053186372
0.0008050205173
-0.0001919339269
0.0004394835108
-0.0001450131181
0.0002619342871
-0.0001063768569
0.0002038298622
-0.0001040967336
0.0001726269905
-0.0002153935182
0.0001805113562
-0.0004620116487
0.0003301756704
-0.0006800808951
0.0005863160764
-0.001829472561
0.000795996818
-3.553180742e-05
0.002547775398
-2.832781616e-05
0.0001535727537
-9.496035141e-05
0.000164079826
-0.0001858544602
0.0002573474709
-0.0002616652627
0.0004869571499
-0.0001718689663
0.0004773610907
-0.0001637275464
0.0002777398313
-0.0001521880609
0.0002332707293
-0.000127922226
0.000260621073
0.0002792410732
-5.46835695e-05
0.01142788038
-5.411167699e-05
0.0001012367331
-5.29596588e-05
0.0001051942482
-4.70223837e-05
4.844531177e-05
-5.216437327e-05
4.273652346e-05
-7.802700012e-05
4.714040514e-05
-0.0001328667858
7.15076988e-05
-0.0002281762786
0.0001309825667
-0.0003767505448
0.0002637349487
-0.0005439645798
0.0005234241971
-0.0006161942398
0.0008533372637
-0.0004950369136
0.001000118113
-0.0002627817755
0.0008207076065
-0.0001193722041
0.0004426820766
-7.039507908e-05
0.0002005592755
-4.084638434e-05
0.0001315655375
-2.009785991e-05
0.0001034591488
-2.770847539e-05
0.0001080219242
-0.0002573011642
0.0002709759571
-0.0004478348167
0.0005660696228
-0.0004651369679
0.0006992633847
-7.66016851e-05
0.0007883983202
-6.198248981e-05
0.0001663831248
-8.429381955e-05
0.0001602567371
-0.0001407249876
0.000243434839
-0.0001725396888
0.0003995804093
-0.0001163069532
0.0003856189756
-0.0001146290316
0.0002119306105
-0.0001170298859
0.000186412088
-0.0001111314656
0.0002277805996
0.0002714435808
-7.895164116e-05
0.01150884397
-6.415964148e-05
8.367405437e-05
-5.23480178e-05
9.836408569e-05
-4.352693324e-05
4.861308885e-05
-4.312977073e-05
4.057527158e-05
-5.683306833e-05
4.089108567e-05
-8.813986914e-05
5.602690371e-05
-0.0001409234962
9.328689853e-05
-0.0002262322682
0.0001695252996
-0.0003481928244
0.0003294231707
-0.0004483094152
0.0005969787356
-0.0004204806009
0.0008341541379
-0.0002451694983
0.000806434068
-9.171451828e-05
0.0004837758718
-4.500145292e-05
0.0001865903524
-2.045298129e-05
0.0001048478069
1.34920041e-06
7.003074435e-05
1.462994669e-05
6.906466266e-05
-3.404829482e-05
0.0001682715331
-0.0003254901284
0.0005157435327
-0.0002338740725
0.0008299224512
-9.330537015e-05
0.0004865800253
-7.146839132e-05
0.000191725825
-8.943686675e-05
0.000171492845
-0.0001272563975
0.0002249076815
-0.0001196357221
0.0002778836588
-8.341348779e-05
0.0002702128292
-7.943542809e-05
0.0001593311951
-8.518030679e-05
0.0001476639671
-9.266538638e-05
0.0001896855565
0.0002352935297
0.0004300517851
0.0063748135
0.000389827641
-0.000679073671
-6.746154697e-05
0.000237369471
-6.799334936e-05
5.612443568e-05
-6.173646388e-05
4.294301374e-05
-6.803865285e-05
3.947740674e-05
-8.83164548e-05
4.536702623e-05
-0.0001220165887
6.452192612e-05
-0.0001726970109
0.0001068835646
-0.0002501190276
0.000206577038
-0.0003399948408
0.000413282982
-0.0003597661727
0.0006772638095
-0.0002387427616
0.0007697552582
-8.625781086e-05
0.0005245839801
-3.710694191e-05
0.0001935106007
-1.19385435e-05
9.311387789e-05
7.398243641e-06
5.201392514e-05
2.068534703e-05
4.575955964e-05
2.516674878e-05
0.0001033939647
-0.0002229523436
0.0003463784966
-0.0002740234154
0.001001688151
-0.0001188092187
0.0005982716432
-9.78699104e-05
0.0002357619224
-0.0001428937693
0.0002098826761
-0.0002483949539
0.0003079386157
-8.534865718e-05
0.000496558181
-7.213517582e-05
0.0001933704789
-7.804382301e-05
0.0001249944974
-0.0001233612646
0.0001346420011
-0.0002111565394
0.0001268100365
-0.0001151354166
0.00133047256
-0.01078467326
-3.593725399e-05
-3.489076499e-05
-7.977510127e-05
0.0002811069045
-6.676966702e-05
6.610806572e-05
-5.858457574e-05
5.388350105e-05
-5.797489917e-05
4.830863541e-05
-6.545845199e-05
4.966903648e-05
-8.149430079e-05
6.061912317e-05
-0.0001095115844
8.838105036e-05
-0.0001590614571
0.0001564354576
-0.0002326824856
0.000310478229
-0.0002823259024
0.0005564312128
-0.0002188766199
0.0007210425869
-8.670886423e-05
0.0005535846111
-3.180338971e-05
0.0002123714641
-4.109061789e-06
8.611492357e-05
1.189575397e-05
4.3051515e-05
1.889770664e-05
4.014647855e-05
2.741275111e-05
7.48190478e-05
5.902503522e-06
0.0002245003831
-0.0002728763214
0.00109908279
-0.0001453700179
0.0008542169037
-0.0001353894553
0.0003464570356
-0.0001763055991
0.000337319975
-0.000152712364
0.0004798773601
-6.445593363e-05
0.0004391623161
-7.036417618e-05
0.0001965411499
-3.700344719e-05
0.0002456477952
-6.205954163e-05
0.0001321271184
-8.526129105e-05
0.0001099453218
-0.0001553929974
-0.006384762257
-0.01211754327
-0.01128462973
-0.01050873332
-0.009844401772
-0.009266444705
-0.008748661213
-0.008265796498
-0.007788879988
-0.007289624612
-0.006738938436
-0.006045593485
-0.005047410409
-0.003853188621
-0.002965881495
-0.002401036093
-0.001955635127
-0.001648570594
-0.001904691804
-0.003594278538
-0.005689037718
-0.004876802333
-0.003117079283
-0.002133112778
-0.001279177843
-0.0009025067566
-0.0007180518166
-0.0002695776758
-0.000661121693
-0.002193039515
)
;

boundaryField
{
    walls
    {
        type            calculated;
        value           nonuniform List<scalar> 
79
(
5.119118969e-10
5.153723387e-10
5.727774755e-10
7.0249994e-10
9.264382357e-10
1.191693096e-09
1.183243634e-09
7.648037321e-10
4.779122205e-10
4.941824663e-10
6.705542459e-10
9.52627229e-10
1.186463813e-09
1.177798861e-09
1.149165118e-09
7.56479455e-10
5.246724136e-10
5.11407048e-10
2.091485017e-10
1.911088089e-10
6.846662703e-11
1.985305864e-11
-2.449465406e-10
-4.37945076e-11
-2.328154232e-11
5.46677285e-11
5.157040831e-11
1.84733019e-10
2.413319265e-10
3.159462565e-10
5.130469882e-10
6.334529078e-10
4.894772144e-10
3.446328689e-10
2.578213446e-10
2.126540576e-10
1.866167058e-10
1.634118108e-10
1.32100391e-10
8.748563438e-11
2.77739646e-11
-4.479502618e-11
-1.241454174e-10
-2.094378e-10
-2.761860038e-10
-1.155349574e-09
-1.750786375e-09
-5.155055823e-09
-4.331678883e-09
-1.369315782e-09
-5.716386725e-10
-2.463887812e-10
-1.825315727e-10
-1.180560988e-10
-4.838848509e-11
2.684280426e-11
1.057469768e-10
1.8654858e-10
2.652025231e-10
3.372349233e-10
3.918845207e-10
4.058657474e-10
3.784297638e-10
3.640048216e-10
3.758096167e-10
3.816282149e-10
3.977813696e-10
5.341183032e-10
9.301665832e-10
1.179677023e-09
8.513468454e-10
5.204688032e-10
4.100194996e-10
3.295820429e-10
3.479467132e-10
5.423151777e-10
5.637411388e-10
1.176207568e-09
1.946478302e-09
)
;
    }
    wallFilmFace_top
    {
        type            calculated;
        value           uniform 0;
    }
    region0_to_wallFilmRegion_wallFilmFace
    {
        type            calculated;
        value           uniform 0;
    }
    mirrorFace_top
    {
        type            calculated;
        value           nonuniform List<scalar> 0();
    }
    region0_to_wallFilmRegion_mirrorFace
    {
        type            calculated;
        value           nonuniform List<scalar> 0();
    }
    procBoundary1to0
    {
        type            processor;
        value           nonuniform List<scalar> 
52
(
0.005515844329
0.0001040720196
0.0001087721541
0.0001144942116
0.0001332071524
0.0001569714906
0.0001804279702
-0.0003242047078
3.653828073e-05
2.164550803e-05
9.350049751e-06
3.903113026e-06
-6.741348272e-05
0.0001845065939
0.0004285805085
-2.73743497e-07
2.033406679e-07
1.466080963e-07
1.855321797e-07
4.34941778e-08
-1.551581527e-08
6.252560001e-09
1.01636146e-08
-1.264323616e-09
1.405980021e-09
-2.224369505e-12
2.444902501e-11
8.157892489e-10
-8.175086865e-11
-0.001164629617
-0.0001406159929
0.0001181744692
-0.0004935066608
0.000541901018
5.798234863e-05
-0.0005856820791
0.0007491573763
0.0001645516234
0.000101155821
-1.338068347e-05
2.947475909e-05
-5.594509354e-05
0.0001100821927
3.102067607e-05
-2.841029424e-05
5.973915341e-06
1.420061302e-06
2.150608355e-09
1.58098553e-07
0.0002005973545
0.0002289252655
4.466697759e-10
)
;
    }
    procBoundary1to2
    {
        type            processor;
        value           nonuniform List<scalar> 
33
(
-7.825091454e-07
2.41489383e-08
-1.665841566e-05
2.133214373e-06
-2.471380862e-05
-2.914681078e-05
-0.0004354920672
0.0001979300216
-0.0004056762211
3.803882301e-05
0.0001074830034
7.230196609e-05
7.524273655e-05
-4.294381993e-05
-8.209640675e-06
-3.839881398e-05
0.0001598572026
-0.000828496654
-0.0001142433387
3.458190641e-05
4.578758788e-05
2.934405893e-05
1.426350244e-05
-2.281582446e-05
-7.619489768e-05
-0.0001075922149
-0.0001160322979
-0.0001097637976
-9.835274501e-05
-8.364060004e-05
-0.0001524066899
-7.523289415e-05
-0.0009657377237
)
;
    }
}


// ************************************************************************* //
