/*--------------------------------*- C++ -*----------------------------------*\
  =========                 |
  \\      /  F ield         | OpenFOAM: The Open Source CFD Toolbox
   \\    /   O peration     | Website:  https://openfoam.org
    \\  /    A nd           | Version:  8
     \\/     M anipulation  |
\*---------------------------------------------------------------------------*/
FoamFile
{
    version     2.0;
    format      ascii;
    class       volVectorField;
    location    "0.6/wallFilmRegion";
    object      U;
}
// * * * * * * * * * * * * * * * * * * * * * * * * * * * * * * * * * * * * * //

dimensions      [0 1 -1 0 0 0 0];

internalField   nonuniform List<vector> 
1369
(
(-0.4749999831 -1.274230896 0)
(-0.587397361 -1.567406267 0)
(-0.6154491358 -1.780997342 0)
(-0.6239673592 -1.692730034 0)
(-0.6222901662 -1.542954506 0)
(-0.6149415241 -1.384941281 0)
(-0.5992580942 -1.230876843 0)
(-0.4319272257 -1.216519052 0)
(-0.360027411 -0.6003640904 0)
(-0.4003042853 -1.158809248 0)
(-0.4714550922 -1.263399569 0)
(-0.5248019595 -1.306755103 0)
(-0.5389231255 -1.265996767 0)
(-0.4259676347 -1.09185126 0)
(-0.1558001665 -0.8544637667 0)
(0.1725479134 -0.7243623134 0)
(0.4229879105 -0.6793915853 0)
(0.5303610642 -0.6725371831 0)
(-0.3866977326 -1.14102314 0)
(-0.2198771448 -0.4857629966 0)
(-0.2495904369 -0.9695484048 0)
(-0.3243116444 -1.121802807 0)
(-0.3893870855 -1.234879783 0)
(-0.4261388532 -1.238259081 0)
(-0.3160937183 -0.9774064699 0)
(-0.09079028872 -0.6797872263 0)
(0.07074885503 -0.5750510133 0)
(0.1890441712 -0.5652114841 0)
(0.06025256716 -0.6150707314 0)
(-0.6093877146 -0.6780079474 0)
(-1.076764419 -0.6633245385 0)
(-0.3420769127 -1.054496596 0)
(-0.1272779341 -0.4804804699 0)
(-0.1273458895 -0.8077202043 0)
(-0.1594453323 -0.9056034882 0)
(-0.2085634778 -1.046665602 0)
(-0.2543708924 -1.17537577 0)
(-0.2916231635 -1.237459099 0)
(-0.2542120711 -1.056116756 0)
(-0.2669314676 -0.7907999266 0)
(-0.4112170885 -0.7006570434 0)
(-0.6075407817 -0.6786735274 0)
(-0.8744886952 -0.7118808359 0)
(-1.105376598 -0.6845638742 0)
(-0.3837859828 -0.4844423905 0)
(-0.5121036734 -0.236290751 0)
(-0.7211011371 0.08250057353 0)
(-0.6614262963 -0.7260274193 0)
(-0.303311624 -0.980200695 0)
(-0.09241238074 -0.6048589512 0)
(-0.06910818576 -0.783346417 0)
(-0.05699626954 -0.791916029 0)
(-0.04835221052 -0.8524920697 0)
(-0.002543504816 -0.9368180209 0)
(0.06088676493 -0.9680153356 0)
(-0.2145770037 -0.8563289401 0)
(-0.5518163942 -0.7841776576 0)
(-0.7371259358 -0.7552783947 0)
(-0.9014829289 -0.7520668284 0)
(-1.018951757 -0.7371324809 0)
(-1.054709655 -0.6968260726 0)
(-0.2653246672 -0.8038943246 0)
(-0.4006839478 -0.7583176022 0)
(-0.479141095 -0.7666673876 0)
(-0.5750610608 -0.6818918096 0)
(-0.5905637455 -0.4644109827 0)
(-0.5703038933 -0.09418516632 0)
(-0.2725759679 -0.9391874792 0)
(-0.0503699381 -0.7342283756 0)
(0.03034692071 -0.8728464847 0)
(0.06541752519 -0.8643836896 0)
(0.1510890876 -0.8825042274 0)
(0.229950987 -0.9020367494 0)
(0.02113938559 -0.8790802873 0)
(-0.3656902129 -0.8506801687 0)
(-0.580006464 -0.8466810519 0)
(-0.762942314 -0.8524018976 0)
(-0.9027848538 -0.824116841 0)
(-0.9700289167 -0.7633443998 0)
(-0.9124442622 -0.6827280968 0)
(0.0770113793 -0.7066113756 0)
(-0.2061746718 -0.6194513269 0)
(-0.2565411329 -0.6712668572 0)
(-0.4422948448 -0.6953909371 0)
(-0.531693585 -0.5547232102 0)
(-0.5393783933 0.5484784007 0)
(0.4380065917 -0.1103907277 0)
(0.6158472743 0.2764198551 0)
(0.5344791174 0.5718475725 0)
(0.3776654707 0.7182624247 0)
(-0.272939815 -0.9543653573 0)
(-0.1253341743 -0.7498030343 0)
(-0.05767017094 -0.784642606 0)
(0.05627856468 -0.8163209545 0)
(0.1604949466 -0.8583023028 0)
(0.09376361221 -0.8569330669 0)
(-0.1680607109 -0.8748019697 0)
(-0.3484631324 -0.9030488771 0)
(-0.540339177 -0.9438051639 0)
(-0.7127428177 -0.9446783139 0)
(-0.8275885075 -0.8829722766 0)
(-0.8297763898 -0.7689766324 0)
(-0.6408714061 -0.6430766133 0)
(0.2179231278 -0.633447162 0)
(-0.008737837524 -0.4997058878 0)
(0.1671293372 -0.4787280052 0)
(0.429630893 -0.4338482983 0)
(0.5085267324 -0.2917460648 0)
(0.5237673224 -0.1648705399 0)
(0.5804776494 -0.1831601371 0)
(0.7160716104 0.2520972985 0)
(0.5677493633 0.4279020858 0)
(0.3890060391 0.5093112083 0)
(0.5547574801 -0.1413165396 0)
(0.2893165959 0.1342471356 0)
(-0.2927919948 -1.058677697 0)
(-0.1987342624 -0.7819963361 0)
(-0.1262343092 -0.7878615071 0)
(-0.0541133921 -0.7802596601 0)
(0.009285973909 -0.782823635 0)
(0.02928734956 -0.8039706052 0)
(-0.06930554657 -0.8724377446 0)
(-0.2861248859 -0.9787535434 0)
(-0.4988739936 -1.051100443 0)
(-0.6552959165 -1.044320569 0)
(-0.7277606953 -0.9441891417 0)
(-0.6500315037 -0.7650184478 0)
(-0.3114873906 -0.5473241024 0)
(0.08191484378 -0.423634895 0)
(0.1748182478 -0.4403258737 0)
(0.2922776816 -0.5093346027 0)
(0.230549409 -0.5927565299 0)
(0.01718697192 -0.4534230784 0)
(-0.1139452984 -0.3119458086 0)
(0.4178112833 -0.5097915384 0)
(0.2298433279 0.3559903506 0)
(0.1130426726 0.386408856 0)
(0.05871977483 0.4055399615 0)
(0.3107800383 -0.01210084263 0)
(0.2021357673 0.2090244787 0)
(0.1143359984 0.4341327716 0)
(-0.2882879138 -1.201192391 0)
(-0.4427162249 -0.834471347 0)
(-0.4466888178 -0.8908276282 0)
(-0.4331908353 -0.9619823971 0)
(-0.4042968246 -1.052605825 0)
(-0.3977475406 -1.121327692 0)
(-0.4269964876 -1.186234146 0)
(-0.4841095978 -1.246925531 0)
(-0.5572260737 -1.269837454 0)
(-0.6166738752 -1.202993344 0)
(-0.6491814881 -1.070551748 0)
(-0.6493109813 -0.9148413532 0)
(-0.6363299173 -0.7441245213 0)
(-0.3676099402 0.4398281886 0)
(-0.373903449 0.4729929336 0)
(-0.1720580987 -0.2430871385 0)
(-0.1158195242 -0.341221853 0)
(-0.1117076709 -0.3040551094 0)
(-0.111721466 -0.2959709623 0)
(-1.098808536 -0.4667773623 0)
(-0.8946338094 0.4421977171 0)
(-0.7623598974 0.5227671368 0)
(-0.6677905605 0.5896756524 0)
(-0.5877792859 0.6504722345 0)
(-0.51377226 0.6933171682 0)
(-0.1956013775 0.3684230585 0)
(-0.2369893205 -1.196638874 0)
(-0.4208681522 -0.922652858 0)
(-0.4292149987 -1.194014641 0)
(-0.4335155394 -1.434499299 0)
(-0.4368233011 -1.602803136 0)
(-0.4467994556 -1.685412153 0)
(-0.4168228511 -1.722596116 0)
(-0.4044934964 -1.635933698 0)
(-0.4043335383 -1.470999112 0)
(-0.4028401855 -1.274834196 0)
(-0.398758852 -1.090353461 0)
(-0.3954447998 -0.9336918649 0)
(-0.3890134488 -0.7937363982 0)
(-0.3673412636 0.6922633426 0)
(-0.3682294682 0.8303823527 0)
(-0.2091447461 0.05744930843 0)
(-0.05852700218 -0.3249143187 0)
(-0.04392937579 -0.3054551083 0)
(-0.04360430983 -0.2700673833 0)
(-0.7210462459 -0.09779247296 0)
(-0.8029712343 0.4674086199 0)
(-0.6548847317 0.5676232784 0)
(-0.5681392401 0.6530825606 0)
(-0.5011505952 0.7274926442 0)
(-0.4431652033 0.7839280701 0)
(-0.1857913018 0.2641368645 0)
(0.06529800504 0.3389549261 0)
(-0.2122638412 -1.11898933 0)
(-0.4083409662 -0.6243494252 0)
(-0.4500521261 -0.8667054665 0)
(-0.4745335122 -0.8359103629 0)
(-0.4466232237 -0.8409988903 0)
(-0.3627338782 -0.8841234594 0)
(-0.1184231438 -0.9969733914 0)
(0.2050351817 -1.130751839 0)
(0.3625813285 -1.147574916 0)
(0.4011914039 -1.084613497 0)
(0.4018861292 -0.9881494368 0)
(0.3989418793 -0.884302238 0)
(0.3679889028 -0.7963776954 0)
(-0.4207996002 -0.7646945996 0)
(-0.4204116569 -0.7033738489 0)
(-0.3423157259 -0.5876349778 0)
(-0.1217692097 -0.3987756602 0)
(-0.1110364412 -0.309852719 0)
(-0.4070828451 -0.3117221734 0)
(-0.5259424317 -0.4332474338 0)
(-0.6021194599 0.4129453233 0)
(-0.5220082426 0.5255579793 0)
(-0.4772900728 0.6359376721 0)
(-0.4381099393 0.735067826 0)
(-0.398745946 0.7414553825 0)
(-0.1885524314 0.104911093 0)
(-0.2446429315 0.3566997868 0)
(-0.2006659444 -1.031004706 0)
(-0.4133459542 -0.4142328407 0)
(-0.5078183149 -0.8749812542 0)
(-0.5778817985 -0.8125521915 0)
(-0.5425555092 -0.8006649965 0)
(-0.5134708857 -0.8132600132 0)
(-0.318834128 -0.8702402855 0)
(0.09845021402 -0.9903327105 0)
(0.4354222186 -1.075979855 0)
(0.5529924403 -1.047897616 0)
(0.5857681081 -0.9678531214 0)
(0.5946342832 -0.8742506801 0)
(0.5781647684 -0.7909820605 0)
(-0.3227514949 -0.8017624443 0)
(-0.3253159715 -0.7233078385 0)
(-0.3266289078 -0.6469964849 0)
(-0.4522102464 -0.5318365877 0)
(-0.965833247 -0.4111474693 0)
(-1.363507375 -0.4187970811 0)
(-0.3358498464 -0.3498328092 0)
(-0.3251797437 0.2473137197 0)
(-0.3364910413 0.4114008922 0)
(-0.3442852443 0.5666167968 0)
(-0.3398847961 0.706565892 0)
(-0.3243602631 0.8048164885 0)
(-0.07122216518 0.02056501022 0)
(-0.06888639572 0.1945898702 0)
(-0.1805911711 -0.9645753449 0)
(-0.4208437421 -0.1137797579 0)
(-0.5920225165 -0.9015179731 0)
(-0.7195839928 -0.8100553799 0)
(-0.6574521259 -0.7822721064 0)
(-0.6860394873 -0.7839311239 0)
(-0.5926193879 -0.8024580661 0)
(-0.1973287028 -0.8593929763 0)
(0.3784649247 -0.9716770162 0)
(0.6627224958 -0.9966996064 0)
(0.7607435474 -0.9430627036 0)
(0.7939775035 -0.8636224197 0)
(0.7778006082 -0.7875288689 0)
(-0.2600399119 -0.827227181 0)
(-0.2578423609 -0.7319111242 0)
(-0.2849709559 -0.5994784816 0)
(-0.6208983364 -0.4179079011 0)
(-1.063620761 -0.384218772 0)
(-1.419974625 -0.4302451871 0)
(-0.1644971725 -0.2465929277 0)
(-0.09978828928 0.07931150604 0)
(-0.1527829774 0.2595783548 0)
(-0.1951235276 0.4512472216 0)
(-0.2201572974 0.6404587554 0)
(-0.225852852 0.7984842977 0)
(-0.1918840734 0.9079788097 0)
(-0.1815236122 0.9101409906 0)
(0.1188084391 0.5019437349 0)
(-0.1418275018 -0.9304525802 0)
(-0.4805955063 0.2418205208 0)
(-0.7676136907 -0.9278418833 0)
(-0.8602888138 -0.8167528978 0)
(-0.7746225037 -0.7684630297 0)
(-0.842139955 -0.7735710251 0)
(-0.8342022759 -0.7974198732 0)
(-0.5625092892 -0.7939752456 0)
(0.0905956852 -0.8573358333 0)
(0.6337487342 -0.9283187813 0)
(0.8553583821 -0.9117210668 0)
(0.9475565819 -0.8534930616 0)
(0.9326747582 -0.7925167974 0)
(-0.1870921393 -0.8858681221 0)
(-0.1882433451 -0.7330384393 0)
(-0.2986677447 -0.46890619 0)
(-0.6565493332 -0.372654053 0)
(-1.042487599 -0.3856527296 0)
(-1.416102795 -0.4561725027 0)
(-0.03766603857 -0.1435262908 0)
(0.01861960829 0.01117461456 0)
(-0.01391298525 0.125708824 0)
(-0.05686760639 0.3147367359 0)
(-0.09762318176 0.5579395507 0)
(-0.1194618459 0.7720932342 0)
(-0.1173618853 0.8884646838 0)
(-0.115680597 0.8017544688 0)
(0.08750811277 0.4911424633 0)
(0.1580969881 0.4656147021 0)
(-0.07168723286 -0.8700364936 0)
(-0.7506637712 -0.3641088293 0)
(-0.9703429339 -0.9629804669 0)
(-0.9487262434 -0.8121031868 0)
(-0.8622198137 -0.7237819617 0)
(-0.9468811289 -0.7335046102 0)
(-1.01100325 -0.8246151844 0)
(-0.8899315583 -0.7833051538 0)
(-0.4377874163 -0.7727224569 0)
(0.3212501673 -0.8397813744 0)
(0.7296041983 -0.8696086745 0)
(0.927107621 -0.8440704612 0)
(0.9254321702 -0.8006068946 0)
(0.05942186185 -0.8117864746 0)
(0.005716754734 -0.5655051566 0)
(-0.302165089 -0.4074114846 0)
(-0.6399122379 -0.4142499882 0)
(-1.003274944 -0.4358045719 0)
(-1.307902827 -0.4725197422 0)
(-0.1318349578 -0.1041351947 0)
(0.09407284273 0.05738492453 0)
(0.1343009266 0.2463165942 0)
(0.1666438082 0.4186535259 0)
(0.1780665132 0.5081918435 0)
(0.1643879738 0.48423486 0)
(0.1344260205 0.3668287522 0)
(0.09765935196 -0.1254385659 0)
(-0.0569730582 -0.2479281702 0)
(0.04144881794 0.07475054849 0)
(-0.04596483609 -0.8727331199 0)
(-0.9764931034 -0.8900423741 0)
(-1.013565014 -0.9604285091 0)
(-0.9432714637 -0.7751951595 0)
(-0.8698879668 -0.5998248048 0)
(-0.9373288438 -0.5987692676 0)
(-1.092029102 -0.8610072502 0)
(-1.044194595 -0.8020910276 0)
(-0.8250081572 -0.7511239797 0)
(-0.3778497574 -0.7256671576 0)
(0.1424276236 -0.7847237174 0)
(0.5772534328 -0.8184563428 0)
(0.6456807997 -0.8051686473 0)
(0.1945134353 -0.7497249371 0)
(-0.02570968505 -0.6183889143 0)
(-0.3792982219 -0.6098433714 0)
(-0.6418918251 -0.5638270868 0)
(-0.8936313865 -0.5242492788 0)
(-1.096480154 -0.4926656781 0)
(-0.2671965425 0.1878223773 0)
(0.154469327 0.1999266799 0)
(0.238724295 0.3347310507 0)
(0.2376729477 0.4099846412 0)
(0.2143497228 0.4275559229 0)
(0.1841376071 0.4070338942 0)
(0.148686628 0.3396577515 0)
(0.3743506327 0.01280483295 0)
(-0.06132319998 -0.2081084485 0)
(-0.06579183003 -0.2930877086 0)
(-0.02440879384 -1.011195584 0)
(-0.8386926484 -1.010139606 0)
(-0.8428606636 -0.953981961 0)
(-0.8297549321 -0.7191019192 0)
(-0.7673876758 -0.3611138314 0)
(-0.7930793111 -0.3376343564 0)
(-1.07757757 -0.8921571933 0)
(-1.086433718 -0.822899499 0)
(-0.9060807373 -0.7593181105 0)
(-0.4302631734 -0.7063184946 0)
(-0.2549354088 -0.7347371075 0)
(0.0629868151 -0.7341545653 0)
(0.2826313015 -0.7308573568 0)
(-0.02266054032 -0.7402451764 0)
(-0.2298916941 -0.9456367004 0)
(-0.3552459533 -0.9587907856 0)
(-0.4782728342 -0.8072605028 0)
(-0.6068397764 -0.6498556739 0)
(-0.729278284 -0.5138302587 0)
(0.3055679093 -0.2941495994 0)
(0.2488389413 0.2776109379 0)
(-0.08578513358 -0.004191507215 0)
(0.01403926266 0.1049461816 0)
(0.01330620571 0.1146076489 0)
(0.1308216116 0.2726438458 0)
(0.1361177362 0.2535580863 0)
(0.4104834228 0.1185474671 0)
(0.1055931808 -0.2542393242 0)
(0.01969155565 0.1277650866 0)
(0.009681200256 0.07637917441 0)
(0.0001270766643 0.001298814407 0)
(-5.181430391e-09 -1.716879699e-08 0)
(-5.088573587e-05 -0.00430322938 0)
(-0.2280290691 0.3563343048 0)
(-0.02635134134 -1.199889183 0)
(-0.5913482862 -1.024678394 0)
(-0.6096690135 -0.9918244961 0)
(-0.6111662155 -0.7123326331 0)
(-0.5370734055 0.04241304018 0)
(-0.5747561471 -0.00125010991 0)
(-1.006254891 -0.9127260646 0)
(-1.050685085 -0.8420152822 0)
(-0.9002016988 -0.7725841823 0)
(-0.29687323 -0.8881647684 0)
(-0.009774522866 -1.485171224 0)
(0.05031429774 -1.824672991 0)
(0.03505817754 -1.890467038 0)
(0.02408678099 -1.79906926 0)
(0.03260352067 -1.659250358 0)
(0.006767520473 -1.405800009 0)
(-0.01465387331 -1.112767649 0)
(-0.01758309898 -0.8124902227 0)
(-0.01838408612 -0.5014932961 0)
(0.03529846921 0.6791023587 0)
(0.04241054066 0.9727271674 0)
(0.05806256567 1.02866468 0)
(0.06523137498 0.8508447752 0)
(-0.2781663059 -0.5436202807 0)
(0.02957265435 0.2882220782 0)
(0.1081085075 0.3610372288 0)
(0.1001536838 0.2150448407 0)
(0.0256791166 -0.1062076855 0)
(0.01294355929 0.03314270183 0)
(4.027561401e-05 0.0001411279927 0)
(-8.544890723e-10 -4.058295235e-10 0)
(-8.269174454e-11 -1.385724381e-10 0)
(-1.839087379e-09 -4.508737592e-09 0)
(0.000638944065 -0.0007587169248 0)
(-0.09092720533 -1.36438797 0)
(-0.4179809118 -1.1170686 0)
(-0.5068622296 -1.059782774 0)
(-0.3216392739 -0.7673139072 0)
(-0.285838856 0.4381920595 0)
(-0.3291903204 0.3473724851 0)
(-0.9163157427 -0.9244788058 0)
(-0.9530293723 -0.8596948116 0)
(-0.8886835456 -0.780732471 0)
(-0.3854622744 -0.6728754802 0)
(-0.1521487595 -0.6645546134 0)
(0.1871003677 -1.019482925 0)
(0.2978369302 -1.405608159 0)
(0.3360469161 -1.480507673 0)
(0.3856462934 -1.388890598 0)
(0.4313020983 -1.190140303 0)
(0.5151920872 -0.9873692409 0)
(0.5692751689 -0.7482996417 0)
(0.6177785038 -0.5210290128 0)
(0.003825342941 0.334648395 0)
(0.1393394797 0.6383693472 0)
(-0.003487460647 -0.6481200711 0)
(-0.1856459432 -1.898894981 0)
(-0.1929442172 -1.92884629 0)
(0.005553472525 0.3481736771 0)
(0.06702909822 0.2779156405 0)
(0.0747287266 0.1871766091 0)
(0.04687227663 0.07927623107 0)
(0.0009074677175 0.001632501531 0)
(-6.469502563e-08 4.575226416e-09 0)
(-7.97524045e-08 -2.827448486e-09 0)
(-1.126103976e-07 -1.371367012e-08 0)
(-1.095085928e-07 -3.898661469e-08 0)
(-1.179739894e-05 -4.562303185e-05 0)
(-0.008674516318 -1.630018576 0)
(-0.5620360308 -1.121109944 0)
(-0.7090952102 -1.045344284 0)
(0.004180046894 -0.7341323774 0)
(-0.3177108242 0.1204850617 0)
(-0.3782410054 0.4785422946 0)
(-0.8067953455 -0.9319799833 0)
(-0.8113793758 -0.8748050847 0)
(-0.799523915 -0.7963219377 0)
(-0.3532596626 -0.6689460577 0)
(-0.1748638687 -0.6050872095 0)
(0.1333965333 -0.5819382008 0)
(0.4100761675 -0.7582853005 0)
(0.4666786033 -0.9926048753 0)
(0.548372803 -1.040938865 0)
(0.6437222821 -0.9319726457 0)
(0.7531066123 -0.7685088643 0)
(0.8581413396 -0.6191574969 0)
(0.7908567894 -0.458841471 0)
(-0.7959620638 -0.3728987092 0)
(0.01075451346 0.04165898053 0)
(0.1049878459 -0.02359713005 0)
(0.132916573 -0.2611985462 0)
(0.316662303 -0.7997604031 0)
(0.07893860267 -0.1416484261 0)
(0.1827542891 -0.1041770262 0)
(0.1212843145 0.0580586798 0)
(0.08303688981 -0.5142187443 0)
(0.09837946367 -0.7368855912 0)
(0.1023917271 -0.7553695797 0)
(0.09699079003 -0.7361772687 0)
(0.07595025441 -0.6493812453 0)
(0.05087983864 -0.468058107 0)
(-0.01653854561 -1.397809987 0)
(-0.8039163716 -1.132432507 0)
(-0.8882345005 -1.048091737 0)
(-0.08213660525 -1.008209032 0)
(-0.5432183423 -0.8277282656 0)
(-0.5516177645 -0.7314725115 0)
(-0.6100949234 -0.9479136385 0)
(-0.6443272599 -0.8868092224 0)
(-0.6543247392 -0.8095644561 0)
(-0.264453569 -0.6611882543 0)
(-0.1303356219 -0.5700181913 0)
(0.1590290132 -0.4980695279 0)
(0.4860012849 -0.4798913863 0)
(0.5188590311 -0.5178065217 0)
(0.5625093367 -0.6538275266 0)
(0.6149087861 -0.6544993481 0)
(0.7218769221 -0.5523187162 0)
(0.830856042 -0.4688575355 0)
(0.7344465468 -0.3981841418 0)
(-1.106470255 -0.3830566142 0)
(0.2761426813 -0.05336920879 0)
(0.006939814396 -0.002638131946 0)
(0.0375327589 -0.06466993444 0)
(0.1121066514 -0.1778567343 0)
(0.073433457 -0.1252833433 0)
(0.1771467581 0.1380305501 0)
(0.1715148725 -0.258119197 0)
(0.06033090235 -0.5471805731 0)
(0.05557777502 -0.5521125828 0)
(0.0481320173 -0.5294192219 0)
(0.0400058468 -0.4791051196 0)
(0.03745227279 -0.392452645 0)
(-0.06908104661 -1.323799482 0)
(-0.6227960978 -1.189401333 0)
(-0.6153325209 -1.025992008 0)
(0.2588023138 -0.8775009258 0)
(-0.2219287249 0.029041032 0)
(-0.4031604241 -0.168915337 0)
(-0.445094053 -0.9578983408 0)
(-0.4636681689 -0.8946026195 0)
(-0.4492656932 -0.8094422656 0)
(-0.05757953236 -0.593678976 0)
(0.1373542498 -0.4425465757 0)
(0.3505684707 -0.3624076787 0)
(0.5727929589 -0.3594257277 0)
(0.6323254596 -0.3529772289 0)
(0.5724543481 -0.3637425974 0)
(-1.310633166 -0.4470434557 0)
(0.5509472402 -0.3657499024 0)
(0.4734716031 -0.3176928166 0)
(0.1013446027 -0.3176304087 0)
(-1.029082882 -0.3720930599 0)
(0.2234647471 -0.1003180237 0)
(-1.018834005e-07 7.217726137e-07 0)
(0.0007700009612 -0.0009886034102 0)
(0.03456911943 -0.0480898114 0)
(0.0631816584 -0.08691211185 0)
(0.1509834791 0.2162248768 0)
(0.2711645123 -0.2228886821 0)
(-0.03546264232 -0.173086553 0)
(0.01009968496 -0.2621972628 0)
(0.01784326876 -0.3040906492 0)
(0.001463388946 -0.2980633222 0)
(-0.01974403152 -0.2891691132 0)
(0.1871982732 -1.691872798 0)
(0.1886074448 -1.355211462 0)
(0.1738926332 -1.007572416 0)
(0.2758412261 0.9394944494 0)
(0.07640573571 0.9509112727 0)
(-0.2875786361 0.2668770917 0)
(-0.2758800713 -0.9677102563 0)
(-0.2712395765 -0.9076559041 0)
(-0.2154054256 -0.8326010777 0)
(0.1696560541 -0.731936293 0)
(0.2109818355 -0.50130672 0)
(0.3502858759 -0.2809951215 0)
(0.5629149522 -0.1824563863 0)
(0.6249442057 -0.1211767302 0)
(0.06271179897 -0.1387629749 0)
(-2.393218217 -0.611814111 0)
(0.4586504751 -0.1164099679 0)
(-0.01708586541 -0.150263871 0)
(-0.7239882772 -0.2609260222 0)
(-0.6362364698 -0.3389097823 0)
(-0.06457085219 0.08334761645 0)
(-0.0004293141874 0.000224365043 0)
(-2.32025991e-08 4.82960993e-08 0)
(6.151092979e-05 -0.0001931240398 0)
(-0.03931068178 -0.0300516909 0)
(-0.08861313062 0.3070036212 0)
(-0.04448389379 -0.02109299839 0)
(-0.1884619474 -0.1115343212 0)
(-0.1339924673 0.05783203949 0)
(0.06183512159 -0.09384788663 0)
(0.1581886469 -0.1421964952 0)
(0.2635768005 -0.1829645658 0)
(0.3540811815 -1.478975733 0)
(0.6855198073 -1.243404226 0)
(0.5846493209 -0.8768128356 0)
(-0.2645820164 -0.5470860338 0)
(-0.8763662727 -1.061502668 0)
(-0.8771164097 -1.003508338 0)
(0.235168245 -0.9931651168 0)
(0.2304879771 -0.9342038781 0)
(0.2247234768 -0.8631982146 0)
(0.2084128225 0.767727709 0)
(0.1285429548 0.4624846116 0)
(-0.2987480816 -0.2331384715 0)
(-0.4495495288 -0.2700449019 0)
(0.5413799458 0.05640539123 0)
(-0.6641964773 -0.6891504616 0)
(-1.33466992 -0.6316814878 0)
(0.4028908085 0.193955018 0)
(0.2805032332 0.07859462229 0)
(-0.6317106744 -0.1833146638 0)
(-1.014453782 -0.4603299759 0)
(-0.07265628536 -0.07537627048 0)
(0.2034057741 -0.01656784184 0)
(0.2019699767 0.1854767171 0)
(0.1887998122 0.3849162838 0)
(0.3517661603 0.01689837577 0)
(0.1253945521 0.1190157595 0)
(-0.1980523138 0.1891757118 0)
(-0.2520136189 0.1321160981 0)
(-0.1954820878 0.09348555432 0)
(-0.09362697682 0.05633844463 0)
(-0.03179288436 -0.1370265639 0)
(0.3810566396 -1.350336836 0)
(0.9821608737 -1.207893707 0)
(0.6797075701 -1.030947747 0)
(-0.640337798 -1.138316013 0)
(-0.7735198158 -1.062383391 0)
(-0.6975971046 -0.9824408232 0)
(0.35181459 -0.9734133517 0)
(0.3639574392 -0.8961176792 0)
(0.3371736825 -0.7380752797 0)
(-0.03995197191 -0.4228820853 0)
(-0.4388052116 -0.3391691437 0)
(-0.5934300572 -0.2994033607 0)
(-0.4935248001 -0.8446936637 0)
(0.0103905421 -2.302399857 0)
(0.2927755015 -2.139846948 0)
(0.2917535324 -0.6410525366 0)
(0.297738539 1.327580838 0)
(0.3522665067 1.822676333 0)
(-0.2888920879 0.07326392689 0)
(-0.6738928413 -0.4604540247 0)
(0.05297908585 -0.1969315882 0)
(0.03195183135 0.1060510164 0)
(0.04596553251 0.3440414351 0)
(0.02491940641 0.2401232693 0)
(0.01544322224 -0.07150376167 0)
(0.02278514176 0.1487933118 0)
(-0.1691866146 0.1920488295 0)
(-0.1670225079 0.02635766584 0)
(-0.1286694254 0.05062439844 0)
(-0.1038193265 0.1234992215 0)
(-0.05204430534 0.2169065426 0)
(0.353566686 -1.252761481 0)
(1.061812896 -1.200252997 0)
(0.7202164244 -1.117755023 0)
(-0.4581789909 -1.193039621 0)
(-0.4611009281 -1.082580139 0)
(-0.3772562022 -0.9690537335 0)
(0.4610576917 -0.9480917581 0)
(0.3854654064 -0.8264830709 0)
(0.04271529631 -0.6017301401 0)
(-0.337010607 -0.4299378426 0)
(-0.5990255416 -0.3781662787 0)
(-0.7681087838 -0.3413067641 0)
(-0.5371263363 -0.579631512 0)
(0.2800804678 -1.022042851 0)
(1.14432626 -1.346379115 0)
(2.018139597 -0.8199274203 0)
(0.3018893937 -1.108126947 0)
(0.3005606101 -1.065603846 0)
(0.2529949063 -0.8319595635 0)
(0.1298325371 -0.3869832842 0)
(0.3131891198 0.6173861222 0)
(0.3391003104 0.9722840122 0)
(0.3373377585 1.116910599 0)
(0.2334412629 1.126385716 0)
(0.08496718004 0.663298187 0)
(-0.08154571378 0.143236208 0)
(-0.1540512998 0.1522232054 0)
(-0.1032861669 -0.07784622295 0)
(0.1504316006 0.02472351868 0)
(0.04775068089 0.1092883779 0)
(0.02968842388 0.1707564206 0)
(0.3296338936 -1.248153528 0)
(0.6995571859 -1.545149705 0)
(0.5250404118 -1.467113263 0)
(0.3280386446 -1.356652291 0)
(0.3247018129 -1.121715903 0)
(0.332285856 -0.9216263908 0)
(0.4031456697 0.6260266425 0)
(0.4240145058 0.8461128211 0)
(0.4672264715 0.7091562675 0)
(-0.3033704571 -0.3218846032 0)
(-0.6364290369 -0.4226534314 0)
(-0.7668499906 -0.4158811209 0)
(-0.7239229494 -0.428632907 0)
(-0.1424879513 -0.4980947031 0)
(0.6510481182 -0.803608255 0)
(1.564813687 -0.7528262122 0)
(-0.03313141025 -0.4677822985 0)
(-0.06608049968 -0.4825514884 0)
(0.6570094235 -0.8002024522 0)
(0.6499953083 -0.4215394802 0)
(0.2647490925 0.5648781386 0)
(0.08154828703 0.1429350437 0)
(-0.05265580154 -0.1298951884 0)
(-0.0382621513 -0.2216857812 0)
(-0.2734660075 -0.01494791376 0)
(-0.2257328284 -0.1013980791 0)
(-0.07534381855 0.1099784801 0)
(-0.174794347 -0.07144363807 0)
(0.1246983262 0.1072630112 0)
(0.2886421868 0.005422033254 0)
(-0.02710595104 -0.02302051125 0)
(0.3376851686 -1.129853409 0)
(0.6597688043 -1.651941597 0)
(0.6293857231 -1.52680691 0)
(0.6145011317 -1.323412284 0)
(0.6271605867 -1.10726416 0)
(0.6318624655 -0.9196452932 0)
(0.4585761173 0.707633034 0)
(0.4833643903 0.6973970785 0)
(0.2820190328 0.1224134584 0)
(-0.4135907477 -0.4802969116 0)
(-0.5864227142 -0.4676728079 0)
(-0.6750235341 -0.4535886593 0)
(-0.6481210081 -0.4092528255 0)
(-0.4894338043 -0.2889825322 0)
(0.3318543418 -0.1550554565 0)
(0.5993750308 -0.06145329664 0)
(-0.2369837679 -0.09975947214 0)
(0.3450540564 -0.486181645 0)
(0.9343714772 -0.6531421928 0)
(1.164692083 -0.4312294877 0)
(0.2129736485 0.3546244992 0)
(0.009809028876 0.06357394965 0)
(-0.3363914872 -0.01372137032 0)
(-0.2258137506 -0.1441763025 0)
(-0.2631480746 -0.1297484738 0)
(-0.2532805981 -0.06823906237 0)
(0.188590261 -0.107636189 0)
(0.1695883862 -0.04729425472 0)
(0.1445789507 0.1070749789 0)
(0.1081309991 -0.06134015823 0)
(0.0005962951636 0.08401258992 0)
(0.3538468951 -1.011281635 0)
(0.8224186297 -1.568477612 0)
(0.8692327419 -1.481510852 0)
(0.9047409738 -1.284661966 0)
(0.9274595928 -1.086853059 0)
(0.9257770274 -0.8997098206 0)
(0.6315248172 0.2551544943 0)
(0.5537837226 0.168250614 0)
(0.1439303446 -0.4462061708 0)
(-0.3294325331 -0.5161458676 0)
(-0.489928624 -0.50884539 0)
(-0.5540076083 -0.4801410032 0)
(-0.4863578543 -0.3862866303 0)
(-0.3009511243 -0.2174676848 0)
(0.1274735491 0.1891428344 0)
(-0.524475308 -0.1899924548 0)
(-0.332328564 -0.3732687074 0)
(0.5163999977 -0.3653094422 0)
(1.046595519 -0.4658269247 0)
(1.318182317 -0.37839724 0)
(0.1770736323 0.2612983784 0)
(0.09185207899 0.1573336371 0)
(-0.3121517744 0.04878196495 0)
(-0.3132599772 -0.1280827892 0)
(-0.1703609737 -0.1607661063 0)
(-0.2152109886 -0.0555847544 0)
(0.1672465499 -0.01272242071 0)
(0.1420406041 -0.07216981488 0)
(0.02926350883 -0.05644328925 0)
(0.1220768061 -0.0740792922 0)
(0.1108308645 -0.03999624335 0)
(0.3598119024 -0.9317331047 0)
(0.9987363036 -1.352322638 0)
(1.11168809 -1.38947373 0)
(1.179956005 -1.240209398 0)
(1.212792973 -1.074377755 0)
(1.201869473 -0.8996417688 0)
(0.8302181651 -0.3109443206 0)
(0.6826309834 -0.3424610625 0)
(0.3624914467 -0.6098801454 0)
(-0.1114049957 -0.543269643 0)
(-0.3594563041 -0.5454815299 0)
(-0.4348887793 -0.5246364936 0)
(-0.33100815 -0.4036678198 0)
(-0.08049454076 -0.1771427255 0)
(0.1086946873 0.05676700818 0)
(-0.392319392 -0.2455215644 0)
(-0.1803673619 -0.3314745493 0)
(0.5202251181 -0.248417897 0)
(0.9789869338 -0.283310267 0)
(1.20554044 -0.3303118504 0)
(0.1849666569 0.1288369042 0)
(0.08447161629 0.121861059 0)
(-0.1543923575 0.1756735989 0)
(-0.2936868851 0.03969429189 0)
(-0.1631268952 -0.1545728343 0)
(-0.0476320648 -0.1252624956 0)
(0.1252845393 0.1159898041 0)
(0.1265367213 -0.03756377679 0)
(0.08025024201 -0.0621734839 0)
(0.2344498444 -0.01355610601 0)
(0.3540376921 -0.08866758768 0)
(0.3194105554 -0.8587227239 0)
(0.7424343918 -0.9257324255 0)
(1.067198432 -1.164476585 0)
(1.337386925 -1.163844485 0)
(1.435438517 -1.062156598 0)
(1.416049549 -0.9237547669 0)
(0.9593448334 -0.7176973865 0)
(0.7498352972 -0.7843433451 0)
(0.4953404083 -0.9544035257 0)
(0.4299783046 -1.060254847 0)
(0.4623883785 -1.089249682 0)
(0.4725687927 -1.092825699 0)
(0.4650459939 -1.070315489 0)
(0.4378607234 -0.9883522085 0)
(0.3896628256 -0.7901941339 0)
(0.4548075756 -0.9114067414 0)
(0.4358472388 -0.5889897244 0)
(0.5060386415 -0.1820369657 0)
(0.8295281899 -0.08754175283 0)
(1.042353426 -0.2599272963 0)
(0.5711690748 0.2590510201 0)
(0.4912663192 0.6124008494 0)
(0.3574107275 0.9008287325 0)
(0.1106186035 0.8594586939 0)
(-0.1336395842 0.3952881726 0)
(0.04266739572 -0.08990517586 0)
(0.07777913962 -0.03117525533 0)
(0.1925717843 -0.1616865951 0)
(-0.09211174306 -0.09922222315 0)
(0.3176389845 0.1913676733 0)
(0.3006000596 0.00997290363 0)
(0.2638137729 -0.8328597471 0)
(0.4784978325 -0.773866295 0)
(0.8233457098 -0.9911752151 0)
(1.227794478 -1.058670933 0)
(1.457430595 -1.041629983 0)
(1.456262876 -0.9803742236 0)
(0.9844126709 -0.942998408 0)
(0.759663184 -0.9770993446 0)
(0.5462507967 -1.019906843 0)
(0.488864934 -1.021854946 0)
(0.5030393302 -1.011381253 0)
(0.5313071269 -1.011974587 0)
(0.5742007203 -1.063119812 0)
(0.5594003419 -1.072763143 0)
(0.5616113912 -1.009888292 0)
(0.5944136329 -0.9209867965 0)
(0.6026024375 -0.6631451225 0)
(0.579227502 -0.284792715 0)
(0.6803904777 0.1310024522 0)
(0.8641192568 -0.1250369319 0)
(0.5920838043 0.3595634433 0)
(0.5199912412 0.7562796187 0)
(0.4488578908 0.9528904914 0)
(0.2089739945 0.4070388636 0)
(0.02955386349 0.4730255817 0)
(-0.221480157 -0.02616210615 0)
(-0.1481630807 -0.02650515568 0)
(0.0420136674 -0.1312476983 0)
(0.1915090609 -0.1175015731 0)
(0.1764221317 0.1467721716 0)
(0.1932112629 0.05142438872 0)
(0.2665713637 -0.857925179 0)
(0.4352694591 -0.7620244721 0)
(0.6988088114 -0.9324467401 0)
(1.017473107 -0.9974041538 0)
(1.251385601 -1.03256608 0)
(1.281238329 -1.052419765 0)
(0.9657981321 -1.068383756 0)
(0.78276435 -1.065629245 0)
(0.6181551066 -1.034102365 0)
(0.5541577822 -0.9806033208 0)
(0.5405400473 -0.9516680356 0)
(0.544815858 -0.9323125055 0)
(0.5832454175 -0.9936800562 0)
(0.6375437862 -1.046994127 0)
(0.6717506327 -1.01877335 0)
(0.7162947464 -0.9097042783 0)
(0.7475916277 -0.6843595765 0)
(0.7601943448 -0.4251310333 0)
(0.6304888693 0.3163095955 0)
(0.6996721808 0.1189695069 0)
(0.5775954041 0.5552230565 0)
(0.5162243399 0.8674101607 0)
(0.4039549284 0.9667854182 0)
(0.2868430631 0.7516812775 0)
(0.1653377081 0.6239774266 0)
(-0.1676641563 0.1462812483 0)
(-0.1455451647 -0.1529278348 0)
(-0.2918673149 -0.09807708958 0)
(-0.1006060473 0.1340144006 0)
(0.02043330575 0.06652543927 0)
(0.08685797562 -0.1521967841 0)
(0.2864333807 -0.9172320657 0)
(0.462683066 -0.7777900727 0)
(0.6450651593 -0.9133732807 0)
(0.8613308775 -0.9812946832 0)
(1.024437955 -1.038296426 0)
(1.065731466 -1.095564423 0)
(0.939944211 -1.135215526 0)
(0.8232186701 -1.108295133 0)
(0.7221628981 -1.037352684 0)
(0.6612215452 -0.9478222766 0)
(0.6233009447 -0.8984271514 0)
(0.6098945556 -0.8882477457 0)
(0.6195704945 -0.9034822996 0)
(0.7007780421 -0.9855002724 0)
(0.76835094 -0.9888785399 0)
(0.8386478595 -0.8866762495 0)
(0.8953319751 -0.680908569 0)
(0.9494985268 -0.4783769771 0)
(0.6804676892 0.458721666 0)
(0.6673988834 0.4288704229 0)
(0.6169321922 0.7144050377 0)
(0.5619297251 0.8883145513 0)
(0.4783015309 0.9105968374 0)
(0.3854127003 0.8083799517 0)
(0.2844441697 0.6709953791 0)
(0.06471452461 0.3655887913 0)
(-0.2301345653 -0.229825705 0)
(0.2429826905 -0.1878475686 0)
(-0.3800977978 0.02982619972 0)
(0.04984275221 0.06085438428 0)
(0.07476552712 7.893197285e-05 0)
(0.3202927028 -0.993696208 0)
(0.510946914 -0.8023852423 0)
(0.6206529174 -0.9086331352 0)
(0.7729458624 -0.9704217554 0)
(0.8855870552 -1.033661553 0)
(0.9352909881 -1.094766204 0)
(0.9259286543 -1.149866284 0)
(0.879463866 -1.109857002 0)
(0.8410745464 -1.028801875 0)
(0.8002847592 -0.9270819573 0)
(0.7477698093 -0.8548326648 0)
(0.7153461842 -0.8347960344 0)
(0.7164182017 -0.8520780685 0)
(0.7375888393 -0.9004901435 0)
(0.8693351337 -0.9369030374 0)
(0.9712666916 -0.8536134308 0)
(1.05206359 -0.6658409556 0)
(1.133502137 -0.4848326569 0)
(0.7915810457 0.5094656745 0)
(0.729886782 0.5998765881 0)
(0.6779220868 0.748609931 0)
(0.6073388953 0.8318901082 0)
(0.5209687875 0.8150064304 0)
(0.4242781734 0.7017911476 0)
(0.3378585847 0.5276207822 0)
(0.2769031724 0.1794297386 0)
(0.4205079859 0.1530749715 0)
(0.4277595908 0.07729874131 0)
(0.5216572788 0.7395655351 0)
(0.2518250275 0.3788331325 0)
(0.1731986802 0.2341401164 0)
(0.3628641161 -1.06598801 0)
(0.5608025008 -0.8186686285 0)
(0.6483754627 -0.9243666409 0)
(0.7416459346 -0.9442804423 0)
(0.82732929 -1.002528626 0)
(0.8817372614 -1.05587663 0)
(0.9177720852 -1.101248261 0)
(0.9483262958 -1.082417143 0)
(0.9538583582 -1.010238768 0)
(0.9399581527 -0.9151065452 0)
(0.8926442902 -0.8285089571 0)
(0.844662808 -0.7897915827 0)
(0.8363722739 -0.800429938 0)
(0.8742534653 -0.8373011737 0)
(0.9769965196 -0.8702794032 0)
(1.113798028 -0.8093569816 0)
(1.21579772 -0.638026303 0)
(1.306663878 -0.4647265001 0)
(0.825431803 0.4550175586 0)
(0.7549441748 0.5601096767 0)
(0.6813427974 0.6419613275 0)
(0.5764115891 0.4993483524 0)
(0.4959273175 0.519456336 0)
(0.4164754486 0.4468018287 0)
(0.3712446758 0.2350175611 0)
(0.3472934122 0.01244087526 0)
(0.4345365504 0.111505758 0)
(-0.5921599201 -0.5705822688 0)
(-0.679106495 -0.2093731392 0)
(0.3597331659 0.6569444403 0)
(0.2953712495 0.5161566754 0)
(0.4062698054 -1.119258784 0)
(0.6119743117 -0.8052424225 0)
(0.6813260441 -0.9107857529 0)
(0.7481522325 -0.9017348676 0)
(0.8080020744 -0.9341352329 0)
(0.8594062476 -0.9736249994 0)
(0.9109723153 -0.9973472237 0)
(0.9837078818 -1.007995018 0)
(1.042826437 -0.986591084 0)
(1.053956334 -0.9106773372 0)
(1.025011928 -0.8217091125 0)
(0.9720103199 -0.7615253982 0)
(0.9520699131 -0.7546139378 0)
(0.99324756 -0.778602094 0)
(1.099734505 -0.7977844485 0)
(1.257013252 -0.7478663502 0)
(1.365297254 -0.5956760416 0)
(1.398332249 -0.4065983605 0)
(0.7501259453 0.2295447056 0)
(0.6956115474 0.3620569249 0)
(0.629928166 0.4337288953 0)
(0.5230901943 0.2579986583 0)
(0.4728900533 0.2751692249 0)
(0.4437256835 0.1495168476 0)
(0.4585667727 -0.06304143321 0)
(0.4060720646 -0.0205077325 0)
(0.5519347242 -0.06602846422 0)
(0.6429467742 -0.6237400381 0)
(0.633924057 -0.4190658207 0)
(0.5440640531 0.09651849938 0)
(0.4476749265 0.373467524 0)
(0.4446565967 -1.150279564 0)
(0.6116687951 -0.7471330481 0)
(0.6410421003 -0.8576528904 0)
(0.6607532701 -0.8151017216 0)
(0.7013137111 -0.8249907622 0)
(0.7384663252 -0.8508788848 0)
(0.7835772003 -0.8672084457 0)
(0.8548935752 -0.8814127064 0)
(0.9623954863 -0.8936703257 0)
(1.082852245 -0.8986921415 0)
(1.108794863 -0.8316866708 0)
(1.063442048 -0.7550853944 0)
(1.033285822 -0.7197611049 0)
(1.083821227 -0.7156775208 0)
(1.232168494 -0.7106175837 0)
(1.35916537 -0.6882030686 0)
(1.434252979 -0.569804792 0)
(1.315728782 -0.4282638488 0)
(0.6383971991 -0.1981738398 0)
(0.6191999628 -0.02151236309 0)
(0.5826403945 0.08783616217 0)
(0.5126425596 0.01903888202 0)
(0.5194641633 -0.0230186902 0)
(0.5605171204 -0.1906946477 0)
(0.571580219 -0.1777696652 0)
(0.5226600391 -0.1451008456 0)
(0.5948491448 -0.3158494466 0)
(0.60418291 -0.559245706 0)
(0.5993497488 -0.414759004 0)
(0.5834529325 -0.2136692658 0)
(0.5384271452 0.03309943493 0)
(0.4777280163 -1.164567897 0)
(0.5960097218 -0.6529081831 0)
(0.5728733018 -0.8301493197 0)
(0.5582725459 -0.7623681245 0)
(0.5519470666 -0.7354115156 0)
(0.5955129558 -0.7628747332 0)
(0.6533547331 -0.7835295699 0)
(0.7374327568 -0.8025319354 0)
(0.8554978043 -0.8216126569 0)
(0.9987911067 -0.8371187438 0)
(1.119358176 -0.8384518157 0)
(1.095573709 -0.7688976561 0)
(1.030168728 -0.6950891085 0)
(1.05034574 -0.6403990831 0)
(1.112200465 -0.6498617217 0)
(1.171998735 -0.627297015 0)
(1.098607294 -0.5619616738 0)
(0.8032064349 -0.5102569721 0)
(0.3970716526 -0.4966197889 0)
(0.4457848047 -0.5011423517 0)
(0.4923677043 -0.3994904383 0)
(0.5345630724 -0.278894041 0)
(0.5243704106 -0.2749195489 0)
(0.4942393446 -0.2815420568 0)
(0.4027109327 -0.2032765319 0)
(0.3893915773 -0.2376754552 0)
(0.5951697551 -0.4404201831 0)
(0.5856436045 -0.5534568138 0)
(0.5906954269 -0.4468146144 0)
(0.5920096685 -0.3239492462 0)
(0.5776507384 -0.1572718679 0)
(0.5071851202 -1.166956501 0)
(0.6382016101 -0.488594845 0)
(0.5590056391 -0.8664906594 0)
(0.4959890553 -0.7580157491 0)
(0.472314831 -0.712721823 0)
(0.4866811217 -0.7025201804 0)
(0.5542541199 -0.7259510339 0)
(0.6576183023 -0.749798588 0)
(0.7816732484 -0.7705257568 0)
(0.9229483825 -0.7894640261 0)
(1.047885345 -0.8006446244 0)
(1.081698238 -0.7922104191 0)
(0.9648123606 -0.7038917025 0)
(0.8678228729 -0.6142691812 0)
(0.8789231576 -0.6103870407 0)
(0.8713385718 -0.5875425629 0)
(0.7481841076 -0.5405154858 0)
(0.4986948344 -0.4976766018 0)
(0.2825492779 -0.4822784441 0)
(0.3336852299 -0.5149993476 0)
(0.4619836296 -0.5576566065 0)
(0.5561190286 -0.4556700989 0)
(0.5367413291 -0.3514976447 0)
(0.4881454038 -0.2869633559 0)
(0.4009590499 -0.2236892933 0)
(0.3742564602 -0.2981481221 0)
(0.4717343992 -0.4701424636 0)
(0.5749935301 -0.5589638924 0)
(0.5870177766 -0.4771705472 0)
(0.6021133395 -0.3871728585 0)
(0.6138506791 -0.2552514284 0)
(0.5338949192 -1.162015276 0)
(0.7292639819 -0.2507896417 0)
(0.6500671279 -0.9578881125 0)
(0.552557935 -0.8333887127 0)
(0.4663459943 -0.7421570048 0)
(0.4534571059 -0.7012529631 0)
(0.5113570824 -0.6962964732 0)
(0.5970654389 -0.696400457 0)
(0.7250128396 -0.7218911539 0)
(0.8633533715 -0.7452841768 0)
(0.9813966698 -0.7642645871 0)
(1.018974805 -0.7818141855 0)
(0.9195883769 -0.7264501201 0)
(0.7753540792 -0.631162121 0)
(0.6954044966 -0.5734544403 0)
(0.6523626544 -0.5485439625 0)
(0.5270033381 -0.4997254927 0)
(0.3272505822 -0.4432231614 0)
(0.2493720372 -0.4311901976 0)
(0.3206120012 -0.4862811006 0)
(0.4532752413 -0.5890529699 0)
(0.5800368749 -0.5290023518 0)
(0.5874281774 -0.3907855708 0)
(0.530067892 -0.2814096656 0)
(0.5062258187 -0.2177365014 0)
(0.5718941664 -0.2672649728 0)
(0.5167478928 -0.4559479498 0)
(0.5743319075 -0.5606814762 0)
(0.5914000639 -0.492531678 0)
(0.6193405184 -0.421914561 0)
(0.6551839829 -0.3149652903 0)
(0.5587103765 -1.153363044 0)
(0.8056756592 -0.03473692342 0)
(0.768552902 -1.023197549 0)
(0.7260351923 -0.9424352786 0)
(0.6291085518 -0.8573042766 0)
(0.538318215 -0.7800674337 0)
(0.5254811887 -0.7194048876 0)
(0.5950909543 -0.688426169 0)
(0.6886937445 -0.6749417865 0)
(0.8086831182 -0.6902408537 0)
(0.9270597942 -0.7176560422 0)
(0.9793803514 -0.7513803267 0)
(0.9181555551 -0.7288222265 0)
(0.7669852843 -0.6479783559 0)
(0.6412828516 -0.5827272098 0)
(0.558918023 -0.5253369342 0)
(0.4360801479 -0.4517617607 0)
(0.2899231344 -0.3674379819 0)
(0.2456043705 -0.3439094288 0)
(0.3402027423 -0.4438819819 0)
(0.435395865 -0.5768597179 0)
(0.2916006048 -0.5565657541 0)
(0.6599510261 -0.4222664585 0)
(0.5894211506 -0.2781426299 0)
(0.497790019 -0.2057738744 0)
(0.4113672002 -0.2388476155 0)
(0.5694295444 -0.4260497114 0)
(0.5872351936 -0.5575585036 0)
(0.6079852815 -0.493132993 0)
(0.6467227409 -0.4335425155 0)
(0.7023496144 -0.3469132331 0)
(0.5816566214 -1.143905849 0)
(0.8541064207 0.06008413895 0)
(0.8383096539 -1.044712623 0)
(0.8236792848 -0.9947969747 0)
(0.7676826892 -0.9509142161 0)
(0.6991733856 -0.91338339 0)
(0.6324648865 -0.8376727732 0)
(0.6356807874 -0.7255741968 0)
(0.7037372302 -0.663768829 0)
(0.7848649722 -0.639647307 0)
(0.8707714689 -0.644695232 0)
(0.9499140417 -0.6904763514 0)
(0.9483660256 -0.6990326683 0)
(0.8417521919 -0.6510235803 0)
(0.6980625747 -0.5947208556 0)
(0.5994728152 -0.5134814979 0)
(0.4974342954 -0.3958598459 0)
(0.3737955929 -0.2527849795 0)
(0.3319771675 -0.2909001072 0)
(0.3761219095 -0.3809101079 0)
(0.4974685748 -0.5845633907 0)
(0.5454319708 -0.3986922151 0)
(0.7362260538 0.009760349932 0)
(0.6807050261 -0.2844117959 0)
(0.5584902731 -0.2018518886 0)
(0.4653316997 -0.2229432216 0)
(0.4011309258 -0.3325510483 0)
(0.6206036982 -0.55017081 0)
(0.6425002363 -0.4825060089 0)
(0.686199821 -0.4258856148 0)
(0.7544223076 -0.3551567674 0)
(0.6079989021 -1.134569572 0)
(0.8850791362 0.0649506082 0)
(0.8729252644 -1.054355448 0)
(0.859626172 -1.025400799 0)
(0.824844526 -1.003779241 0)
(0.7931185935 -0.9884675025 0)
(0.7652177726 -0.9465289431 0)
(0.7362969934 -0.8126185402 0)
(0.7464244475 -0.6711458447 0)
(0.7991968169 -0.6097556916 0)
(0.8561645316 -0.5910194328 0)
(0.8729148567 -0.6034369322 0)
(0.9346444459 -0.6360861587 0)
(0.9396097305 -0.6281576696 0)
(0.860346126 -0.604317951 0)
(0.8284071084 -0.5128371762 0)
(0.8552627774 -0.3742535026 0)
(0.6572674872 0.04631953124 0)
(0.431982522 -0.1636105393 0)
(0.4053946278 -0.2881649607 0)
(0.5383690698 -0.4922018813 0)
(0.7097807081 -0.4527519506 0)
(0.8034878155 -0.3898662909 0)
(0.7781744785 -0.3040028087 0)
(0.6494862839 -0.2220278451 0)
(0.5549242651 -0.239639552 0)
(0.5278183785 -0.3392209102 0)
(0.6869876058 -0.5526694257 0)
(0.7062007166 -0.4671533398 0)
(0.7397808826 -0.4031418651 0)
(0.8084348935 -0.3427089662 0)
(0.5517167286 -1.128903793 0)
(0.9100446287 -0.1569978879 0)
(0.8948231651 -1.064666532 0)
(0.8843075501 -1.047313735 0)
(0.8656998479 -1.030527766 0)
(0.857223107 -1.010547027 0)
(0.8603290656 -0.9710409661 0)
(0.853386697 -0.8725392398 0)
(0.8256514044 -0.7042200815 0)
(0.8320777467 -0.5857147434 0)
(0.8705613597 -0.5428096862 0)
(0.9042002084 -0.5373434887 0)
(0.9490756739 -0.5631179621 0)
(1.012651479 -0.5870936734 0)
(1.037797853 -0.5980797685 0)
(1.085518352 -0.487034698 0)
(1.204393663 -0.3028471978 0)
(0.9584224596 0.3549523337 0)
(0.619448646 0.1121328538 0)
(0.5056992359 -0.1923702264 0)
(0.5785787096 -0.3232368656 0)
(0.75845391 -0.5073651639 0)
(0.8741693197 -0.4588770678 0)
(0.8663455891 -0.3425454094 0)
(0.7430566178 -0.2788888588 0)
(0.6467126036 -0.299706328 0)
(0.6581011021 -0.4049645779 0)
(0.8027470604 -0.5715946975 0)
(0.814053456 -0.4571293179 0)
(0.8129559157 -0.3714178463 0)
(0.8615194094 -0.3134119286 0)
(0.614904548 -1.088319272 0)
(0.3289111666 1.106266525 0)
(0.825020418 -0.5964484526 0)
(0.9135451983 -1.048337491 0)
(0.9098279698 -1.022958587 0)
(0.9166480551 -0.9868389123 0)
(0.9303616487 -0.9328382961 0)
(0.9352498757 -0.8487565966 0)
(0.9130639629 -0.7153778632 0)
(0.8897093495 -0.5746286723 0)
(0.9030658177 -0.5008635879 0)
(0.9381256025 -0.4835542687 0)
(0.9856079435 -0.5017032682 0)
(1.067843025 -0.5416707037 0)
(1.172465972 -0.5747304183 0)
(1.231984363 -0.4328423699 0)
(1.274773334 -0.1039403117 0)
(1.062843363 0.4365813116 0)
(0.8508206516 0.4191474881 0)
(0.6083740647 -0.006451339383 0)
(0.6265530898 -0.2961069012 0)
(0.825612818 -0.4971688691 0)
(0.9458326285 -0.4816412539 0)
(0.8964668432 -0.3912703617 0)
(0.6894444072 -0.3241492154 0)
(0.5114595624 -0.2835167726 0)
(0.8008575043 -0.4960671226 0)
(0.90716715 -0.5716199849 0)
(0.9389033 -0.41034563 0)
(0.8783623252 -0.2835085473 0)
(0.7324953588 -0.196901668 0)
(-0.4316670648 -0.8044453384 0)
(-1.156169891 0.8432679784 0)
(0.1245961441 -1.01784884 0)
(0.3393895274 -1.045882705 0)
(0.2880541248 -1.010038618 0)
(0.2602267523 -0.9635643835 0)
(0.2417442027 -0.9043391097 0)
(0.2564931801 -0.8292784604 0)
(0.3413634486 -0.7238590693 0)
(0.5233091063 -0.5842374748 0)
(0.7248547487 -0.4792633406 0)
(0.8587114128 -0.4470678225 0)
(0.9462429103 -0.4601889168 0)
(1.033118442 -0.5038302555 0)
(1.122594435 -0.5478438206 0)
(1.085139286 -0.4011364387 0)
(0.8686917658 0.1740717565 0)
(0.6721583011 0.4832815244 0)
(0.7030103101 0.5592214058 0)
(0.6229001509 0.2722335735 0)
(0.61911052 -0.2172032117 0)
(0.7611251814 -0.4422491548 0)
(0.8336624716 -0.4870948323 0)
(0.819166771 -0.3911343105 0)
(0.7236823807 -0.3305244549 0)
(0.6020014327 -0.3011796211 0)
(0.8180406912 -0.3704969475 0)
(0.78839295 -0.1919019501 0)
(0.6135524518 -0.3379296289 0)
(-0.2265928385 -0.2096585606 0)
(-1.078045867 -0.06687414456 0)
(0.3351804171 -0.1678752737 0)
(1.151298416 -0.05942730537 0)
(1.197390605 -0.8625393088 0)
(1.237265524 -0.8263240013 0)
(1.242636142 -0.7923288859 0)
(1.241914043 -0.7442927363 0)
(1.235204412 -0.6970156057 0)
(1.223800223 -0.650729062 0)
(1.20938663 -0.6063146299 0)
(1.194224739 -0.5639310016 0)
(1.180851101 -0.5231872715 0)
(1.173597772 -0.4847303304 0)
(1.17903497 -0.4513493085 0)
(1.203300684 -0.4229563398 0)
(1.240971485 -0.3869639419 0)
(1.274141327 -0.3349910189 0)
(1.31792168 -0.2882937828 0)
(1.363154163 -0.2519146119 0)
(1.38010319 -0.2146803709 0)
(1.296608811 -0.2081151591 0)
(1.153026297 -0.2681449694 0)
(1.133186218 -0.3451894304 0)
(1.199170153 -0.4058173285 0)
(1.187501455 -0.4008724738 0)
(1.07720752 -0.3339091626 0)
(1.063427393 -0.2512217465 0)
(1.059845515 -0.1513354429 0)
(1.01230225 -0.05155370538 0)
(1.122445489 -0.01968466893 0)
(1.121754854 -0.05806296414 0)
(1.065984984 -0.08142946667 0)
)
;

boundaryField
{
    walls
    {
        type            noSlip;
    }
    wallFilmFace_top
    {
        type            slip;
    }
    region0_to_wallFilmRegion_wallFilmFace
    {
        type            slip;
    }
    mirrorFace_top
    {
        type            slip;
    }
    region0_to_wallFilmRegion_mirrorFace
    {
        type            slip;
    }
    procBoundary1to0
    {
        type            processor;
        value           nonuniform List<vector> 
52
(
(-0.5135604809 -1.308947245 0)
(-0.6662383034 -1.669246935 0)
(-0.6862857828 -1.769864574 0)
(-0.6960304945 -1.67317502 0)
(-0.7014707586 -1.534080035 0)
(-0.7058547217 -1.383549587 0)
(-0.7096798411 -1.236405246 0)
(-0.5828433842 -1.090931048 0)
(-0.5828433842 -1.090931048 0)
(-0.5868733515 -0.9779702452 0)
(-0.6115553298 -0.8840532426 0)
(-0.6341844823 -0.7985678743 0)
(0.1251813621 -0.6663828425 0)
(0.1251813621 -0.6663828425 0)
(-0.9448959442 -0.6378412729 0)
(-0.5104055068 -0.4032732149 0)
(-0.5104055068 -0.4032732149 0)
(-0.5613414996 0.1028302541 0)
(-0.776904581 0.1020946 0)
(-0.6881772543 -0.7298347001 0)
(-0.6372715164 -0.5122433068 0)
(-0.6372715164 -0.5122433068 0)
(-0.6257681548 -0.3235808049 0)
(-0.53810442 -0.4626576679 0)
(-0.53810442 -0.4626576679 0)
(-0.5901912367 0.5109024785 0)
(-0.5493301389 0.7596913706 0)
(-0.4587817807 0.9633024266 0)
(0.7239782856 -0.2525143472 0)
(0.7239782856 -0.2525143472 0)
(0.3226674467 0.07375902247 0)
(0.4218691372 0.2968539895 0)
(0.4218691372 0.2968539895 0)
(0.4251910298 0.2516713937 0)
(0.337668605 0.3277341896 0)
(0.337668605 0.3277341896 0)
(0.2173214377 0.2472843904 0)
(-0.2722811487 0.2246402154 0)
(0.06957477798 0.3877790654 0)
(0.06957477798 0.3877790654 0)
(0.1681570366 0.3314036587 0)
(0.1681570366 0.3314036587 0)
(0.1970232361 0.5555788786 0)
(0.1444747624 0.3227762985 0)
(-0.06485143633 -0.355117243 0)
(-0.06485143633 -0.355117243 0)
(-0.1256293842 -0.5554322407 0)
(-0.1658165773 -0.4940956461 0)
(-0.214317192 -0.1649230495 0)
(-0.2321944589 0.1349120843 0)
(-0.1952192045 0.2166248748 0)
(0.1324811684 0.01068447803 0)
)
;
    }
    procBoundary1to2
    {
        type            processor;
        value           nonuniform List<vector> 
33
(
(-0.5232956804 -0.00111892115 0)
(0.05720331883 -0.2243133297 0)
(0.05720331883 -0.2243133297 0)
(0.05124532549 -0.2779440166 0)
(0.05124532549 -0.2779440166 0)
(-0.01663599424 -0.268091636 0)
(0.2960273352 -0.4449986878 0)
(-0.06394883659 -0.1986219825 0)
(-0.06394883659 -0.1986219825 0)
(0.01046488155 0.2028765423 0)
(0.02875692698 0.1913377634 0)
(0.1392843479 0.2568809605 0)
(-0.1340402296 0.1523772643 0)
(0.06637187623 -0.07073608689 0)
(0.05971442454 0.03163567275 0)
(0.2955407279 -0.04593757961 0)
(-0.04095465216 0.01995473396 0)
(0.1485419632 -0.07701128273 0)
(0.3180670612 -0.08702151771 0)
(0.3989476154 0.001341442738 0)
(0.3689213256 0.311343154 0)
(0.4136335621 0.427178024 0)
(0.4897037053 0.2348787785 0)
(0.5570142873 0.03221603622 0)
(0.6225202184 -0.1080198592 0)
(0.6846726566 -0.1916094688 0)
(0.7486680735 -0.240889242 0)
(0.8176701862 -0.2663252686 0)
(0.8842432668 -0.2726648235 0)
(0.9386231507 -0.2610083894 0)
(1.02379752 -0.165003378 0)
(-0.6475193136 0.005535846558 0)
(0.6574723838 0.02025781964 0)
)
;
    }
}


// ************************************************************************* //
