/*--------------------------------*- C++ -*----------------------------------*\
  =========                 |
  \\      /  F ield         | OpenFOAM: The Open Source CFD Toolbox
   \\    /   O peration     | Website:  https://openfoam.org
    \\  /    A nd           | Version:  8
     \\/     M anipulation  |
\*---------------------------------------------------------------------------*/
FoamFile
{
    version     2.0;
    format      ascii;
    class       surfaceScalarField;
    location    "2/wallFilmRegion";
    object      phi;
}
// * * * * * * * * * * * * * * * * * * * * * * * * * * * * * * * * * * * * * //

dimensions      [1 0 -1 0 0 0 0];

internalField   nonuniform List<scalar> 
2598
(
-0.0001351821696
0.001054521139
-0.0002288319791
0.0008408698399
-0.0005204547656
0.0007293708949
-0.001370539266
0.0005800545044
-0.002007380467
0.001213691202
-0.001329870373
0.001169576262
-0.000634419887
0.0003972243611
-0.0002218668077
0.0001279658494
-9.282360811e-06
5.286043802e-05
0.0001421376872
5.344645643e-05
0.0009555482054
0.0003906887825
0.001790375758
0.0008115874566
0.002220849386
0.000999954121
0.002323130136
0.000992708255
0.002074890413
0.0009003757742
0.003999753221
-0.01383222361
0.003020447071
-0.001778211249
0.002323204297
-0.0005477742801
0.001358261449
-0.0001728321239
0.003636624839
0.003420214949
0.003615535199
0.002821497317
0.002757256436
0.001632355352
0.001733077101
0.0007910148881
0.0005127274555
0.0003724707194
0.0001841358873
0.0007015543403
-0.00150834159
0.0003451525858
0.0007821532474
0.0001167617114
0.001150924074
-2.137948329e-05
0.000895379983
-0.0001501246298
0.000606379468
-0.0004542078126
0.0007829252125
-0.001681860383
0.001177747356
-0.001078433922
0.0006809906613
-0.0004471890029
0.0005889477674
-0.0001474452528
0.0002062467208
-6.684162847e-06
9.573745605e-05
0.0001664680195
0.0001543482598
0.00074364711
0.0004833645463
0.001432214316
0.0008554308245
0.001923193184
0.001070575476
0.002165101887
0.001047364658
0.001957904469
0.0007689229804
0.008954267995
-0.0313722762
0.004935658475
-0.004585350695
0.003350610281
-0.001647442866
0.002007818258
-0.0008636145663
0.002994833921
0.003290711521
0.002550180338
0.002694642788
0.001622263494
0.001374531632
0.0007620906288
0.0004783108852
0.0001587445129
0.0001974201426
-0.0001979355085
0.0003993030951
0.001398381208
-0.0003478386808
0.0003442958849
-0.0004006830374
0.0004950827048
-0.0002331203618
0.0006344128675
-6.992717925e-05
0.0006050888525
-7.267768094e-06
0.0004467018643
5.748605412e-06
0.0008996562481
-0.0004375538707
0.001047618385
-0.0008491490378
-0.0006573298606
-0.0004289171061
0.0008319489786
-0.000140974521
0.0003182515532
-4.641220449e-06
0.000138647737
0.0001743464887
0.0002422172818
0.0005825002306
0.0005500747247
0.001301098725
0.0008435628836
0.001413173199
0.0009990401626
-0.004458354878
0.001358469061
-0.01659568035
0.002000870671
0.0471606393
0.03508675988
0.0225822996
0.003550090215
0.006323517223
-0.0004067538692
0.001901111516
-0.0005226375977
0.002380769874
0.001755689985
0.001743726365
0.00154993311
0.0008432794668
0.0006679799328
0.0003047245804
0.0001801617081
9.680395873e-05
0.0001175506693
6.978529024e-05
0.0002311997381
0.003299687327
-0.0009297080423
0.0005336070272
-0.000892830168
0.0004710015222
-0.0007706381486
0.0004469756758
-0.0006005636292
0.0004067335295
-0.0005060596055
0.0003865954098
-0.0002436095216
0.0007505761039
-1.134071659e-05
0.0008514445312
-0.0004143112074
-0.00052542143
-0.0003330711755
0.0003660667227
-0.0001417428952
0.0003954069735
2.662105972e-06
0.0001874490606
0.0001819207136
0.0003392397868
0.0004882248338
0.000677166408
0.001528371371
0.001249639702
0.004082693449
0.0008001082897
0.004441657512
0.001126474268
0.003543116495
0.001610926622
0.007825715054
0.0197519722
0.002446309751
0.00148163991
0.001444090836
-2.920007394e-05
0.001184214687
-0.0001197361815
0.001472834704
0.0004308349968
0.0009618787767
0.0004127831344
0.0004181422465
0.0001786550605
0.0001881735308
7.307127151e-05
0.0001341538305
0.0001295410856
0.0001660218715
0.0002240357815
0.003861600725
-0.001013694651
0.0007289689572
-0.0009900693479
0.0007608632724
-0.001012468494
0.0007098468008
-0.0009780208159
0.0007225127052
-0.0008081123466
0.0008669167076
-0.0003173297452
0.001075940273
0.0003414811878
0.0008070612013
-0.0001101435277
9.813573465e-05
-0.0001244744666
0.0002734470968
-8.184932788e-05
0.0002705848876
2.362367156e-05
0.0001883571929
0.0002009357046
0.0004883400132
0.0004669977637
0.0008658652743
0.0009399083173
0.001277187288
-0.0006047561385
0.0008709662324
-0.0009436048244
0.0009145821401
0.0005937366402
0.000626666475
0.002124826043
0.003871859495
0.001188507934
0.0006144545585
0.001455837951
0.0004584515858
0.002196139531
0.0005690566295
0.003800929185
0.00080280157
0.005051262832
0.0005620650405
0.004221829109
-4.758339289e-05
0.002320184975
-9.839180948e-05
0.0008003239063
0.000332023144
0.0003213344823
0.0002270434713
0.004370988915
-0.0003407732695
-0.0005121924493
-0.000567908862
0.0001440455424
-0.0005087866198
0.0006669045372
-0.0003824490992
0.0005690821049
-0.0002810381187
0.0004265606251
-0.0001897694005
0.0005357173209
-0.0002341845842
0.0003613774576
-0.0005679635195
-0.0001337670646
-0.0007379068411
0.000271540015
-0.0004496340059
0.0003603474204
-0.0002154510033
0.000270344432
5.746617622e-06
0.0001977640009
0.0003233252149
0.0007559115906
0.0005351634965
0.001219537572
0.0006951959604
0.001110142932
0.0002694403706
0.0005338788399
-0.0001098507056
0.0004676311652
0.0003079018929
0.0004580797148
0.0008735329177
0.001009858668
0.001200802967
0.0009300693576
0.001732090497
0.001060543412
0.002517350405
0.001262642327
0.003372577064
0.001364850904
0.003555059067
0.0007821075729
0.003282980225
-0.0001369009522
0.003077626516
-0.000372415524
0.0001363098432
-0.0003246914495
-7.279794452e-05
0.0001094074235
0.004689783593
0.0006639028791
-0.0004840283922
-7.414812426e-05
-0.0003954678857
-0.0003032720845
0.0003032996022
-0.0001611513648
0.0002805695513
-4.992271578e-05
0.0003481750121
3.671684411e-05
0.0002056253815
-3.134710797e-05
0.0001307288271
-0.0001453661644
-2.626686042e-05
-0.000477533444
1.577721263e-05
-0.00042550376
0.0005597086143
0.0001154176837
0.0007620786066
-0.0001825079634
-7.928281632e-05
0.0006067851507
0.002986997911
0.0006492455892
0.001588875499
0.0005286970296
0.0008148305454
0.0003278754186
0.0004240319229
0.0003163665829
0.0003687527531
0.0005020892736
0.0004538148099
0.001041042118
0.001153270608
0.001613113893
0.001591661934
0.002213788432
0.001817117109
0.002737426168
0.001866122447
0.002655751098
0.001494569739
0.00170009017
0.0007115011327
0.0009882657128
2.455253081e-05
0.000769292745
-0.0001776341847
-0.0001623951194
-0.0003431225686
-0.0001998601145
9.754233454e-05
0.004876610612
0.0004025449034
-1.191412976e-05
0.0001240752465
3.280502651e-05
-0.0001522626281
4.619623068e-05
-0.0001331112909
9.684846422e-05
-0.0001242905401
0.0002588277121
-1.754917084e-05
7.641054187e-05
6.68138635e-05
6.702530117e-05
3.973281812e-05
2.044675016e-05
4.465488372e-05
-2.367715014e-05
0.0004882542177
-6.197288551e-06
0.0005305313345
-3.843825932e-05
0.0003695805343
-4.620563503e-05
0.0009737089516
-3.3004579e-05
0.001503794084
9.980083058e-06
0.0007386192883
0.001077490402
0.0005096346928
0.000688652424
0.0005309656999
0.0005873281019
0.0007396339853
0.0006718608878
0.001504714814
0.001631466985
0.002282709406
0.002370577903
0.002803577846
0.002555897594
0.002760658503
0.002161912816
0.001979185937
0.001305891152
0.0009546542665
0.0004888118459
0.000411988792
9.131802703e-05
0.0003657901324
-1.369661906e-06
-0.000157785024
-3.136348133e-07
-0.0001747053658
9.934404696e-05
0.00500967904
0.0003423810467
0.0001124206547
0.001398821671
0.0002213322178
0.002973409605
0.0004662205787
0.003097257395
0.0006103845951
0.0007120392704
0.0006531971386
6.271633162e-05
0.000168875826
5.007976488e-05
5.535196899e-05
5.119731929e-05
1.274144358e-05
8.37823985e-05
-0.000149698109
7.468622348e-05
-5.740762668e-05
6.473052486e-05
-7.109593486e-05
4.193090309e-05
-4.227081866e-05
5.659212074e-05
-2.206539413e-05
0.0006123735042
-0.0001680515329
0.0009739654797
0.001192657127
0.0009426810611
0.001290451071
0.000971942313
0.001228468069
0.001242629776
0.001287505947
0.002125948435
0.002285048641
0.002794026464
0.00290569175
0.00277955085
0.002615061884
0.002078340521
0.001707347548
0.001143588636
0.0007719418434
0.0004895634987
0.0002311626653
0.0001895299474
5.79570433e-05
8.999716713e-05
2.421008607e-05
5.455888981e-05
6.177289947e-05
5.804177102e-05
0.0001282545825
0.006009682854
0.0007132218132
0.0008334255798
0.001891690224
0.000138228882
0.001812770501
0.0001728286816
0.0005604788709
0.0003661960359
-1.793700757e-06
0.000264930244
2.588406568e-05
9.34558314e-05
3.03671283e-05
3.442712523e-05
2.859246508e-05
7.592369049e-06
0.0002581944062
-1.059119358e-05
0.0001797256375
-7.849830314e-06
7.273860379e-05
-1.584056639e-05
2.689608188e-05
-1.190686004e-05
1.365405956e-05
-9.040112092e-06
0.0001646383508
-3.756490239e-05
0.001739885155
0.001895566686
0.00182750119
0.002428877459
0.001625035691
0.002139256623
0.001622554714
0.001786287289
0.002082161024
0.002153742012
0.002187055306
0.002186586383
0.001722494769
0.001591770056
0.001032196046
0.0008225120845
0.0005033492631
0.0003134691786
0.0002287867236
0.000106073942
0.0001245001637
4.717638228e-05
0.0001034850281
3.472375528e-05
8.249188541e-05
8.256197982e-05
7.03013308e-05
0.0001992816336
0.006790988057
0.0006274241521
0.002100979284
-0.0001418384682
-0.0007586603221
-4.690992119e-05
-0.0004508869193
-2.643854761e-05
9.782919044e-05
-5.187495695e-06
0.0001291335736
2.167691165e-05
5.461278156e-05
2.424055609e-05
2.151185575e-05
3.063868139e-05
1.403040568e-05
4.097235191e-05
2.968423895e-05
2.352876426e-05
9.049654911e-06
1.34852609e-05
-1.013754164e-05
7.448853164e-06
-6.595126246e-06
4.774948826e-06
-4.397150911e-06
2.520122638e-05
-3.71127066e-06
0.002257393292
-1.394903318e-06
0.002111462593
0.002509629967
0.001704510254
0.002069131604
0.001374163061
0.001325129123
0.001255394264
0.001002066991
0.001070858822
0.0007981359207
0.0007383060052
0.0005065628733
0.0004203507901
0.0002494504971
0.0002216011568
0.0001139799025
0.0001309975718
6.342171841e-05
0.0001044097106
4.805020273e-05
0.0001119762639
4.686657744e-05
8.008030492e-05
0.0001298488497
-0.0004148738924
0.0003178623909
0.007255099062
0.0004728189415
0.002472044571
-0.0007357564313
-0.0004822209695
-4.151949459e-05
-0.0008261983051
-2.728754098e-05
6.808975337e-05
-1.581060039e-05
7.50984371e-05
-4.89596765e-06
3.191798147e-05
2.787677744e-07
1.271825008e-05
7.454901755e-06
1.089576036e-05
1.888157619e-05
2.034612366e-05
1.250351123e-05
1.271466745e-05
7.091620936e-06
-6.00961215e-06
4.388753194e-06
-3.758396284e-06
3.257298548e-06
-2.218415771e-06
3.981609086e-06
-1.514684955e-06
1.49499532e-05
-1.290336811e-06
0.0009175358463
0.0001136004059
0.0009615338291
0.0004818726438
0.0007663657244
0.0002073676895
0.0006423063256
9.996942292e-05
0.0005807529677
0.0001106841557
0.0004911881846
0.0001009694756
0.0003691904325
9.831469439e-05
0.0002648104847
9.348789721e-05
0.0001981329102
8.631683024e-05
0.0001654081757
8.037641038e-05
0.0001604490888
7.740103721e-05
0.0001444987355
0.0002402157794
-0.001219301106
0.0004351284985
0.008956364946
0.0005294785557
0.001154906118
-0.001016770369
-0.000345720015
-0.0003547228947
-0.0003189639513
-4.401763265e-05
0.0002614037666
-2.187272949e-05
4.789440952e-05
-1.115662449e-05
1.697058684e-05
-5.884729976e-06
7.826741152e-06
2.803983627e-07
5.965191531e-06
7.939586769e-06
1.165698613e-05
8.562167835e-06
1.004292785e-05
4.874922857e-06
-2.894857513e-06
2.85638288e-06
-1.6039216e-06
1.886596351e-06
-7.884985567e-07
1.612259513e-06
-4.122755563e-07
2.351921271e-06
-2.498601362e-07
2.79095569e-05
-1.860355642e-07
0.0001190447344
-1.080146235e-08
0.000104362422
-5.015909e-08
0.0001418709342
-8.38376299e-08
0.0003165308349
1.140312271e-05
0.0005482625964
3.300161831e-05
0.0006280871434
8.861528941e-05
0.0005291108206
0.0001447289593
0.000386183216
0.0001608556342
0.0002847529763
0.0001495033074
0.0002358327072
0.0001315361778
0.0002537940592
0.0004018754626
-0.001210721743
-0.002441098768
0.01039550716
0.0003880315862
0.0001147704362
-0.0004876422381
-0.0001717342327
-0.0009481840561
0.0003432408026
-4.827832791e-05
0.0007733396813
-1.327348941e-05
8.579437124e-05
-7.455034772e-06
1.168351927e-05
-3.771381888e-06
4.920361559e-06
-4.253632202e-07
3.136602757e-06
4.383891861e-06
5.863702666e-06
6.584469229e-06
6.762662059e-06
3.047542367e-06
4.894799192e-07
1.48227136e-06
3.287116846e-08
8.164309363e-07
8.227908136e-09
5.630685061e-07
3.324482154e-08
5.602587875e-07
8.259653283e-08
8.309896237e-07
1.770597186e-07
1.546621768e-06
3.891591792e-07
2.797959015e-06
7.730494246e-07
4.831506786e-06
1.421899861e-06
2.411421187e-05
8.192269078e-06
8.202122363e-05
2.927844473e-05
0.0001878934306
7.413549352e-05
0.000270246664
0.0001293115021
0.0002907536153
0.0001667797884
0.000276375378
0.000178229532
0.0002531503223
0.0001823851634
0.0005935621597
0.0004337744747
-0.0005235560976
-0.006081878767
0.009493478982
-0.0001616030552
4.389106703e-05
-0.0007503680335
0.0003038424934
-0.0009398586568
0.001377525567
-0.0001091829471
0.001317909357
-1.958719697e-05
0.000134550944
-1.356211336e-05
1.271293654e-05
-1.167202241e-05
6.758692134e-06
-1.085729736e-05
3.786926315e-06
-9.289931308e-06
6.885205482e-06
7.82748801e-08
-1.826496781e-08
2.918984518e-07
2.711297955e-07
1.903980731e-07
1.559317842e-07
1.409059574e-07
9.599790699e-08
1.543013202e-07
8.829394745e-08
2.580857043e-07
1.273327672e-07
5.419163117e-07
2.39014887e-07
1.205994545e-06
4.909774704e-07
2.54305333e-06
9.789165311e-07
5.108036877e-06
2.137756751e-06
1.725553235e-05
9.019527409e-06
5.570937222e-05
3.214647828e-05
0.0001268032782
7.736233773e-05
0.00020205892
0.0001342495725
0.0002511344678
0.0001821996906
0.0002608572632
0.0002153110834
0.0001903420223
0.0003220034874
-0.002676859604
-0.002628616195
-0.002812905679
-0.005828830077
0.005978013875
4.974436408e-05
-0.0001109412798
-0.001827236455
0.001296896786
-0.001439967746
0.002455131854
-0.0001969389796
0.001230591165
-4.016020538e-05
0.0001399838496
-5.128852565e-05
1.600377946e-05
-0.0001110505798
4.886864075e-06
-5.196435982e-06
-0.0003647422476
-1.527126386e-08
2.980993608e-06
5.277816675e-08
-7.291710458e-11
2.097080133e-07
2.453718778e-07
2.599854526e-07
2.77686758e-07
3.099946479e-07
2.781074049e-07
4.170103784e-07
3.188870632e-07
6.470872364e-07
4.316146776e-07
1.123314618e-06
6.670990373e-07
2.074204152e-06
1.117450558e-06
3.852739458e-06
1.915216741e-06
7.411758281e-06
3.671198514e-06
1.946200067e-05
1.081200643e-05
5.506020279e-05
3.518930659e-05
0.000120595102
8.485632331e-05
0.000197907886
0.0001517723307
0.0002615194268
0.000216328957
0.0002648118097
0.0002860244297
0.0002275002752
0.0005482885815
-0.005044801723
-0.002507377207
-0.004256901453
-0.004706552595
0.003356673828
-0.0001613849185
-6.511865676e-06
-0.00266940186
0.001828700507
-0.001568973573
0.002499358274
-0.0002640146762
0.001025697745
-0.0001039706382
0.0001184313828
-0.0001508307934
2.174445681e-05
-0.0001801274138
-5.561423168e-05
-1.740725129e-06
-0.0008832647005
-2.520025916e-11
2.044882219e-06
5.813019466e-11
1.269064701e-11
1.556267183e-07
2.470155842e-07
3.359222822e-07
4.399633612e-07
5.752902348e-07
6.247584585e-07
9.604993544e-07
8.906074648e-07
1.627452352e-06
1.32236246e-06
2.803078068e-06
2.033885901e-06
4.854020797e-06
3.191694273e-06
8.306953115e-06
5.01042058e-06
1.439692339e-05
8.20667454e-06
2.897154647e-05
1.672530685e-05
6.66287576e-05
4.217881048e-05
0.0001388039945
9.379355588e-05
0.000238891841
0.0001651140516
0.000351451262
0.0002398588231
0.0005336056401
0.0003470164341
0.001653464856
0.0008053288628
0.002138018457
-0.004073306767
-0.002582378467
-0.0015867683
0.004680233103
-0.001427949601
0.0002839472128
-0.00228810172
0.001255550803
-0.001280643753
0.001786679391
-0.0002212181956
0.000672553224
-9.850286764e-05
8.496694489e-05
-8.869683479e-05
1.984695515e-05
-4.36999252e-05
-3.089708159e-05
-7.281224537e-07
-0.0006168102474
-6.914284501e-11
2.051012795e-06
2.665812897e-10
4.257784257e-10
1.54085177e-07
2.909553948e-07
4.576164706e-07
6.964923184e-07
9.843627837e-07
1.234396464e-06
1.905216075e-06
2.038300769e-06
3.512842203e-06
3.297893966e-06
6.271322114e-06
5.269003513e-06
1.085543759e-05
8.278525253e-06
1.81306367e-05
1.268807438e-05
2.953290902e-05
1.92828208e-05
5.607809013e-05
2.694007697e-05
0.000143589686
3.477643312e-05
0.0003141304524
6.951840623e-05
0.0005896717854
0.0001267213155
0.001026678169
0.0002567595057
0.003600895483
0.0003514193743
0.007892605825
-0.002949338511
0.004706185823
-0.003997311998
0.0003014197116
0.001694274437
0.009381472673
-0.001136617158
0.00014661705
-0.001569668658
0.0007212525928
-0.000809812408
0.000928705763
-0.0001374863517
0.000368207201
-6.431303309e-05
5.986392283e-05
-3.983833066e-05
1.995755172e-05
-5.82927385e-06
-1.343665849e-05
-3.348266409e-07
-0.000279155277
4.345162203e-09
2.614289008e-06
3.722697258e-09
6.976013628e-09
1.772060384e-07
3.751875273e-07
6.356797602e-07
1.086568773e-06
1.578310285e-06
2.222741937e-06
3.374527855e-06
4.05238393e-06
6.635807961e-06
6.992279721e-06
1.227409407e-05
1.158479337e-05
2.148422387e-05
1.843152135e-05
3.554447687e-05
2.806550791e-05
7.578496173e-05
2.984730719e-05
0.000150800302
3.968987452e-05
0.001355777586
-0.003733070892
0.003961759232
-0.006170130381
0.006719490231
-0.005079605194
0.009205989665
-0.003552572802
0.009182539395
-0.003163764605
0.005749398853
-0.002164868266
0.00273749504
-0.0002408314944
-0.0003727418539
0.005828356189
0.01422995985
-0.0006982403542
-0.0005851880139
-0.0008330288482
0.0003148690248
-0.0003705803272
0.0003768594863
-8.078601429e-05
0.0001759881119
-4.226367712e-05
4.658264075e-05
-1.930750835e-05
1.849221044e-05
1.076881509e-07
-5.589716707e-06
-3.028363565e-07
-0.0001100342353
9.610397222e-08
3.352563159e-06
4.735649391e-08
9.790602594e-08
2.355941604e-07
5.397804001e-07
8.911491413e-07
1.669438983e-06
2.406579866e-06
3.734780663e-06
5.489246314e-06
7.273500758e-06
1.128166451e-05
1.311429967e-05
2.139118199e-05
2.226853782e-05
3.772710848e-05
3.562925863e-05
6.303366687e-05
4.750411334e-05
0.0004195956322
3.84787932e-05
0.002346119506
-0.002609389435
0.00376454451
-0.00127916268
0.005475149204
-0.002475830902
0.006349603612
-0.003056481902
0.006007892345
-0.001530613757
0.005172245337
0.0002151671946
0.004526753219
0.002247470544
0.002249771592
0.005890375299
-0.0008121298039
0.009668165
0.01756725681
-0.0003019409119
-0.001814129978
-0.0003278155267
0.0001876347935
-0.0001524997276
0.0001813226811
-5.127751061e-05
9.409793469e-05
-2.697959352e-05
3.907390892e-05
-9.449403681e-06
1.642053949e-05
1.267102429e-07
-1.640189265e-06
-4.051392974e-07
-4.078029737e-05
8.300860117e-08
4.261179294e-06
7.693358276e-08
1.740680511e-07
3.223625897e-07
7.798877923e-07
1.245373023e-06
2.508193407e-06
3.52662124e-06
5.943860092e-06
8.358256939e-06
1.207673301e-05
1.761125046e-05
2.234580771e-05
3.375681526e-05
3.831168935e-05
3.65448908e-05
8.480530203e-05
-0.002493536722
0.0004303384556
-0.004389625777
0.003545706436
-0.003216146948
-0.0001467791022
-0.001939716295
-0.0009134908725
-0.0003879958284
-0.001213093578
0.001933749313
-0.001689700573
0.003048732247
0.002083941849
0.003361474717
0.004916396071
0.00303496805
0.006612289739
0.0006660146802
0.01056706319
-0.001464619447
0.01125174534
0.01846309144
-0.0001526422698
-0.00177767324
-0.0001631731881
0.0001771948819
-8.058545713e-05
0.0001218375444
-3.513894462e-05
6.658138373e-05
-1.638774466e-05
3.31470091e-05
-3.892429705e-06
1.38896384e-05
-9.110643947e-08
3.419844502e-07
-4.57189848e-07
-1.227552262e-05
9.95671959e-08
5.373258091e-06
1.07246893e-07
2.671023185e-07
4.41584875e-07
1.10944255e-06
1.726090028e-06
3.678143826e-06
5.010861519e-06
9.050137622e-06
1.211035698e-05
1.885921141e-05
2.575166508e-05
3.531445488e-05
4.924087226e-05
6.040530946e-05
7.522853712e-05
0.0001288272144
6.855065071e-05
0.0004517227288
-0.001309670191
0.00452526341
-0.003796967397
0.001739116404
-0.00423753355
-0.001760350851
-0.003284406093
-0.001745710624
-0.0005148047201
-0.0002250325025
0.001141000138
0.004110305968
0.0006578103544
0.007798131687
0.0002407113219
0.008081790681
-0.001028096008
0.01158985762
-0.0018278863
0.01065561161
0.01725049292
-0.0001165377749
-0.00101759167
-0.0001280409217
0.0002066280127
-6.864616138e-05
0.0001294915278
-3.178880762e-05
8.144706906e-05
-1.301177257e-05
4.87050988e-05
-2.527279e-06
1.943183881e-05
-1.32433968e-07
2.715517992e-06
-4.359440367e-07
-2.128986198e-06
2.12632354e-07
6.927932895e-06
1.702970148e-07
4.670986579e-07
6.103759289e-07
1.573676363e-06
2.370553154e-06
5.272834362e-06
6.958599963e-06
1.327359201e-05
1.701465485e-05
2.808075011e-05
3.65692659e-05
5.312129248e-05
7.173344349e-05
9.199305429e-05
0.0001355881482
0.0001838836868
0.0002669870244
0.0006803510605
0.00142110526
0.003436632597
0.0009964985612
0.001368097194
-0.0007926493101
-0.002356087824
-0.001751446284
-0.001769535985
-0.001606896542
0.002651438411
-0.002450669052
0.004018878088
-0.002755551217
0.006098824003
-0.002545996335
0.006510679281
-0.002187422573
0.009527576894
-0.002006362264
0.008855890883
0.01470900402
-9.992206213e-05
-0.0003608988897
-0.0001187488682
0.0002228515739
-8.590432244e-05
0.0001665647445
-5.880743822e-05
0.0001659817471
-2.497217023e-05
0.0002994009212
-2.999202927e-06
0.0001258377022
-1.188180294e-08
8.264999193e-06
-8.671553383e-08
6.201915943e-09
6.155871913e-07
9.216223754e-06
4.027260104e-07
1.038172562e-06
1.020454953e-06
2.405763248e-06
3.479040032e-06
7.666730233e-06
9.773992653e-06
1.918988445e-05
2.376952244e-05
4.076424063e-05
5.322187312e-05
8.001280787e-05
0.0001495588475
0.0001619971419
0.0004272778244
0.0004518503907
0.0008830573173
0.001794679389
0.003663225284
0.005373842239
0.0001659487119
0.0007978446758
-0.001740468307
-0.001673276105
-0.001536846058
0.0008216470185
-0.003375615051
0.002372776431
-0.00534368642
0.0008975628605
-0.00546399492
0.001957389202
-0.004607247087
0.00350502916
-0.003148822675
0.006210427877
-0.002194947049
0.006582028454
0.0116099603
-4.959276322e-05
1.001273231e-05
-6.060363312e-05
0.0002153788296
-3.613990383e-05
0.0001558383781
2.46177533e-06
0.0002815054859
-8.411087403e-05
0.001457959279
-6.014811484e-06
0.0003158516342
-1.028539966e-08
1.327610894e-05
5.765183695e-08
1.83624709e-07
3.936780473e-06
8.094592184e-06
2.691063775e-06
4.052777728e-06
3.159445939e-06
5.108921037e-06
6.600294334e-06
1.218214785e-05
1.524905429e-05
2.850000653e-05
3.463795965e-05
5.982850225e-05
8.291083029e-05
0.0001440553954
0.0007479410831
0.0006935991749
0.002520407786
0.002172816036
0.002737460395
0.005979226112
0.002223319782
0.009308798791
-0.001157811966
0.0006914452233
-0.003030944741
0.001323565815
-0.003049702916
0.003473107607
-0.004550230517
0.00036233573
-0.006052856253
-0.000585149393
-0.006574089891
-0.0001148540343
-0.006133900914
0.001061034784
-0.004613301945
0.003020340252
-0.00308197274
0.004354929501
0.008529764151
5.248089776e-05
0.0002339821919
0.0002797717275
0.0004053612308
0.0005292792864
0.000468819977
0.0008771126917
0.0009695028944
-4.417676265e-05
0.004371600585
-1.088662643e-05
0.0007106326306
-6.419670137e-08
2.032348123e-05
2.249177453e-07
7.175323314e-07
3.843084952e-06
8.132566692e-06
4.636423381e-06
7.540887467e-06
6.587826863e-06
9.881601961e-06
1.245978465e-05
1.974246158e-05
2.532600346e-05
4.253803267e-05
5.20000893e-05
8.574668041e-05
0.0001374275106
0.0003268243849
0.002379878294
0.002304287212
0.004482358688
0.003628581566
0.002710421856
0.009878977276
-0.001364155108
0.009162856357
-0.002848910492
0.001535662721
-0.003585738338
0.004210470525
-0.003928933989
0.003416718891
-0.005274963583
-0.000172814257
-0.006397525485
-0.0005360204464
-0.007300741108
-0.0004842150657
-0.007910045129
-0.0002389518891
-0.007418625612
0.0002099367662
-0.005848662773
0.001095750897
0.001820872231
0.0001521326803
0.0006882005912
0.001142320157
0.001156721274
0.00249647559
0.001069319468
0.003048605596
0.001315945329
-0.0001825572234
0.006531376928
-2.512582333e-05
0.001267370507
-1.559121089e-07
4.826259614e-05
5.982868228e-07
1.994521569e-06
1.082353496e-05
7.928426111e-06
2.066301644e-05
1.431261233e-05
3.249089241e-05
2.154938781e-05
5.427991812e-05
3.302322749e-05
9.454557811e-05
5.732121128e-05
0.0001903593639
0.0001082494787
0.0004037528908
0.0007144170968
0.002338237997
0.001579032708
0.003776911735
0.00125707005
0.0005915364267
0.008976112521
-0.002450341145
0.005990991176
-0.002736237678
0.003075383801
-0.00269023661
0.004861769601
-0.003387757339
0.0007663975025
-0.004214258021
-0.0003657612767
-0.004570632798
-0.0004567601237
-0.00478073408
-0.000608556519
-0.004846764899
-0.0008347358454
-0.004494548039
-0.001375136076
-0.003628218965
-0.001605097867
-0.003932755383
0.0002022436971
0.001605430146
0.001729774015
0.001940470054
0.002327197294
-0.0005029097791
0.0009673825996
-0.0005960723792
-0.0007102730006
0.005626127863
-0.0001864480455
0.00205099718
-4.537509971e-06
8.826586262e-05
5.859027453e-07
1.646587618e-05
-0.001185381295
-0.01144798359
0.0005328718017
-0.00962547603
0.001083259986
-0.008268526696
0.001049901701
-0.01246078113
0.0007153094831
-0.01357939265
0.001256132209
-0.01810266991
-0.0009270287918
-0.01142048169
0.001664645537
-0.002829708869
0.005167879025
-0.004816708683
0.001582732312
0.002371518263
-0.0001967790452
0.001371198445
0.0008006183537
0.002359595312
-0.0001152116367
0.00184108773
-0.001564808461
-0.001244776474
-0.002295810932
-0.0007710068679
-0.002220918332
-0.0002815545864
-0.001930551754
-0.0002069291396
-0.001538912505
-0.0004839176814
-0.001223962495
-0.00107799528
-0.0007876804362
-0.001965015177
-0.004924118256
0.0004740385948
0.003501490508
0.0007050382715
0.001181165259
0.0003976769278
-0.0001061205267
0.0001453087081
-0.0005013645752
-0.0008148249393
0.003478648941
-0.00158351169
0.002915996319
-0.005552615412
0.0002151641657
-0.008396658071
-0.003533313705
-0.006357369886
-0.005449182506
-0.001653070899
-0.002606646518
0.001811403314
-0.004855688565
-0.0004301236235
-0.007690170898
-0.004598715832
-0.003317895494
-0.003806313775
-0.00506918298
0.0002490042034
-0.005052979873
0.004672073724
-0.004739925591
0.008084613651
-0.005555543034
0.01085378454
-0.00384378311
0.009880279995
-0.003347252907
0.009402817938
-0.001610750586
0.007934407049
-0.00196820131
0.005514171877
-0.002610525125
0.004013254744
-0.001632835742
0.003435939455
-0.0006561839693
0.003318592009
-0.0001223346927
0.003190799987
0.0002407651967
0.002542309084
0.0005190985256
0.001455489001
-0.000445495017
-0.003215600983
0.006864491939
0.0087702207
0.009979107553
0.00964565344
0.008299671921
0.0008060483556
-0.01556676016
-0.01134823013
-0.001854251679
0.002388509275
0.0009800622083
-0.0007087655552
0.001061857842
0.000546110218
0.0003879661495
0.005967015884
0.009161298174
0.01250021556
0.01740253945
0.02184996535
0.02183842028
0.01826074185
0.01358242362
0.009328669135
0.006458643977
0.005026661845
0.004527797001
0.003338624617
-0.00259433711
-0.01774178109
-3.280192155e-06
-0.0002260498729
1.750569407e-06
6.231277232e-07
-6.470160968e-07
4.778346295e-05
0.0002051695391
-2.76801672e-06
-0.0002079793856
7.274068561e-07
9.064902574e-07
-9.416729341e-07
8.128138914e-05
0.0001699619846
-0.000216251776
-4.862056224e-06
1.369094722e-06
1.578896317e-06
-6.570107945e-07
-2.088681536e-06
4.864978698e-07
5.932794007e-07
-6.146489627e-07
-8.744667125e-07
1.25641268e-06
1.424124626e-06
-1.654586556e-06
5.090493034e-05
0.0004505756175
-0.0001534416592
-0.0004008654293
0.0001423299727
-0.000127518378
-0.0001317325539
0.0001316003197
0.0001117691566
-9.745845072e-05
0.0001162796903
-0.000110453008
0.0001123188871
8.532829555e-05
-0.0001031823462
0.0001496292891
0.0002627634484
0.0004921259936
-0.0005216930955
-0.0003871224065
0.0001307623659
-0.0002552871498
-0.0001335810516
0.0003187876665
0.0002028867652
-0.0001634052371
-8.413232265e-05
9.84353659e-05
0.0001357694845
8.438659144e-05
-5.933251142e-05
0.000194388785
0.0005064039583
-0.0001849156324
-0.0005079539373
0.0001398927479
0.0004325405421
-0.0003280922218
-0.0001308495789
6.141492353e-05
0.0002327736564
-0.0001633784252
-4.129156235e-05
-1.147882935e-05
2.854362332e-05
0.0001193641932
0.0002729256305
0.0001628702132
-0.0003155619639
0.0002301508142
-0.0001509089948
0.000263169022
-0.0002179609175
7.871263372e-05
-0.0001021928402
0.0001502557377
5.979771569e-05
-0.0002412293314
-5.243334945e-06
4.077688674e-07
1.125601381e-05
1.166091825e-06
-0.0002022216583
-0.005867367773
0.001538747421
-0.005071985789
-0.0003702026168
-0.01664483258
-0.0009090873806
0.009233030682
-1.868142252e-05
-0.00053401754
-5.024234976e-06
-0.00273534797
-0.006411818069
0.008230643125
-5.852188587e-06
1.184212775e-05
-2.393525294e-05
-2.854818112e-06
-7.599003673e-06
-3.138912279e-06
-0.002177052406
-0.006845013292
0.004524263925
-2.176817311e-06
3.806370134e-06
-4.242020541e-06
-1.763249511e-06
-3.337293283e-06
-1.73996204e-06
-0.001956301107
-0.004626404516
-4.711497388e-07
-1.419384107e-06
2.799544115e-06
-2.934503697e-06
-6.002503454e-07
-2.350049501e-06
-1.583490771e-06
1.635017827e-06
6.614510223e-07
-4.610051364e-07
-3.806916177e-07
1.850618025e-06
-1.945698468e-06
-2.33152643e-07
-1.613171406e-06
-1.803356346e-06
1.693332885e-06
2.605312849e-07
1.05230698e-07
-1.34018222e-07
1.443421544e-06
-1.428577683e-06
7.436692225e-08
-1.885412891e-06
-2.850401082e-06
0.002146142941
-1.852533517e-07
-0.001384570686
4.379632631e-07
2.212917017e-06
-2.416927067e-06
1.786541483e-06
-3.981793286e-06
-7.095686404e-06
0.0004784467275
0.001056936245
-0.001415053776
3.751344829e-06
4.130996575e-06
-5.978736955e-06
6.631268329e-06
-1.014389361e-05
-4.231533603e-05
-0.004056688486
0.002808934909
-0.0004892621075
1.628424849e-05
1.134890755e-05
-2.200020401e-05
6.258923133e-05
-9.008030418e-05
-0.003145767191
-1.107404435e-05
-0.006020036338
0.0004905693938
0.0004785581606
-0.0008668998976
-0.002461927549
-9.639974901e-05
-0.001418930228
0.0009935350762
-2.828814506e-05
-0.003280015668
0.00138611742
0.001485038091
0.0005451054509
-0.004376090187
-8.75712197e-05
-0.001679884758
-0.0007247264499
0.001742039651
-0.0001638115893
0.001393736768
-0.002791852232
0.0001411819262
-2.654052767e-05
-0.002924495237
-0.001022889914
-0.0001773972604
-0.001833823434
-0.0001481664989
-0.0004566765311
0.0005061996171
-0.0002713535923
-0.0004235593013
0.001853687438
-0.001185307624
-0.0001431548074
-0.0001033517502
-0.001478907707
-0.0004462988613
0.0001530715729
0.0003833266494
-0.0001142029841
-0.001271498143
-0.0002170949232
0.001683890145
-0.001511133995
-0.000322907033
-0.001229059493
0.0006406448614
-0.000345546905
0.001002939691
0.0008387107803
-0.0002544560311
0.0004745717884
-0.001018466919
-0.0002136328028
-9.88948524e-05
-0.0002284795323
-0.001040666314
-0.0003022918698
0.0001001140782
0.0003089387342
-0.0001445625822
-0.0008355172214
-0.0002820370388
0.001197656856
-0.0005868342514
-0.001119416398
-0.0007466044
0.0003434292705
-0.0001865788808
0.0006247020768
0.0003866805571
-0.0002552990945
0.000227158095
-0.0001889345222
-9.188980597e-05
6.998346414e-05
0.0002028404356
-0.0001354802508
-0.0002366656651
1.190726015e-05
5.81769973e-05
-4.198445461e-06
-1.532997176e-05
5.642197309e-06
-4.428380457e-06
1.482072815e-05
-7.672666208e-08
0.0002896130062
-2.144767522e-05
-5.480410188e-05
0.0003323103844
0.001085689014
-0.0006220577411
-4.027538722e-05
-0.0003643368428
-0.008113388929
0.009427298331
-6.812758671e-05
0.001007518643
2.605008041e-06
0.0002006004568
-0.0001612228275
4.077851985e-06
-0.0005526481267
-1.338185344e-05
7.228263985e-05
-0.0003759234867
4.560010272e-06
-0.0001780189121
0.0001383307935
2.770741973e-05
-0.000233104914
7.553289354e-05
0.001756105803
-0.0003226435391
0.0007699412848
0.001101190911
-0.01109930376
0.01134282223
0.001652723784
0.002467912857
-0.0001831321881
0.0001326369088
0.0008725423503
-0.001939288471
0.003161824516
-7.59193373e-05
0.003200478317
-0.002063260197
0.003305760559
0.00671186975
-0.009614970994
0.0002373512082
0.001210910222
-0.0007070510534
-0.0007298631681
-0.0005561422971
5.116664829e-06
-0.0003225794265
-0.001646862291
-0.0002038420672
-0.001877474454
-0.0006799574541
0.0003655626094
0.0003968087345
0.002697191327
-0.003366432121
-5.199628752e-05
-0.002077364178
-5.216971997e-05
0.0001070330698
-3.962148413e-05
0.001299116464
-0.0006716912323
-1.540000141e-05
-0.002185726034
-0.0003491912315
-0.0001426631361
0.0005338719458
0.003982204466
-0.005258790121
-0.0001010809947
-0.002373977808
-8.79640821e-06
1.826605173e-05
-1.631255987e-05
0.0002573831526
-5.378714786e-05
-4.99186399e-06
-0.002614374589
-0.001001074426
-1.930194404e-05
0.001710110307
0.007649924804
-0.009137350182
-3.61292428e-06
-0.002140801698
-2.053655698e-06
9.843132996e-06
-3.812246121e-06
8.046817328e-06
-2.569262206e-06
-0.001379882406
-0.001267358362
-2.312194272e-06
0.001017349903
0.01150561162
-0.0132498208
-5.468646651e-06
-0.0009713342355
3.180790478e-06
-0.000355747359
-0.0006426122327
-4.637595451e-06
0.01150192582
-0.009916206838
-7.646959302e-05
-8.963712167e-05
-1.788959133e-05
-0.000100142092
4.749728632e-05
-7.326780812e-05
8.942912839e-05
-5.53044722e-05
0.001976043749
-0.0002382556062
-9.053421446e-05
-9.587457164e-05
-0.0001037746019
7.870542217e-05
-8.1898689e-05
8.800665882e-05
-9.39683322e-05
9.553654863e-05
-0.0001115926169
-9.4110165e-05
-0.0001154272998
-0.0001164557939
8.270635565e-05
0.0001074930916
-9.177415583e-05
0.0001101462688
-0.0001174749339
-8.807835347e-05
-0.0001202137067
-0.0001252036856
-1.15982562e-05
6.874391316e-06
-2.39984542e-06
-2.205811394e-05
4.332878536e-05
-0.0001026876453
-6.613884644e-06
-2.55252856e-05
-3.531120199e-06
1.557021977e-06
-1.218435229e-06
-2.918429817e-06
4.896335659e-06
-8.12286248e-06
-1.893232879e-06
-4.294070807e-06
-2.525498152e-06
1.051982818e-06
-7.312039854e-07
-1.338286819e-06
2.967763307e-06
-3.320433129e-06
-8.789287448e-07
-2.810657162e-06
-1.668503852e-06
4.504933198e-07
-2.625965343e-07
-5.213507696e-07
2.083236248e-06
-2.280848777e-06
-2.888445519e-07
-1.756784923e-06
-1.988463236e-06
1.511979214e-07
9.365332417e-08
-1.693567308e-07
1.415435027e-06
-1.40293487e-06
1.181747124e-07
-2.118519088e-06
-4.835536097e-06
-5.364909126e-07
1.535952683e-06
6.76858177e-07
2.677830784e-06
-3.025995203e-06
2.185306788e-06
-6.186680838e-06
-1.370552665e-05
-3.366108983e-06
6.678374982e-06
5.202166743e-06
7.785925294e-06
-1.084032389e-05
1.373985498e-05
-2.283894607e-05
-0.0001481374425
-2.06233852e-05
7.803346166e-05
4.559134291e-05
3.701776939e-05
-7.10161081e-05
-0.0002669244847
8.611089268e-05
-9.982703038e-05
-9.841632377e-05
0.0001007202524
-9.739214514e-05
-0.0001208722589
-0.0001191701049
9.196552804e-05
-8.592076663e-05
0.0001267996723
0.0002422670343
-0.000207286461
-0.0001458568032
-0.0001121815414
0.0001601641856
0.0001221301125
-5.886886086e-05
5.249010115e-05
-1.568382321e-05
-0.0001387536355
0.0002179646131
-0.0005370691036
-4.112170512e-05
-6.715171765e-06
5.41278071e-06
-2.557485437e-06
-1.376274024e-05
1.738055068e-05
-4.248832622e-05
-4.9527784e-06
-1.455842869e-05
-3.160315931e-06
1.636629879e-06
-1.078736828e-06
-2.1766533e-06
3.971003492e-06
-6.293652729e-06
-1.320611768e-06
-3.737936973e-06
-1.894513846e-06
6.186915343e-07
-3.206825881e-07
-7.456077515e-07
2.55642077e-06
-2.902922036e-06
-3.580065676e-07
-2.095467401e-06
-2.286170833e-06
1.923561138e-07
1.526968617e-07
-2.211848666e-07
1.390414032e-06
-1.374019262e-06
2.103942835e-07
-2.511679055e-06
-8.462456955e-06
-8.870264124e-07
3.336311493e-06
1.273626814e-06
3.51081852e-06
-4.264559752e-06
6.048203378e-06
-1.302739957e-05
-4.293940721e-05
-9.087160059e-06
2.788276805e-05
1.905285658e-05
1.673658797e-05
-3.017083671e-05
5.838252578e-05
-8.510161823e-05
-0.000405594189
-8.470350978e-05
0.0002317534849
0.0001662213714
0.0001320611949
-0.0002460939861
-0.0001252621237
0.0001203212728
-0.0003117007341
-0.0002711135823
-0.0001397566874
-0.0001204761438
0.0001237863049
-0.0002324680387
-0.0001129693535
-0.000196810064
-0.0001045697317
-3.673563206e-05
3.844512018e-05
-1.38227503e-05
-0.0001087024008
0.0001174525795
-0.0003585582284
-4.273806598e-05
-5.594205963e-06
4.031558938e-06
-1.676142587e-06
-1.163581497e-05
1.501392196e-05
-4.350295318e-05
-3.631065208e-06
-1.20284573e-05
-2.337762606e-06
8.549880684e-07
-3.696897848e-07
-1.082926829e-06
3.388401493e-06
-5.21165061e-06
-2.843263114e-07
-2.714897829e-06
-2.844790551e-06
2.271200281e-07
3.615027807e-07
6.352970283e-09
1.343628776e-06
-1.417961619e-06
9.289546203e-07
-3.38324316e-06
-2.45354559e-05
-2.142889447e-06
1.398388907e-05
3.954485624e-06
5.618036647e-06
-7.835309073e-06
3.195887472e-05
-5.163261995e-05
-0.0001661667064
-4.188877591e-05
0.0001162374694
8.321914118e-05
5.928980138e-05
-0.0001139678072
-0.0004918849858
-0.0003911467192
0.0001576189281
-0.0001815114743
-0.0001061450044
-0.0002957256168
-0.0002218261202
-9.467324126e-05
8.911163562e-05
-6.895567265e-05
-0.0001710638118
-3.047132283e-05
4.031376584e-05
-1.42620325e-05
-0.000112973795
0.0001555443913
-0.0008560981746
-4.791398728e-05
-4.977904845e-06
3.802376641e-06
-2.552089657e-07
-1.658855266e-05
1.259334809e-05
-2.65016558e-05
-9.469542132e-07
-4.463979016e-06
-5.017727671e-07
2.515960914e-06
1.07794172e-06
1.776469517e-06
-2.198728281e-06
6.884067302e-06
-0.000110852597
-8.126450584e-06
7.353535041e-05
1.956152785e-05
1.089408794e-05
-1.291821829e-05
0.002114683285
0.0001827362053
-0.002080070707
-0.0001201820007
-0.01722049266
0.01025478844
-0.01616804383
-0.003354056567
0.00905625941
-8.113484884e-05
-0.008984863536
-3.904250231e-05
0.004489904089
-0.004525543796
0.000125037073
7.923050539e-05
-7.933619051e-05
-6.033776233e-05
-6.239962521e-05
0.004486893303
-0.004406460552
5.561417725e-05
8.505573125e-05
-9.07943893e-05
-8.472826464e-05
-8.63313235e-05
0.004241727584
1.253509994e-05
9.56856543e-05
-0.0001090187397
-0.003779342599
-0.007674937098
-3.164622876e-05
1.263392336e-05
-0.002093307181
-0.0027910947
2.379640499e-06
1.490797239e-06
2.547070083e-06
0.0009115883855
-0.001252079954
7.635765382e-05
-0.0005859456491
-0.002775097721
0.0006480041893
-2.487161e-05
0.001913727616
0.00407668179
7.700616461e-05
9.780027797e-05
-1.309949676e-05
-0.0001208072712
0.0001988826248
-0.0001892407729
-0.0001192640409
0.0001752514012
-5.315182303e-05
-7.488178657e-05
-0.0004185407817
0.0004840849636
-1.430011119e-05
-0.0004267927989
-3.983181587e-05
4.221168708e-06
-6.895195249e-06
5.20850074e-06
-1.909083606e-06
-1.333622762e-06
9.427448751e-07
1.257363023e-06
-1.865078666e-06
3.177692972e-06
-2.623104728e-06
-4.131257851e-06
2.410974174e-06
-2.84670707e-06
3.235641952e-06
-0.0001353024157
-0.0001838218447
0.0004244860645
-0.0003851922625
-0.0001367026703
3.402986672e-05
1.44885507e-05
-2.924995513e-05
-1.450202818e-05
6.604286501e-06
1.723469701e-05
-2.174686468e-05
-6.551420562e-06
-0.0006114970518
-0.0006383554265
-0.0004269227347
-0.002166140251
-4.050384514e-05
1.39845388e-05
0.002758763871
-0.002820689977
-7.890706213e-05
-4.464229834e-05
0.0023515801
-0.001704794392
7.177159372e-05
4.20779299e-05
0.0007762353679
0.001136154972
0.0001020563557
-2.987481762e-05
1.235724003e-05
-3.727421594e-05
-3.679589251e-06
1.440475738e-05
5.394784885e-05
-0.0001274484872
-4.567223836e-06
0.0001279936162
0.0005543799809
-0.001113084967
-0.0003066950468
-3.38358127e-05
0.002049577919
-6.781201148e-05
-8.194854475e-08
1.601267736e-08
-3.767430445e-09
2.67033473e-08
4.133058709e-10
1.662269829e-09
-4.511324977e-10
7.76099732e-10
0.0001699410226
1.180496435e-08
-1.159437255e-05
-5.134287852e-05
1.713458834e-05
3.68523953e-05
-6.817461434e-06
-2.004767999e-07
-6.283440803e-08
-1.006852567e-08
1.37536584e-07
-1.420709843e-09
3.992537455e-09
4.03854345e-10
2.335829227e-09
-0.0003127162546
7.425844522e-08
-5.44232414e-06
0.0006843889993
4.261548678e-06
1.291583256e-05
-2.540706899e-06
-5.021314528e-05
5.664940738e-05
-7.583043463e-05
-0.001072070836
-0.0009725085749
-3.803101056e-05
-5.309577704e-05
-5.196834676e-05
4.928382239e-05
-7.312974339e-05
-0.0008504191273
-0.0007981226576
-5.669017888e-05
-6.088779573e-05
-7.389687397e-05
4.464592031e-05
-9.662527377e-05
-0.0007053091755
-0.0005717763348
-6.38347509e-05
-6.556827736e-05
4.825638315e-06
-0.005580865381
-1.516790396e-06
-0.003275475661
-1.961336672e-06
-1.821979845e-06
-7.146010508e-07
-2.481371642e-06
-3.465745421e-06
-3.836399192e-06
-1.16315159e-06
-4.996540267e-06
-5.49163127e-07
-5.118833131e-07
-5.476868915e-07
-6.94011712e-07
-1.063106982e-06
-7.288223073e-07
-1.335313855e-05
6.836889804e-06
-4.201978501e-06
-1.239107498e-05
7.717100503e-07
1.587676076e-06
-1.293699507e-06
-1.495738489e-06
-1.965834959e-06
-9.369150858e-07
-3.305370493e-06
-1.3583462e-06
-0.0001669041172
-0.000143115637
-7.367203702e-05
-3.067314777e-05
-1.547945706e-05
1.749196674e-05
-4.981524712e-05
-5.87884015e-06
2.585634217e-06
-6.199732871e-06
-5.667194792e-06
6.407512961e-06
-1.042110152e-05
2.047990563e-06
-2.020124263e-06
-3.396500253e-06
7.269882805e-06
-3.133249694e-06
-1.634146078e-06
-0.0001393143131
-4.058471038e-05
-7.595680385e-05
-0.001810706847
-0.001431677346
2.882350852e-05
-2.198886449e-05
-0.00106886
4.697885699e-05
8.185584436e-05
-7.402170089e-05
-0.000136590506
-9.880540964e-05
7.404274183e-05
7.182642268e-05
-0.0001591446579
-5.623209056e-05
-3.983477762e-05
7.726031835e-05
-6.606513084e-05
-3.865901172e-05
1.529100325e-05
-3.562346446e-05
-3.510204769e-06
-7.166294992e-06
1.165847669e-06
-3.920425884e-07
-1.630728522e-06
1.27841921e-05
-7.54639598e-05
-0.0007646150817
-0.001536152762
-8.137012396e-06
-8.062729579e-06
-0.002651773687
-0.003433834519
-4.163698355e-05
0.0001041374779
-0.00350764698
-0.002956619729
-0.0001043524883
-2.700259054e-06
-1.307616338e-05
-1.276658882e-05
-6.486234608e-10
-9.738900195e-06
-1.215041974e-05
-2.506595734e-05
-2.826872431e-09
-4.210097794e-05
-7.011320567e-05
-0.0002308002932
-9.052151554e-06
1.068117332e-09
-3.393279467e-09
-1.230316519e-09
2.247857769e-09
1.174313332e-08
8.945124844e-11
-2.832125651e-08
5.163103316e-08
-4.246414338e-06
-6.235099809e-06
-1.728722949e-05
-2.708793496e-06
4.876679865e-09
-0.0001535297088
-0.0001928377981
1.826589256e-07
-0.0002623525401
-0.000412854825
-1.573197304e-06
-4.315033384e-06
-6.434161592e-07
-9.675136347e-06
)
;

boundaryField
{
    walls
    {
        type            calculated;
        value           nonuniform List<scalar> 
59
(
1.434812551e-08
1.60238264e-08
1.521312443e-08
1.453062624e-08
1.419845944e-08
1.318797242e-08
1.239529895e-08
1.201643564e-08
1.412047036e-08
1.783683361e-08
2.235791711e-08
2.577568915e-08
2.596815642e-08
2.510683212e-08
2.424551177e-08
2.320855185e-08
1.722652455e-08
1.56652081e-08
1.446619207e-08
1.299735061e-08
1.113756209e-08
9.275407195e-09
7.798700569e-09
7.09632316e-09
7.377590124e-09
8.534873524e-09
6.526969294e-09
5.095349214e-09
5.159144948e-09
-2.870982745e-09
-1.772401619e-09
-9.865834766e-10
-2.263644674e-10
5.129751034e-10
1.403185012e-09
2.541838618e-09
4.287826851e-09
3.950628655e-09
3.125701516e-09
3.672336278e-09
4.350704592e-09
4.733729414e-09
6.706509209e-09
7.294243479e-09
8.408089809e-09
8.313675955e-09
8.891579021e-09
9.26179642e-09
9.471768434e-09
8.562106876e-09
7.101400694e-09
5.614860566e-09
4.304165502e-09
3.49711353e-09
3.362795908e-09
4.157068979e-09
4.945266235e-09
5.089691784e-09
6.057153815e-09
)
;
    }
    wallFilmFace_top
    {
        type            calculated;
        value           uniform 0;
    }
    region0_to_wallFilmRegion_wallFilmFace
    {
        type            calculated;
        value           uniform 0;
    }
    mirrorFace_top
    {
        type            calculated;
        value           uniform 0;
    }
    region0_to_wallFilmRegion_mirrorFace
    {
        type            calculated;
        value           uniform 0;
    }
    procBoundary2to0
    {
        type            processor;
        value           nonuniform List<scalar> 
26
(
-0.000622570366
-0.0005101792238
-0.0004378681465
-0.0003086646694
-0.000852979012
-0.0005803880318
-0.0001366332124
-1.657441577e-05
1.833486008e-05
7.678108929e-05
-0.0001541747761
-0.0005295249176
-0.0005920040496
-0.0005281932576
-0.0004291592922
0.001030810489
-0.0002563006062
-0.0002495681159
-0.0001494710522
-0.002258295659
-0.001885696492
-0.001193863565
-0.0007110608018
-0.0004814616004
-0.001229747786
0.002302850634
)
;
    }
    procBoundary2to1
    {
        type            processor;
        value           nonuniform List<scalar> 
33
(
0.0001221437395
-0.000626946198
-0.0004948262552
-0.0001429879508
0.0001989253226
0.0008761895722
0.001005967263
-0.0002567245479
-0.0003197959595
-0.0003866315834
-0.000181929409
-4.903068788e-05
-0.000408455023
-0.0007397756095
-0.001518007756
-0.001798140069
-0.0008389376971
-0.0002098909831
-7.42266463e-06
-6.199769191e-07
0.0003058509542
0.0004412437599
0.0004600269891
0.0005132452674
0.0002472836661
3.376270355e-05
4.11653217e-05
1.735810915e-05
4.217554265e-05
9.179304206e-05
0.0001671765266
0.0003302010741
-0.002682701859
)
;
    }
    procBoundary2to3
    {
        type            processor;
        value           nonuniform List<scalar> 
64
(
-1.281288825e-06
-5.020120689e-07
4.059749128e-07
9.243524588e-07
-2.38684797e-06
-7.544784583e-05
-0.0001183247435
-9.35083587e-05
-1.818107021e-05
-6.403926586e-05
-0.0001186373151
-2.652166944e-05
-0.0003891153731
5.482195666e-05
0.0008510779756
4.542707172e-05
6.715350709e-05
-6.824995562e-06
-6.939451581e-06
-1.155532752e-05
-1.5097808e-05
-1.108912082e-05
-4.508291226e-06
-1.095196193e-06
-2.495554596e-06
-5.274052567e-06
-6.187084379e-06
-1.819559152e-05
-9.12485253e-05
1.416836397e-05
-8.180174069e-05
-8.387911421e-05
0.0001240989586
-8.00484116e-05
-0.0001331113128
-0.003981578027
-9.936972297e-05
-1.93172517e-05
-0.0005622367047
-0.0001179398184
-5.519241466e-06
-0.0005569910172
-0.0007269464554
-0.002706144497
-7.694736247e-05
-2.195091973e-05
-0.0004422898645
-6.620284551e-05
-0.002493771896
-4.556778895e-07
4.359884446e-07
5.675361041e-07
-1.725763479e-06
-5.610424945e-06
-0.000125212284
-1.234825194e-05
-1.755775705e-05
-0.000121527517
-2.129507055e-05
-1.156204799e-05
-0.002089376004
-0.0004670336389
-3.132457028e-05
-1.595275177e-05
)
;
    }
}


// ************************************************************************* //
