/*--------------------------------*- C++ -*----------------------------------*\
  =========                 |
  \\      /  F ield         | OpenFOAM: The Open Source CFD Toolbox
   \\    /   O peration     | Website:  https://openfoam.org
    \\  /    A nd           | Version:  8
     \\/     M anipulation  |
\*---------------------------------------------------------------------------*/
FoamFile
{
    version     2.0;
    format      ascii;
    class       surfaceScalarField;
    location    "1.5/wallFilmRegion";
    object      phi;
}
// * * * * * * * * * * * * * * * * * * * * * * * * * * * * * * * * * * * * * //

dimensions      [1 0 -1 0 0 0 0];

internalField   nonuniform List<scalar> 
2656
(
-0.0002463204338
-0.009566447818
-0.001036257518
-0.001790796048
-0.0005658817691
-0.002437308709
-0.0005363029838
-0.0005428929556
-0.0004758474576
-0.000449443545
-0.0003804865976
-0.0004314042576
-0.0003678889749
-0.000520868385
-0.008583151877
-0.001189994186
-0.001812041446
-0.0005334109228
-0.00148183061
-0.0004894148047
-0.0004329379737
-0.0004283449445
-0.0003715884331
-0.0003365590872
-0.0003461002359
-0.0002302821921
-0.0002903528127
-0.0001306863221
-0.0002143176043
-5.669902823e-05
-0.0001334237334
-1.585181027e-05
-6.499922034e-05
-2.066559417e-05
-0.0007480753246
-0.007578324767
-0.001066120183
-0.001725324629
-0.0005118099329
-0.000845126936
-0.0004527357828
-0.0003273931099
-0.0003845621061
-0.0002978022998
-0.0002964886115
-0.0002709594145
-0.0002013458879
-0.0002254453521
-0.0001144217446
-0.0001670550681
-4.968886135e-05
-0.000105358742
-1.372262326e-05
-5.227928724e-05
-1.647978537e-06
-1.742269883e-05
-5.079079694e-07
-1.901705645e-06
-1.197147353e-05
-0.0008564549142
-0.006596515461
-0.0007971014495
-0.001624006712
-0.0004863558813
-0.0005166792157
-0.0004169121315
-0.0002403114783
-0.0003461064427
-0.000227876221
-0.00026408243
-0.0002043325553
-0.0001794946126
-0.0001698655139
-0.0001028578966
-0.0001270579365
-4.51042504e-05
-8.154168864e-05
-1.278221448e-05
-4.175154242e-05
-1.94110906e-06
-1.568745912e-05
-6.278925325e-07
-2.950403103e-06
1.264836975e-05
-2.989710921e-05
5.372367884e-05
-0.0001106928709
0.0001700994245
-0.0005429563273
0.0002798429572
-0.001655578772
-0.0009686436304
-0.0009261128675
-0.005708227035
-0.0005814795093
-0.00145024165
-0.0004403743984
-0.0003400586517
-0.0003750543672
-0.0001673787962
-0.000306805808
-0.0001583242116
-0.000233566303
-0.0001410947708
-0.0001601184484
-0.0001179022493
-9.342544148e-05
-8.954755093e-05
-4.237480026e-05
-5.920757927e-05
-1.349394878e-05
-3.282612317e-05
-3.626552375e-06
-1.669325401e-05
-7.261278664e-06
-1.739588985e-06
2.880927269e-05
-9.463953194e-05
0.0001091983742
-0.0002508217154
0.0002505045251
-0.001065727123
-0.0002062361768
-0.001737219572
-0.00051782342
-0.0007885825175
-0.0006068036013
-0.0004198471874
0.0006150776719
-0.001038694311
-0.004857675444
-0.0004726042465
-0.001044957593
-0.0003696079186
-0.0001945142716
-0.0003123854588
-9.557667538e-05
-0.0002537386841
-8.971452969e-05
-0.0001940241786
-7.988064939e-05
-0.0001352291434
-6.727520082e-05
-8.18336125e-05
-5.211174779e-05
-4.099014918e-05
-3.646282185e-05
-1.860526614e-05
-2.531475898e-05
-1.300870126e-05
-2.3458168e-05
-4.48166566e-05
4.695610149e-06
6.036214689e-05
-0.0003331130716
0.000189333003
-0.000522271638
0.0001616604387
-0.001320770779
-0.0004097311645
-0.00118306181
-0.000513995405
-0.0007198666554
-0.0006127670427
-0.0006507907268
-0.0004334205508
-0.0002048220342
-0.0004056476411
0.0008852477463
-0.0004452708788
0.0005453103305
-0.0005616111823
-6.261665346e-05
-0.0009839556715
-0.001058551752
-0.003815639689
-0.000358895282
-0.0006357748874
-0.0002600875595
-7.355517048e-05
-0.0002176038988
-3.398533447e-05
-0.0001763392782
-3.139361242e-05
-0.000135744198
-2.768753356e-05
-9.658670073e-05
-2.310410075e-05
-6.244536535e-05
-1.772527094e-05
-4.092244852e-05
-1.295179571e-05
-4.199524665e-05
-1.460948392e-05
-6.94127968e-05
-3.536273628e-05
-0.0001388480439
-7.025593634e-05
4.840109253e-05
-0.0008674549818
0.0001591444366
-0.0006922711427
-0.0001491634238
-0.0007117511759
-0.0003969723418
-0.0005169258948
-0.0004370649821
-0.000513164292
-0.0004241030472
-0.0006249997657
-0.0003664992701
-0.0004604028379
-0.0003355543654
0.0002886312001
-0.0002198395018
-9.918219579e-05
-0.0004795731016
-0.0004938343269
-0.0006631508256
-0.001116355344
-0.0008648331644
-0.0004767691777
0.0004119576318
-0.000725572544
-0.002668730708
-0.0001682581188
-0.0004497803541
-0.0001205493918
-3.671271938e-07
-9.977750661e-05
-2.642506522e-08
-7.988491747e-05
2.084819183e-07
-6.065075263e-05
3.80793848e-07
-4.248157255e-05
4.664644418e-07
-2.852846735e-05
4.755186728e-07
-3.044262389e-05
2.550904975e-07
-7.897462772e-05
-1.534396659e-05
-0.0001532992839
-0.0002003728109
-0.0002316582515
-0.0005982030541
-0.0002289962987
-0.0007812205736
-0.0002020799855
-0.0003278424332
-0.0001997958765
-0.000187395625
-0.000254749411
-0.0001704466195
-0.0003139393606
-0.0002279811923
-0.0003217005668
-0.0004265340802
-0.0001955561212
-0.0006280292661
1.26399484e-05
-0.0004149934425
0.0002361543156
-0.0003849289516
-1.947265924e-05
-0.000840591154
-0.0003618917114
-0.0008729360318
-0.0005270923344
-0.0004701938483
-0.001285811448
-0.0002981193016
-6.688772875e-05
-0.0001813161494
-0.002078850732
-7.611401446e-05
-0.0001426287917
-6.138999512e-05
5.060588246e-05
-5.277886309e-05
1.98543732e-05
-4.520729901e-05
1.834406032e-05
-3.932362742e-05
1.704811075e-05
-3.777429684e-05
1.525399329e-05
-4.915497822e-05
1.246664879e-05
-0.000104176143
1.050306897e-05
-0.0003171525575
-1.967151695e-05
-0.0005354328683
-0.0007139422888
-0.0006136290799
-0.0008473147136
-0.0002482177543
-0.0004015572214
-0.0001331173109
-0.0001771297029
-9.977177389e-05
-9.714252139e-05
-0.0001065008063
-7.02914291e-05
-0.0001274952946
-7.132838216e-05
-0.0002086714279
-0.0001084097772
-0.0003775052178
-0.0001909779658
-3.532863128e-05
-0.0001730423888
2.768342718e-05
-4.211192394e-05
-0.0002589231602
-0.0003958784139
-0.0003193189494
-0.0007675627104
-0.0003192489019
-0.0003453803105
-0.0004372807212
-0.0002786857869
-0.0008493321254
-0.000229756788
-0.001842649452
-0.0001275346226
0.0001563896834
-0.0001115690477
0.0001202380912
-0.0001022961399
5.214861815e-05
-9.958971367e-05
5.024941815e-05
-0.0001098426906
5.001007551e-05
-0.0001519704596
5.078042457e-05
-0.0002825572983
4.347459854e-05
-0.000618049578
-7.383486517e-05
-0.0009122222598
-0.0005210094128
-0.0007476366404
-0.0007209075026
-0.0003274057631
-0.0004897122767
-0.0001408155134
-0.0002430571034
-7.082468999e-05
-0.0001238714975
-4.677710961e-05
-7.292037204e-05
-4.155006295e-05
-4.798231045e-05
-4.961986299e-05
-3.318601857e-05
-7.771627525e-05
-2.538756971e-05
-9.388122818e-05
-2.014759712e-05
-1.383044862e-05
-1.248345733e-05
7.911729678e-06
-5.113884124e-06
-5.992178497e-05
-0.0001372038686
-0.0003737272983
-0.0004658393147
-0.0002665994983
-0.0001148089053
-0.0002152155716
-0.0002187466119
0.0001274292476
-0.0006670099256
-0.004929252773
-0.0008785411302
-0.002118147056
-0.0004051761389
7.927945036e-05
-0.0003182297399
0.0001879313868
-0.0002916871252
9.644261459e-05
-0.0002960722957
8.794334723e-05
-0.0003492221035
7.779123903e-05
-0.000515432593
5.640640359e-05
-0.0009236226875
-0.000201611574
-0.00112098431
-0.0009229628202
-0.0008475651513
-0.0008886819773
-0.0004113500106
-0.0005146069945
-0.0001977131362
-0.0002639707212
-9.890332554e-05
-0.0001648095466
-5.356506169e-05
-0.0001043796921
-3.249018324e-05
-7.292620781e-05
-2.094550595e-05
-5.230393781e-05
-1.496175793e-05
-3.506925582e-05
-1.099301144e-05
-2.555340285e-05
-6.212959587e-06
-2.042823939e-05
-1.868898996e-06
-1.117375963e-05
4.127381532e-06
-1.441261262e-06
8.986338118e-05
-3.283959312e-05
4.118215919e-05
-0.0001607137995
-0.0003582762325
-0.0001019251585
-0.00269375321
-8.775252798e-05
-0.004324268094
-0.000200746418
0.003422835997
-0.003017293125
-0.001581824432
-0.003339410005
-0.0003680022348
-0.003474089689
-0.0004655735289
-0.003796462487
-0.0006289367991
-0.004123177339
-0.0007475195227
-0.004249331719
-0.0008913757381
-0.003889586391
-0.0009321403308
-0.002751089488
-0.0008254878941
-0.001395495399
-0.0005876475692
-0.0005051076025
-0.0003404433776
-0.0002032186154
-0.0002024816626
-0.0001313264175
-0.0001579039123
-8.404048614e-05
-0.0001263982204
-5.423656331e-05
-9.9724609e-05
-3.489603081e-05
-8.222486412e-05
-2.056218668e-05
-6.515486892e-05
-1.314868905e-05
-4.151187741e-05
-9.363458461e-06
-2.796575541e-05
-4.822905206e-06
-2.346670023e-05
-5.834782596e-07
-1.385565224e-05
2.146946284e-06
-5.294534363e-07
3.188804905e-05
-8.475882081e-06
0.0002050948925
-2.749764917e-05
0.000447194627
-9.07432325e-05
0.0006215893237
-7.362574789e-05
0.0006066458204
-1.808860099e-05
0.002140137879
-0.0008464965358
-0.0008542182695
-0.001114297576
-0.0004104258861
-0.001181151747
-0.0008589662242
-0.001295494799
-0.0005433089499
-0.001318231299
-0.0004499198092
-0.001189660313
-0.0004420393087
-0.0009276773175
-0.0004049019962
-0.0005979033711
-0.0003314767629
-0.0003152996574
-0.0002335006387
-0.0001642937742
-0.0001483283665
-0.0001189265399
-0.000109627161
-0.0001014613006
-0.0001138454706
-8.211229084e-05
-0.0001074807426
-6.287216242e-05
-0.0001009084926
-4.437209953e-05
-9.791750586e-05
-2.455851982e-05
-8.961369944e-05
-1.458888588e-05
-5.172375201e-05
-1.025680539e-05
-3.088999067e-05
-5.352892749e-06
-2.680244978e-05
-1.287422231e-06
-1.64948002e-05
1.604973286e-06
-1.10787698e-06
1.182458595e-05
-1.904475828e-06
3.430583042e-05
-3.558622766e-06
0.0003335580887
-0.000174522536
0.0005204778723
-0.0001500179346
0.0006915294178
-1.979532505e-05
0.001449524949
-3.352885101e-05
-9.099227692e-05
-0.0006263652055
0.0005916729587
-0.001064860299
-3.529171935e-05
-0.0005421478968
-0.001551646835
-0.0004967898964
-0.0004434750777
-0.000443357023
-0.0003350114636
-0.0003696246113
-0.000324002375
-0.0002763265749
-0.0002938081282
-0.0001802800426
-0.0002367775718
-0.0001103430159
-0.000163100796
-8.374333394e-05
-0.0001001858884
-8.683202001e-05
-7.448458977e-05
-8.746546064e-05
-8.964629309e-05
-8.440341958e-05
-9.45471893e-05
-7.555935521e-05
-0.0001014321642
-6.02277143e-05
-0.0001191004925
-3.056469466e-05
-0.0001407653783
-1.742890516e-05
-6.673701188e-05
-1.24059677e-05
-3.428650059e-05
-6.366377405e-06
-3.095553058e-05
-3.92194679e-07
-2.088615925e-05
2.471079283e-06
-1.208947365e-06
1.959010805e-06
4.060763692e-06
-0.0001785201217
2.62732748e-05
-0.0001745928941
0.0001386697323
-0.0002478653212
0.0002256158355
-0.0001258943527
0.0002376693825
0.0005455990053
0.001012510034
0.0008009735137
0.0006898674278
0.0004733736483
2.543392694e-05
0.001112332996
2.081526092e-05
-2.990687816e-05
-0.0004669162679
-0.000741190583
-0.0004411264263
-0.0003149393268
-0.0003878228255
-0.0002568814493
-0.000318799693
-0.0002503582085
-0.0002333291545
-0.0002269489375
-0.0001458551039
-0.0001804307406
-8.223318757e-05
-0.0001195040085
-5.980407265e-05
-6.706579793e-05
-6.732882389e-05
-4.657058355e-05
-7.384451949e-05
-6.975006256e-05
-8.148901057e-05
-8.074443763e-05
-8.655132467e-05
-9.282286113e-05
-8.429857004e-05
-0.0001368428303
-3.815436505e-05
-0.0002599101944
-2.150460256e-05
-8.7653933e-05
-1.600087686e-05
-3.81174387e-05
-8.487304073e-06
-3.637337942e-05
-1.287959832e-06
-2.585332946e-05
4.66435872e-07
-1.506465655e-07
-1.83935083e-06
0.0001736885479
-0.0001670111307
0.0002892224691
-6.418346682e-05
0.00023980869
3.530312183e-05
0.000267253378
-0.0002098179647
0.0006172169822
1.44466427e-05
0.001549753608
0.0005525703984
0.001282422961
0.0007584338853
-0.002169992413
0.001048918982
-0.003288575564
-0.0002201740985
-0.0004349886023
-0.0001293626743
-0.0004248142281
-0.0001879673818
-0.00037696207
-0.0001902151723
-0.0003096175964
-0.0001872464518
-0.0002220608534
-0.0001689882846
-0.0001305318781
-0.0001319725142
-6.324384414e-05
-8.314852106e-05
-3.781015013e-05
-3.972280965e-05
-4.348370573e-05
-2.00934401e-05
-4.625281765e-05
-4.884427284e-05
-5.666732977e-05
-6.538203124e-05
-7.363303243e-05
-6.939420786e-05
-9.354671991e-05
-0.0001220057604
-4.472179909e-05
-0.0005848626879
-2.69395512e-05
-0.0001135715292
-2.178297926e-05
-4.310633154e-05
-1.248574564e-05
-4.519534844e-05
-3.444407989e-08
-3.535657627e-05
2.372503548e-07
-2.002543564e-07
6.191604962e-05
0.0002533182676
-0.0001956413677
0.0004251403291
-0.0001383554699
0.0004262503984
-0.0002011258312
0.0003748889209
-0.0003973708288
0.0008444311332
-0.0001539545372
0.001501605038
0.0003021089937
0.00121162378
0.0007015192528
-0.0009524605173
0.001355229142
-0.0006370056736
-0.0001794643049
-0.0004649524911
-0.0001245214765
-0.0004269080382
-0.0001227277064
-0.0003803732211
-0.0001261553461
-0.0003106860907
-0.0001237282487
-0.0002180316738
-0.0001106003603
-0.0001203873698
-8.466124531e-05
-4.729653166e-05
-5.08569288e-05
-1.541382684e-05
-2.043607117e-05
-7.586232765e-06
-7.37380627e-06
4.874405099e-06
-2.807062038e-05
6.86672545e-06
-5.110204021e-05
7.91259425e-06
-6.188499842e-05
3.3054815e-05
-0.0001038871722
-4.390152661e-05
-0.001266961858
-3.459503283e-05
-0.0001430382331
-3.098617175e-05
-6.08170045e-05
-1.790278218e-05
-7.550561839e-05
-1.198955455e-06
-4.607049171e-05
2.862682621e-07
1.560080887e-06
3.136875937e-05
0.0001744138679
-0.0004068228096
0.0005840178524
-0.0003009024524
0.0004628863392
-0.0004566156999
0.0003538783485
-0.000458836649
0.0007088521439
-0.0001989340847
0.001340309553
0.0001333632933
0.0009803409055
-4.763742727e-06
0.0007653850371
-2.767043275e-05
0.000105370612
8.425170534e-05
9.783074647e-05
0.0001569937808
0.000107849228
0.0002103724287
0.0002672694886
0.0003062706185
-0.0006041973587
0.001536461771
-0.0005087298976
-7.646288652e-05
-0.0004713975817
-5.432112469e-05
-0.0004378589923
-5.263536535e-05
-0.0003891783575
-5.341535813e-05
-0.000315143166
-5.164242905e-05
-0.0002170051945
-4.546232585e-05
-0.0001143227717
-3.424881493e-05
-3.761458633e-05
-2.041765081e-05
-3.527467686e-06
-8.376697999e-06
9.031406811e-06
-6.15103141e-06
4.586911466e-05
-2.117509999e-05
9.098566124e-05
-4.463533916e-05
0.000109533497
-7.211667734e-05
0.0001789397555
-0.000110598476
-2.471196433e-05
-0.001515030067
-5.447657319e-05
-0.0002041513287
-5.811665623e-05
-0.000180231985
-3.228128854e-05
-0.0002632641578
-9.20357885e-07
-5.826634357e-05
1.031799629e-06
1.203359559e-06
0.0001606785088
-0.0001647406977
-0.0002179382715
0.0009571986601
-0.0002707901281
0.0004434147288
-0.0006612405821
0.0003616897265
-0.0004430803423
0.0001402499387
-0.0001931690288
0.001171830128
-8.584913523e-05
0.0007641283282
-4.798627634e-05
0.00061922309
-1.565535003e-05
9.521303588e-05
2.506061035e-05
4.24456922e-05
0.0001052468597
8.723816153e-05
0.0002490062892
0.0002471443385
0.0002438163195
-0.0005679311422
0.001342036266
-0.0005216784244
4.985869403e-05
-0.0005045442409
4.238926666e-05
-0.000474243558
4.44076985e-05
-0.0004250800475
4.715732622e-05
-0.0003466931815
4.673068829e-05
-0.0002408795107
4.105649837e-05
-0.0001294014692
2.893504319e-05
-4.390154961e-05
1.26606052e-05
-4.910582626e-06
4.925491823e-07
2.813753041e-05
-2.455985663e-05
9.457562876e-05
-3.391197419e-05
0.000194671865
-3.396119254e-05
0.0002608181335
-3.147838109e-05
0.0003058991425
-4.733150424e-05
0.0002098425934
-0.0008118824985
-0.00012671377
-0.0003820395848
-0.0001621057001
-0.0007394488231
-7.023255166e-05
-0.001061019026
-5.287719516e-05
-0.0001757035828
-0.0002253092628
-0.0003963410088
-4.792533791e-05
-0.001098990447
0.0003274102547
-9.346505472e-05
0.0001235974617
0.0005848116041
-5.266074063e-05
0.0005100192112
-0.000101626433
0.0002877662357
-0.00011666948
0.001132811119
-7.298619922e-05
0.0006781625797
-6.596937021e-05
0.0005292738344
-9.352994575e-06
0.0001272523669
1.152818453e-05
1.778567941e-05
0.0001333033088
8.869858314e-05
0.0003163541412
0.0001583757902
-0.0005877988398
0.001794976438
-0.0005164390745
0.0001240213266
-0.0004725492821
0.0001237728331
-0.0004279167625
0.0001321065822
-0.000384810024
0.000136519631
-0.0003309357818
0.0001323640265
-0.0002642436818
0.0001185859515
-0.000200125984
9.357913471e-05
-0.0001613798457
5.84984392e-05
-0.0001401889814
1.222708212e-05
-0.0001094792448
-2.232135106e-05
-7.313523025e-05
-2.307697919e-05
-4.541518079e-05
-2.953557211e-05
-2.797255977e-05
-5.149802167e-05
2.907702463e-05
-9.744394104e-05
-8.210112602e-06
-0.0002820630521
-0.0003819345312
-0.0008975842934
-0.0004468479508
-0.002037000041
-0.0002019475238
-0.002841809226
-0.0002912873054
-0.001018165825
-0.0004424372144
-0.0009374478369
-0.0001697904586
-0.001646685348
3.437568977e-06
-0.0007227061876
-0.0001119418912
0.0003568659545
-0.0001091946579
0.0007730886565
0.0001233859452
-0.0007306786153
0.0003148283635
0.001139272437
0.0002075731319
0.0008490798627
-0.0001367025524
0.0004552243088
-3.4107985e-05
0.0002417944049
2.450394553e-05
3.329447419e-05
0.0002383883875
6.360447631e-05
-0.003296131336
0.001906481965
-0.002161634291
-5.741977655e-05
-0.001334983292
0.0002855362743
-0.0008289116551
0.0003364045241
-0.0005454640068
0.0003031348624
-0.0003948156472
0.0002641821544
-0.0002944642646
0.0002148897299
-0.0002089135833
0.0001623820823
-0.0001347257496
0.0001026533669
-8.178053397e-05
4.195875638e-05
-5.57327947e-05
-3.294315244e-07
-5.238599932e-05
-3.922741868e-06
-7.410910816e-05
-1.872435284e-05
-0.0001293679941
-7.333072357e-05
-0.000256756555
-0.0002139548703
-0.0004926230442
-0.0006814671963
-0.0008330448619
-0.001756795369
-0.001015392565
-0.003451247324
-0.0005669923378
-0.004873851383
-0.0005292526266
-0.00372815795
-0.0008737156814
-0.001299305122
-0.0003361933651
-0.001747394527
4.349372987e-05
-0.001198642925
0.0004410272833
-0.0005236926264
0.0006346340904
0.0009020406698
0.0005034563246
0.0001556661884
0.0006643173255
0.00140881766
0.0008967170991
0.001031823233
0.0002363367381
0.0005466538908
-0.0005923947964
0.0004032859135
-0.001482106224
0.0002783889052
-3.132063106e-05
-0.006893599293
0.001595757162
-0.006661617253
-0.001068410566
-0.004553880559
-0.0004622044695
-0.002363053107
0.0004307151814
-0.00111342312
0.0007567411831
-0.000585352845
0.000593232702
-0.0003458273057
0.0003912371563
-0.0001992723088
0.0002488929305
-9.199004656e-05
0.0001405119287
-3.147476389e-05
5.568964372e-05
-2.751429316e-05
1.153342978e-05
-4.459531145e-05
7.157876153e-06
-9.920735108e-05
-1.000625159e-05
-0.0002122461669
-0.0001190906176
-0.0004478242364
-0.0003846127229
-0.0008655629149
-0.001050983902
-0.001381950693
-0.002283379564
-0.001675460347
-0.003899039252
-0.00143374637
-0.005702834927
-0.000856783305
-0.007228345687
-0.001241831948
-0.001467055385
-0.0007050422417
-0.001434322015
-0.0007016490504
-0.001024902216
-0.001664591414
-0.0008602483918
-0.001742639988
4.085318066e-05
0.002892157245
0.006252009589
0.002173432189
0.001514124355
-1.626160762e-05
0.001799267074
-0.0008428315643
0.001588878296
-0.001010876886
0.0007446351949
-0.0008472660104
0.000533449582
0.000480392108
-0.002704951798
0.002589655244
-0.003319722974
-0.000725556571
-0.00349309241
-0.0003848861444
-0.002852880209
0.0002159402934
-0.001759022502
0.0008385548668
-0.0009474113373
0.0009108866002
-0.0004936909578
0.0006650364332
-0.000245560267
0.0003940108642
-0.0001061070864
0.0002013752928
-4.3308561e-05
7.853947975e-05
-3.816202184e-05
2.240761675e-05
-6.701692031e-05
1.610762873e-05
-0.0001608197647
-6.858977073e-06
-0.0003457352892
-0.000183789188
-0.0006823037604
-0.0005225429467
-0.001171426793
-0.001140988151
-0.001666265891
-0.002007910127
-0.001984303686
-0.003019990011
-0.002122245412
-0.004520980672
-0.0009698775919
-0.007448072027
-0.001234648537
-0.001708575338
-0.0008207884185
-0.001192808124
-0.0008479530712
-0.00102041162
-0.0008567501002
-0.0009421976921
-0.0004559185643
-0.0005538436023
-7.998604663e-05
0.002634917878
-0.000605827872
0.00130700079
-0.0007511601559
0.002596849244
-0.0008434518007
0.002197513583
-0.0008553821156
0.001153896317
-0.0007258730463
0.0007799011799
-0.001306204071
0.003358017174
-0.001823933172
-0.0003654967796
-0.00242379167
-0.0002106997367
-0.00262953368
0.0001023475934
-0.0021486209
0.0007051969925
-0.001384834432
0.001028040988
-0.0007492227818
0.0009091823244
-0.0003499848563
0.0005868478441
-0.0001404448149
0.0002849248679
-5.810827598e-05
0.0001064192213
-5.744588685e-05
3.404985963e-05
-0.0001147230807
2.459595801e-05
-0.0002574335468
-2.42798591e-05
-0.0005029684829
-0.0002238319542
-0.0008438041329
-0.0004944600803
-0.001182557171
-0.0008512864207
-0.001444451614
-0.001194626771
-0.001651724371
-0.001561489084
-0.001945011402
-0.002251104609
-0.001050121616
-0.004065879227
-0.0009999496286
-0.001408140146
-0.001014670157
-0.001058660199
-0.001327268409
-0.000913366368
-0.00177201293
-0.0007787260438
-0.002521359406
-0.0003799437977
-0.002494511717
0.0001968586337
-0.002450910168
0.001089474398
-0.001907068032
0.002561449036
-0.001834679561
0.00198501624
-0.001358255455
0.0008698658392
0.001135002675
-0.0005937776575
0.004125398942
-0.0008710389791
-0.000131251556
-0.001396745839
-6.791393435e-05
-0.001932117103
8.34448348e-05
-0.002048748079
0.0004614490427
-0.001620960193
0.0008298552033
-0.0009988144851
0.0009064844729
-0.0004776607112
0.0006778647153
-0.0001880168707
0.0003449983613
-8.729966965e-05
0.0001315933186
-0.0001052344092
4.998895294e-05
-0.0002054239266
3.436681337e-05
-0.0003681999063
-3.79931573e-05
-0.0005857440311
-0.0001683938059
-0.000778421189
-0.0002928810156
-0.0008811916305
-0.0003976807303
-0.0009045623182
-0.0004596933973
-0.0009373263122
-0.0005137957432
-0.001163722743
-0.0006739137684
-0.001439029067
-0.001283650383
-0.0004618909357
-0.000125921027
-0.0006447471037
-0.0005934764868
-0.001026085578
-0.0006365255527
-0.001144634307
-0.0006889040159
-0.001574770391
-0.0002865844396
-0.002162314002
-0.0001052747949
-0.002347933007
0.0001679089315
-0.001449502425
0.001195396045
-0.0006232343768
-5.72482154e-05
-0.0004682286017
-0.0001404265402
-2.042623321e-05
-0.0002185204762
0.005061081674
-0.000327700017
4.01256781e-06
-0.0006233876279
3.195178561e-05
-0.001049717814
9.569712689e-05
-0.001418704885
0.0002483059458
-0.001427551739
0.0004900077644
-0.00105834769
0.0006394249501
-0.0005720283831
0.0005326920072
-0.0002474122815
0.0003108791974
-0.0001358214441
0.0001353199557
-0.0001550959797
6.081741496e-05
-0.0002450559562
4.697950847e-05
-0.0003784877202
2.152083423e-05
-0.0005158559926
-2.117285567e-05
-0.0005634941015
-4.617697818e-05
-0.0005159562456
-6.027198189e-05
-0.0004288611328
-6.531848739e-05
-0.0003762572624
-5.99628911e-05
-0.0005065921645
-4.452432771e-05
-0.001327243049
-1.353397246e-05
-0.0005211139932
0.0009104783526
-0.0003454680695
0.0002216969788
-0.0002420484307
-0.0001061795487
-0.0002976954163
-0.000632786964
-0.0004055754616
-0.0003496977965
-0.0003255892523
-0.0003185835996
-0.0003578329406
-0.0001244680066
-0.000189866474
-0.0001089903795
-6.405063379e-05
-0.0003701490855
-0.0001415130815
-4.012693738e-05
-1.584692285e-05
-0.0001130206081
0.006964057548
-0.0001015306567
8.121673511e-05
-0.0001726629059
4.864896632e-05
-0.000270419749
5.388426083e-05
-0.0004297354086
9.827489827e-05
-0.0006151893079
0.0001857478635
-0.0008614148015
0.0002994351602
-0.001526283483
0.000530946878
-0.001296788765
0.001001425346
-0.001329094865
0.0004661543443
-0.001328998073
0.0002893239801
-0.001235163864
0.0002812048704
-0.001048042871
0.0002705334376
-0.0008324186705
0.0002456352828
-0.0006235720418
0.0002119916084
-0.0004311212256
0.0001768857823
-0.0002697676055
0.0001424540131
-0.0001459734802
0.0001083794455
-5.642231645e-05
7.50353998e-05
1.767565118e-05
3.831688076e-05
0.001560748594
-6.382076856e-06
0.004056842893
0.000195004929
0.007763552513
0.0006638466473
0.005601363929
0.0003255688948
0.0008658072119
-6.807160724e-05
-4.471266092e-05
-0.0003676093657
7.277004638e-05
-0.0002372004354
-0.0001067427953
-0.0004300786906
3.474567796e-05
-0.0001222992643
-2.820505752e-06
-2.365626177e-06
-6.389794644e-06
-0.0002204222489
0.00924524992
-0.0001268202663
0.0001874658658
-0.0001046347103
8.209176623e-05
-8.855314733e-05
5.136847079e-05
-8.520786138e-05
4.850995037e-05
-7.362066446e-05
5.182511413e-05
-6.804782863e-05
5.64993619e-05
-0.0008225742199
0.000258420982
-0.001349427501
0.001222267539
-0.001459145564
0.0005875772485
-0.001481530219
0.0004079475672
-0.001438688132
0.0004247999005
-0.001312675477
0.0004509268378
-0.001120634873
0.0004636451976
-0.0009056242432
0.0004575885474
-0.0006872531044
0.0004382984593
-0.0004814445187
0.0004041762812
-0.0003159773028
0.0003622719205
-0.0002263113727
0.0003319961159
-0.0002828995504
0.000364926517
-0.0002446442239
8.177995323e-06
0.0001168212499
6.024566475e-05
8.17102042e-05
0.0002290528581
-7.213453371e-05
0.0001478722297
4.671195201e-05
1.008940521e-05
0.0001864258189
0.0004082359064
7.517942598e-05
-2.139926809e-06
-7.531361258e-05
-6.522162149e-05
-8.565653429e-07
-3.060501059e-06
8.946386628e-08
-1.006753507e-07
-1.055190327e-06
-0.0003300157304
0.01133583879
-0.0001726190307
0.0003333809731
-0.0001176090424
0.0001359340553
-7.505517009e-05
7.517988208e-05
-4.883027137e-05
5.32588998e-05
-2.953130627e-05
3.762294525e-05
-3.671105995e-05
3.302217698e-05
-0.0005934667177
0.0002613042763
-0.0009819162727
0.0007016159119
-0.001160871658
0.0005148601046
-0.001255640646
0.0004416282269
-0.0012845656
0.0004956472812
-0.001248475644
0.0005557218529
-0.001140171225
0.000610579123
-0.0009790485556
0.0006486333333
-0.0007881082051
0.0006610917474
-0.0005830815834
0.0006458384024
-0.0003904188257
0.0006107166494
-0.0002218694996
0.0005695108481
-3.504089327e-06
0.0005188117372
9.175677391e-06
1.825180013e-05
3.084358879e-05
1.994447801e-05
0.0002292963867
0.0002092654432
-8.42958396e-05
0.0007488703007
-0.0001441547418
5.362148038e-05
-0.0001347939334
0.0004290261495
-6.457694809e-05
0.0001657652503
-3.551294595e-06
-1.397830352e-06
-2.324980663e-08
7.054559646e-07
1.128300312e-07
6.82486348e-08
6.917686803e-07
-0.0004535043737
0.01294192388
-0.0002307826794
0.0005256336356
-0.0001540565359
0.0002077632685
-0.0001056602817
0.0001162427792
-8.730748319e-05
8.48806264e-05
-9.940054203e-05
6.89936566e-05
-0.0001846519544
8.283936834e-05
-0.0004074438925
0.0002067263386
-0.0005999737843
0.0003620193924
-0.0008067374429
0.0003762658168
-0.000987220009
0.0004188629076
-0.001088445534
0.0005289817444
-0.001112038744
0.0006310310364
-0.00106804086
0.0007219924916
-0.0009604536565
0.0007997568784
-0.0008062046202
0.0008478019505
-0.0006226246358
0.0008566792613
-0.0004313448915
0.0008363283685
-0.0002447296792
0.0007887437416
-4.188477581e-06
0.000661623834
1.28780034e-05
4.955177011e-06
0.0004657616107
-1.797616122e-05
0.0003434219624
0.0002218358367
-6.625987412e-05
0.001314575652
-1.761868842e-05
0.0002337137744
-0.0001290077112
0.0001517259956
-5.455266158e-06
8.198399575e-05
-2.052954544e-06
7.207461066e-06
4.243257991e-06
2.356830707e-05
6.846343397e-06
1.665415828e-05
1.274170442e-05
-0.0005963994857
0.01406998434
-0.000297548921
0.0007522370759
-0.000193104234
0.0002934259999
-0.0001362052371
0.0001624158385
-0.0001167506238
0.0001165890125
-0.0001277204197
9.110842938e-05
-0.0001731252471
9.327178737e-05
-0.0002407304201
0.0001467208298
-0.0003276592349
0.0002092858906
-0.0004911090774
0.0002591574742
-0.0007149891142
0.0003607175433
-0.0009027175715
0.0005305395078
-0.0009931400286
0.0006957937913
-0.0009895908038
0.0008311778636
-0.0009189016286
0.0009442597237
-0.000794175478
0.00101629745
-0.0006326900124
0.001050174149
-0.0004524650252
0.001044828156
-0.0002774654944
0.0009977674274
-0.0001272315391
0.0008673562963
-2.316479034e-05
-8.124094312e-06
-5.715297664e-06
-3.701741525e-05
5.518605116e-05
6.224601311e-05
-0.000162109587
0.001226355625
7.424996434e-07
0.0003631139404
-0.0001056677116
1.990297769e-05
-3.952560088e-05
0.0001365146037
-5.438001803e-06
4.880945612e-05
3.853801102e-05
7.69161421e-05
2.578657959e-05
0.0001298468187
7.957182472e-05
-0.0007484594894
0.01499355218
-0.0003679285321
0.001003635345
-0.000227114901
0.0003893025329
-0.0001534298194
0.0002055370914
-0.0001228122255
0.0001382826816
-0.0001213960566
9.876924449e-05
-0.0001392056971
8.841314236e-05
-0.0001622774035
0.0001131554425
-0.00020114687
0.0001494605727
-0.0002970640657
0.0002025022643
-0.0004823175304
0.0003172714845
-0.0007124328014
0.0005264977105
-0.0008807310975
0.0007771301867
-0.0009163257152
0.0009616576239
-0.0008732385224
0.001087893561
-0.0007781106838
0.001170186715
-0.0006335805789
0.001230950372
-0.0004557114296
0.001244648531
-0.0002582758734
0.001173197652
-5.125775438e-06
0.0009459418255
-2.194397467e-05
-6.018871928e-07
-0.0001004003293
-3.284286077e-06
-0.0004159089361
8.540135513e-05
-0.0003302428833
0.0009271870535
-0.0005364858602
0.0004091182278
-0.0004445670289
-0.002822876592
-0.0004539062314
0.0002381378083
-0.0008161175585
-0.0002805466267
-1.965042054e-05
-0.003037045278
-2.274364774e-05
0.0004044278443
0.0002853713165
-0.0009090061331
0.01594524752
-0.0004404256928
0.001276030515
-0.0002551560138
0.0004877925909
-0.0001605714623
0.0002414620061
-0.0001176844614
0.0001511444334
-0.0001077871593
9.997060772e-05
-0.0001159568822
8.393529638e-05
-0.0001307036565
9.94742801e-05
-0.000160361409
0.0001307333721
-0.0002283242488
0.0001920768352
-0.0003680436691
0.0003235065451
-0.0005859718949
0.0005723054291
-0.000798681825
0.000925242712
-0.0008531394247
0.001143196142
-0.0008136513261
0.001191156549
-0.0007474916567
0.001256638683
-0.0006311017415
0.001367596951
-0.0004571661339
0.001430923289
-0.0002421353387
0.001331161247
-2.856183111e-07
0.001001197321
-1.797799314e-06
-7.527918873e-11
-1.115311806e-05
4.509326154e-08
9.916684495e-07
2.63054223e-05
-0.0008269854908
0.0004262826574
-0.001991290794
0.0001547549892
-0.001350102405
-0.004161016903
-0.002295117279
0.0005423963552
-0.001588950327
-0.0006323002942
-0.0001004717031
-0.001455530265
-0.0001737581386
0.000695226353
0.0006772715204
-0.001093777997
0.0167296348
-0.0005261492548
0.001492592987
-0.000287915731
0.0005633437157
-0.0001701269914
0.0002546860375
-0.0001106342407
0.0001447702177
-9.670920435e-05
9.828498468e-05
-0.000102817268
8.277554998e-05
-0.000118096812
9.662952878e-05
-0.0001521624931
0.0001288159516
-0.00022676262
0.0002029263945
-0.0003728866561
0.0003715030091
-0.000601017228
0.0006994222841
-0.0008011576791
0.001137427424
-0.0007997904332
0.00134239633
-0.0007218271914
0.001239274037
-0.0006798005775
0.001241318475
-0.0006079339071
0.001409139527
-0.0004537503755
0.001552730225
-0.0002264598518
0.001451254675
-1.715270999e-08
0.001022217145
-7.872926323e-08
3.184943693e-08
-3.173004927e-07
1.284600268e-07
3.35305539e-06
1.187897818e-05
-0.000645689517
0.0001257105832
-0.0004584475196
-0.0001740271944
-0.0005537903688
-0.000822708218
-0.0008051151526
0.0007165172066
-0.0003776765949
-0.0002180376522
-0.0004281562212
-0.0004075495888
-0.0003532332046
0.0008466675122
0.0006563739148
-0.00200223612
0.01703533373
-0.001065864646
0.001348931238
-0.0005527387238
0.0004550571606
-0.0002902251381
0.0001719839325
-0.0001483063459
7.679518256e-05
-8.940374852e-05
5.554678003e-05
-9.566078984e-05
8.314823283e-05
-0.0001117922014
9.820812646e-05
-0.0001504469622
0.0001334571796
-0.000239291837
0.000218441146
-0.0004080351321
0.0004216694324
-0.0006715723857
0.0008380359345
-0.0008722441312
0.001365056682
-0.0007929203377
0.001554110433
-0.000635134306
0.001283896979
-0.0005947165499
0.001152562146
-0.0005468847462
0.001321430544
-0.000418625389
0.001547666682
-0.000205952543
0.001485495461
-1.286024716e-08
0.0009968029316
-2.8027489e-08
2.814639612e-08
5.737262708e-10
5.438989451e-08
1.734713245e-06
6.231249443e-06
-7.2712487e-06
6.777336861e-05
-8.172798911e-06
-3.535516032e-05
-5.327872071e-05
-5.815374991e-05
-0.0001619166179
0.0006381282712
-0.0005053603212
6.925032816e-05
-0.00173867122
0.0003173254355
-0.000843244614
0.0012660981
0.000641131765
-0.006532435211
0.01815003846
-0.006230913972
-0.0005936406033
-0.004262181829
-0.004648851319
-0.002867551162
-0.005561432971
-0.0008123299589
-0.006785332682
-0.0001315999546
-0.004910425482
-0.0002096305572
0.0001048283491
-0.0002324784046
8.147740328e-05
-0.0002338291051
8.179833658e-05
-0.000246385807
0.000161479848
-0.0004340106663
0.000443214217
-0.0007405734226
0.0009160542453
-0.00096850285
0.001556232633
-0.0008541039653
0.001795817362
-0.000632185898
0.001443697843
-0.0005502360564
0.00111508948
-0.0005037206499
0.001161827256
-0.0003877128721
0.001416206759
-0.0001838500158
0.001397362607
-8.897854127e-09
0.0008977984395
-1.265616028e-08
2.008071977e-08
2.970695757e-10
2.484601189e-08
1.141145817e-06
3.29306866e-06
2.643868888e-06
5.449424593e-05
-5.977288492e-06
-5.907034725e-08
-5.643420038e-05
-5.317626937e-08
0.0001863754915
0.0003203378803
-0.0002900774871
0.0004893828767
-0.002131657273
0.0005042900637
-0.001212334673
0.001762325082
0.0007843275188
-0.002967562425
0.01645470672
-0.003072099445
3.345497279e-05
-0.003008664426
-0.002730976917
-0.002167970305
-0.003466202703
-0.001368311095
-0.005215054319
-0.001015376184
-0.005605431194
-0.001906955651
-0.005231098227
-0.001571046312
-0.002048114434
-0.0006067021193
-0.0004410471812
-0.0002813288438
6.08891588e-05
-0.0004286232834
0.0004065471977
-0.0007643273176
0.0009187050348
-0.001053246693
0.001657125463
-0.000987683412
0.002040740099
-0.0007521776773
0.001740233905
-0.000623903206
0.001295659989
-0.000567288913
0.001171130073
-0.0004080853657
0.00125540377
-0.0001794459102
0.00115019769
-1.473484528e-05
0.0006733112113
-1.715804717e-05
1.47514101e-05
-2.040320024e-05
1.183753153e-05
-2.719563167e-05
1.729340965e-05
-1.597983789e-06
3.443418933e-05
-4.11144939e-07
3.272365692e-06
7.793452102e-08
1.115859494e-06
0.0002659515299
0.0001533197468
0.0005297655055
0.0003578088832
0.0006060865473
0.0005008699109
-0.000483304156
0.002207676857
0.002037649132
0.0008863488189
0.01351713566
0.0006691182306
0.000663933884
-0.0009482698573
-0.0006136868131
-0.0007968275149
-0.003896500095
-0.0006738511867
-0.005895128161
-0.0006751413365
-0.006109735024
-0.0005044367108
-0.005028647546
-0.0003852568266
-0.003624934498
-0.000167541993
-0.0003174475702
-0.0002239390446
9.531142538e-05
-0.0003912410919
0.0003881352646
-0.0007211042072
0.0008623253271
-0.001073466241
0.001627836482
-0.001121497571
0.00219434995
-0.0009534427274
0.002059799295
-0.0008337779604
0.001621607192
-0.0007132637445
0.001332538799
-0.0004521039688
0.001117696333
-0.0002027876176
0.000798827414
-5.260137233e-05
0.0003965640172
-4.644380415e-05
5.549659016e-05
-3.656094688e-05
4.175279355e-05
-2.7014792e-05
3.886219129e-05
-6.386380666e-06
3.662390876e-05
-1.437180983e-06
1.268715547e-05
6.012465321e-07
5.371135629e-06
0.0001557518094
0.0001255690511
0.0005045258334
0.0003304612947
0.0009282270441
0.0006058070329
0.002051768818
0.0001137623225
0.001606756632
0.000845700778
0.01184014019
0.0006169789674
0.0008230637914
-0.0006604066461
0.0007390521796
0.0001535670344
-0.004382354287
0.001043369783
-0.00647395147
0.0008122262739
-0.00804188983
-0.0001663773291
-0.005448532448
-0.0001316613907
0.0008695861015
-0.0001059731912
-5.095061567e-06
-0.0002009549205
0.0001469920983
-0.0003373565462
0.0003747822405
-0.0006229923426
0.0007791141583
-0.0009936887953
0.001463334265
-0.001156574625
0.00214592805
-0.001078515955
0.002206854907
-0.0009828265861
0.001833268746
-0.0008137816635
0.001418116905
-0.0005027693354
0.0009742007381
-0.0002797169672
0.0005902103135
-0.0001612706957
0.0003187210964
-0.0001220570219
0.0001655083565
-7.933231992e-05
0.0001320813006
-4.29999012e-05
9.918841736e-05
-1.439095089e-05
6.683836799e-05
-3.278752497e-06
3.309185713e-05
1.95159266e-06
1.50457981e-05
0.0001563713374
0.0001485584532
0.0005298855023
0.0003671538291
0.0008731487719
0.0007158905549
0.001531805252
-0.001362440379
-0.000493916864
0.0008865594544
0.01092715655
0.000684785794
0.0009596489938
0.0002924276466
0.0008545768758
0.0011297947
-0.004499197128
0.00173662788
-0.006630923091
-0.004117819527
-0.006647670741
-0.01108975036
-0.002611029916
-0.001350542229
0.001958030798
-0.000112459799
0.0006127365109
-0.0001185459062
0.0001557059129
-0.0001523743279
0.0002916770728
-0.0003538914019
0.0008476499973
-0.0008229850076
0.001564023889
-0.001050313637
0.001910074865
-0.001028490815
0.00204270285
-0.000937056282
0.001742042574
-0.0007776693603
0.001268455301
-0.0005754452988
0.0008443665736
-0.0004617056479
0.0005971102886
-0.0003992651518
0.0004863778923
-0.000323492068
0.0004510660995
-0.0002035885338
0.0003972551084
-9.286480818e-05
0.00028184984
-2.81902542e-05
0.0001582411622
-7.268563259e-06
7.490718042e-05
4.020956301e-06
3.806115456e-05
0.0001978810666
0.0002156008117
0.0005043928569
0.0003950862366
0.0005899188232
0.0006426975649
0.000369553894
-0.000751326994
-0.0005207049142
0.0007273672114
0.01083334749
0.0006772751828
0.0009982762428
0.001894475118
-0.000411338961
0.00307911575
-0.005079939355
0.004110771244
-0.006679939105
0.004494398815
-0.006316482456
0.003079402651
-0.004353693788
-0.003113828244
-0.001206392156
-0.000203697897
0.006002429273
-2.265303082e-05
0.0006824452523
9.138157316e-05
0.0003377271882
3.636341302e-05
0.001549201099
-0.0006275185288
0.001861398808
-0.000833243092
0.001471176206
-0.0008226944403
0.001581201051
-0.0007193181867
0.001354920453
-0.0006123976239
0.0009521166094
-0.0005848789371
0.0007042487129
-0.0006485438323
0.0006507841291
-0.000743500507
0.0007527317639
-0.0007510421005
0.0009520823784
-0.0005432389462
0.001004039594
-0.0002346889908
0.000787487595
-5.637844693e-05
0.0004242368531
-1.855776551e-05
0.0001675944979
4.909135074e-06
0.0001001296915
0.0001759917446
0.0002738430307
0.0003069143161
0.0003378934656
0.0003013843671
0.0004314400566
0.0001056385051
-0.0002917376873
-0.0003034430843
0.0008718863695
0.01122399804
0.0008481720237
0.001055005967
0.003278764077
-0.002542120502
0.004654221515
-0.005867153107
0.005347459628
-0.00663771504
0.005664686336
-0.005695396788
0.005549656008
-0.003736594198
0.002215778874
-0.001326752363
-0.001113034335
0.005598246055
-1.208402616e-05
0.007173451274
0.0004045799514
0.00129109452
-0.0001006472743
0.003029384126
-0.0004835311874
0.001730417434
-0.0005793996567
0.0009913468878
-0.0005661842748
0.001063460323
-0.0004610995323
0.000913835754
-0.000404204398
0.0006543827272
-0.0004575561108
0.0005274717097
-0.000612918067
0.0005706707444
-0.0009001986506
0.0008043828003
-0.001224517974
0.001302903047
-0.001083526394
0.001892210563
-0.000503276814
0.001849115889
-0.0001183469644
0.0009976264459
-4.930829105e-05
0.0003772097524
-1.213428686e-05
0.000258193315
8.783695772e-05
0.0002743991967
0.0001215230942
0.0002241775926
0.0001158450292
0.000252600743
3.218382606e-05
-9.5377262e-05
-0.0001070614736
0.001295297413
0.0117579774
0.001524215616
0.0009762412031
0.004076868153
-0.004998725143
0.005399995534
-0.006737827715
0.005849639412
-0.006555150445
0.005703506555
-0.005030190459
0.005641438796
-0.002663796371
0.004233053048
-0.0003370139767
0.0002602671552
0.002270138633
-0.0003141549081
0.01927603785
0.0005034499445
0.004758599743
-0.0002967785752
0.003705639175
-0.0003718275586
0.001291948852
-0.0003838509117
0.000652423221
-0.0003534480839
0.0006858128382
-0.0002782314729
0.0006034488797
-0.0002374172841
0.0004454566608
-0.0002741758961
0.0003622707473
-0.0004065945634
0.0003986360428
-0.000712491677
0.0005861262105
-0.001338823952
0.001096559261
-0.001874898831
0.002146098695
-0.001507059638
0.002418536396
-0.0002346768973
0.001124280296
-0.0001160040928
0.0007971056343
-5.909092853e-05
0.0005331402173
-4.220168684e-06
0.0002527673855
1.903806287e-05
0.0001458260772
2.587769808e-05
0.0001296423305
6.332984611e-06
-3.660526049e-05
-2.852465477e-05
0.00162036891
0.01230150727
0.003701417597
-0.0009580229428
0.005845192014
-0.006980626226
0.006181135476
-0.006707286686
0.005914566561
-0.005831277107
0.00515313347
-0.004019298983
0.004424526622
-0.001492398116
0.003394110721
0.0009664178036
0.001546734289
0.0017608928
-0.0003391198641
0.01587395444
-0.0002604650852
0.009039401219
-0.000342788607
0.003362114012
-0.0002877625494
0.0008931652609
-0.0002708302815
0.0004566634344
-0.0002376822517
0.0004648315268
-0.0001815386917
0.0004187314664
-0.0001421873421
0.0003215050693
-0.0001450396257
0.000254338561
-0.0002070720564
0.0002561461486
-0.0004207931355
0.0003425277181
-0.001187355256
0.0005990964989
-0.002735423243
0.0008579012396
-0.002853450799
-0.000466547381
-0.0003974087352
-0.001087443965
-0.0002364595824
0.001470086207
-0.0001026191576
0.0009208152224
-3.771588158e-05
0.0002716770984
-1.639350549e-05
0.0001413089667
-1.052508545e-06
6.467849036e-05
6.51970623e-07
-2.316845851e-05
0.0001301623549
0.001903734119
0.01231934133
0.005183924497
-0.004900124443
0.005881056054
-0.007955191257
0.005383656208
-0.006322426469
0.004484347698
-0.00462941666
0.003071716149
-0.002515285434
0.002147758552
-0.0004979512615
0.002167167833
0.001274113314
0.001759532554
0.001723238768
0.0004312776373
0.006587190632
-0.0005306685334
0.01047092481
-0.0003189632592
0.00289471658
-0.0002294521439
0.0006474446222
-0.0002045456543
0.0003552531681
-0.0001747045942
0.0003520469518
-0.0001335204035
0.0003240949468
-9.945731173e-05
0.0002590483385
-8.555132365e-05
0.0002002537107
-9.55533082e-05
0.0001785624529
-0.0001461980221
0.0002068451449
-0.0002729068406
0.0003109204743
-0.0003832060454
0.000425331149
-0.0005955942017
5.447068646e-05
-0.0005855561251
0.0001773719008
-0.0004079230482
0.002151283168
-0.0001635982865
0.001365661114
-8.112369811e-05
0.0004226817723
-1.953289227e-05
0.0002812322073
-2.242797583e-06
6.574009683e-05
-8.369903683e-06
-2.380879016e-05
0.0003183283487
0.003178550133
0.01063426795
0.005687164477
-0.007654197202
0.005177929948
-0.008052875855
0.003889258961
-0.00559002126
0.001617868105
-0.002221318021
-0.001359979108
-0.001362868226
-0.002343499146
-0.001208789544
-0.00125680085
-0.001085812605
0.00105295832
-0.0008340086929
0.0009863397821
0.0008665495149
-0.0009821600576
0.01064511091
-0.0005052536059
0.002618283285
-0.0003692731291
0.0004549663722
-0.000340486019
0.0002442771612
-0.0003901199496
0.0002406407111
-0.0006828515208
0.0002733206584
-0.001364472274
0.0003677605818
-0.002070469381
0.000502223137
-0.002359408698
0.0005792923592
-0.002145805887
0.0006246665341
-0.001518300771
0.000737773078
-0.0007376623285
0.0009051792086
-0.0002992775207
0.0008085549748
4.218973347e-05
0.0006417812136
0.001550649143
0.002816633733
0.002504332717
0.004560831034
-9.05813812e-05
0.002529288086
-0.0001626447496
0.0002951867009
-2.845817179e-05
-0.0002089567099
-3.446778563e-05
-6.436879991e-05
0.0001026697397
0.005812157517
0.006406294965
0.006228294323
-0.008547034513
0.003339312137
-0.006719787446
-0.0004914133192
-0.002804641794
-0.001901835618
-0.00187642526
-0.002694931064
-0.00181260274
-0.00328638194
-0.002382669859
-0.003587595076
-0.003084875754
-0.003812741216
-0.003456898001
-0.005295044825
-0.0003206462593
-0.003559537761
0.006512708901
-0.002184833664
0.002219322516
-0.001614790702
0.0002426268076
-0.001379545814
-0.0002947751765
-0.001248102537
-0.001010194202
-0.001282984244
-0.0009021997899
-0.001559394107
-0.0005348083258
-0.002090534075
-9.01336507e-05
-0.002669288263
5.924452709e-05
-0.002980819077
0.0003233161108
-0.002706969747
0.001060088076
-0.001877707154
0.00205188037
-0.0008630373836
0.002483346042
0.0002640101792
0.002354560441
0.001916151656
0.002561500083
0.001344743695
0.003289466204
-0.0006877019848
0.001668775879
-0.0001968224224
0.0003222949893
-6.67029121e-05
-0.0004403270499
-2.719303618e-05
-0.0001270426585
5.075911093e-05
0.009123854295
-0.0003334644024
-0.00883498528
-0.0120044878
-0.01422648264
-0.0170865539
-0.02087946853
-0.02541035659
-0.02998317549
-0.03163890919
-0.02663276086
-0.02304168948
-0.02071818363
-0.01860954945
-0.01657526641
-0.01446774624
-0.01225172801
-0.01007714492
-0.008298662145
-0.007322658107
-0.007395324707
-0.008273768452
-0.008740092311
-0.005151940141
-0.005838507144
-0.01089669964
-0.01232269553
-0.007827476359
-0.006441139088
-0.002304843648
)
;

boundaryField
{
    walls
    {
        type            calculated;
        value           nonuniform List<scalar> 
79
(
2.32484791e-09
2.164413607e-09
2.044464216e-09
1.913041328e-09
1.768920817e-09
1.624125535e-09
1.461925706e-09
1.240115996e-09
9.728913033e-10
8.561369574e-10
8.603828332e-10
1.042108614e-09
7.846376447e-10
6.549083035e-10
4.397824551e-10
4.328530261e-10
4.588389022e-10
3.832882702e-10
2.865768306e-10
2.230948059e-10
1.523678046e-10
-1.028222978e-11
-1.442066435e-10
-2.186694799e-10
-2.655687943e-10
-2.928225845e-10
-3.498483455e-10
-4.016964467e-10
-4.284697969e-10
-4.306527538e-10
-4.161811485e-10
-3.916323709e-10
-3.621719264e-10
-3.256262345e-10
-3.104856699e-10
-3.129673138e-10
-2.18528563e-10
-1.267616993e-10
-7.550892034e-11
-4.360345421e-11
-2.495632921e-11
-1.438485111e-11
-9.536825446e-12
-9.578572749e-12
-1.397934176e-11
-2.255581501e-11
-3.402063032e-11
-6.159431881e-11
-5.175633771e-11
-1.756206833e-10
-3.708752839e-10
-5.397773781e-10
-7.731625717e-10
-1.035446147e-09
-1.47044999e-09
-2.127096808e-09
-3.018312129e-09
-4.064933554e-09
-4.837798599e-09
-4.285268357e-09
-3.896046065e-09
-3.918591204e-09
-3.96106239e-09
-3.982365836e-09
-3.940871734e-09
-3.823897793e-09
-3.654024019e-09
-3.512900486e-09
-3.521193145e-09
-3.769095402e-09
-4.236805997e-09
-5.148064736e-09
-4.707333954e-09
-4.00388329e-09
-6.077360147e-09
-5.615561194e-09
-2.819035862e-09
-1.172771055e-09
-1.956606551e-10
)
;
    }
    wallFilmFace_top
    {
        type            calculated;
        value           uniform 0;
    }
    region0_to_wallFilmRegion_wallFilmFace
    {
        type            calculated;
        value           uniform 0;
    }
    mirrorFace_top
    {
        type            calculated;
        value           nonuniform List<scalar> 0();
    }
    region0_to_wallFilmRegion_mirrorFace
    {
        type            calculated;
        value           nonuniform List<scalar> 0();
    }
    procBoundary1to0
    {
        type            processor;
        value           nonuniform List<scalar> 
52
(
0.01051836081
0.001714654984
0.003274221809
0.0006371910584
0.0005149607692
0.0005178215641
0.000453803657
-0.0002646572857
0.0002724835644
0.000168196749
8.077451914e-05
2.534387295e-05
-2.119329606e-06
1.947117115e-06
6.019578096e-06
5.198291266e-06
5.422493185e-05
0.0002512765304
0.001076525605
0.0009588900032
1.703291233e-05
-0.0001975201624
-0.0007916999073
-0.0004333527409
-0.0009573912605
-0.0006567971426
-0.000438136668
0.0003770047176
-0.000456367111
0.0003231677786
-0.0008597738209
-0.001544789576
-0.002361630217
-0.0008366619254
-0.000212558511
0.003052976455
0.0006998065257
0.004100392806
0.001185548326
0.0005572170091
0.001414802804
-0.0003568007811
0.0004383937714
0.0001697558207
0.0003790649412
-0.0002609784997
-0.0002613399967
-0.0003310651038
-0.0002912072793
-0.0004560088097
0.0002223380216
0.0001785633218
)
;
    }
    procBoundary1to2
    {
        type            processor;
        value           nonuniform List<scalar> 
33
(
0.0001986444886
0.0001026657938
-0.0005605091182
-0.0005522617366
-0.001439800387
-0.0009277195626
-0.0006908236145
0.0005116485818
-0.00075237982
-0.0003287306132
-0.0002838583442
-3.60750663e-05
-4.306993041e-06
1.018764026e-06
7.590324629e-06
1.758965318e-05
-1.414224975e-05
-0.0001890940198
-0.0003066195871
-0.0005080171981
-0.0005770332045
-0.0006465123333
-0.0005514706547
-0.000345406627
-9.451192084e-05
6.934821797e-05
6.618286333e-05
6.258357992e-05
-4.973359348e-06
-1.915922255e-07
9.79498397e-05
8.315748657e-05
-0.0003499956619
)
;
    }
}


// ************************************************************************* //
