/*--------------------------------*- C++ -*----------------------------------*\
  =========                 |
  \\      /  F ield         | OpenFOAM: The Open Source CFD Toolbox
   \\    /   O peration     | Website:  https://openfoam.org
    \\  /    A nd           | Version:  8
     \\/     M anipulation  |
\*---------------------------------------------------------------------------*/
FoamFile
{
    version     2.0;
    format      ascii;
    class       volScalarField;
    location    "1.4/wallFilmRegion";
    object      Cp;
}
// * * * * * * * * * * * * * * * * * * * * * * * * * * * * * * * * * * * * * //

dimensions      [0 2 -2 -1 0 0 0];

internalField   nonuniform List<scalar> 
1369
(
4182.948097
4182.948097
4182.948097
4182.948097
4182.948097
4182.948097
4182.948097
4182.948097
4182.948097
4182.948097
4182.948097
4182.948097
4182.948098
4182.948097
4182.948097
4182.948097
4182.948097
4182.948097
4182.948097
4182.948097
4182.948098
4182.948098
4182.948098
4182.948099
4182.948099
4182.948099
4182.948099
4182.948099
4182.948099
4182.948099
4182.948099
4182.948099
4182.948099
4182.948099
4182.948099
4182.948098
4182.948098
4182.948098
4182.948098
4182.948098
4182.948098
4182.948099
4182.948099
4182.948099
4182.948099
4182.948099
4182.948099
4182.948098
4182.948098
4182.948098
4182.948099
4182.948099
4182.948099
4182.948099
4182.948099
4182.948099
4182.948099
4182.948098
4182.948098
4182.948099
4182.948097
4182.948097
4182.948097
4182.948097
4182.948097
4182.948097
4182.948097
4182.948097
4182.948097
4182.948097
4182.948097
4182.948098
4182.948099
4182.948099
4182.948099
4182.948098
4182.948097
4182.948097
4182.948097
4182.948097
4182.948096
4182.948095
4182.948094
4182.948096
4182.948097
4182.948098
4182.948098
4182.948098
4182.948099
4182.948099
4182.948099
4182.948099
4182.948099
4182.948099
4182.948098
4182.948098
4182.948098
4182.948096
4182.948099
4182.948099
4182.948098
4182.948098
4182.948098
4182.948098
4182.948098
4182.948098
4182.948098
4182.948098
4182.948098
4182.948098
4182.948098
4182.948098
4182.948099
4182.948099
4182.948099
4182.948099
4182.948098
4182.948098
4182.948099
4182.948098
4182.948097
4182.948097
4182.948097
4182.948097
4182.948097
4182.948097
4182.948097
4182.948097
4182.948097
4182.948097
4182.948097
4182.948098
4182.948099
4182.948099
4182.948099
4182.948099
4182.948098
4182.948097
4182.948096
4182.948096
4182.948095
4182.948092
4182.948092
4182.948095
4182.948096
4182.948097
4182.948097
4182.948098
4182.948098
4182.948099
4182.948099
4182.948099
4182.948099
4182.948098
4182.948098
4182.948098
4182.948098
4182.948098
4182.948099
4182.948099
4182.948099
4182.948098
4182.948098
4182.948098
4182.948098
4182.948098
4182.948098
4182.948098
4182.948098
4182.948098
4182.948098
4182.948098
4182.948098
4182.948098
4182.948098
4182.948098
4182.948098
4182.948098
4182.948098
4182.948099
4182.948097
4182.948097
4182.948097
4182.948097
4182.948097
4182.948097
4182.948097
4182.948097
4182.948097
4182.948097
4182.948097
4182.948099
4182.948099
4182.948098
4182.948099
4182.948098
4182.948097
4182.948096
4182.948094
4182.948093
4182.948089
4182.94808
4182.948089
4182.948095
4182.948096
4182.948097
4182.948097
4182.948097
4182.948098
4182.948098
4182.948099
4182.948099
4182.948098
4182.948098
4182.948098
4182.948098
4182.948098
4182.948098
4182.948098
4182.948097
4182.948097
4182.948096
4182.948096
4182.948096
4182.948097
4182.948097
4182.948098
4182.948098
4182.948098
4182.948098
4182.948098
4182.948098
4182.948098
4182.948098
4182.948098
4182.948098
4182.948098
4182.948098
4182.948098
4182.948099
4182.948097
4182.948097
4182.948097
4182.948097
4182.948097
4182.948097
4182.948097
4182.948097
4182.948097
4182.948097
4182.948097
4182.948099
4182.948099
4182.948097
4182.948099
4182.948098
4182.948097
4182.948095
4182.948081
4182.948073
4182.948059
4182.948043
4182.948082
4182.948094
4182.948096
4182.948096
4182.948096
4182.948097
4182.948098
4182.948098
4182.948099
4182.948098
4182.948098
4182.948098
4182.948098
4182.948098
4182.948098
4182.948098
4182.948098
4182.948097
4182.948097
4182.948096
4182.948096
4182.948096
4182.948097
4182.948097
4182.948098
4182.948098
4182.948098
4182.948098
4182.948098
4182.948098
4182.948098
4182.948098
4182.948098
4182.948098
4182.948098
4182.948098
4182.948098
4182.948099
4182.948097
4182.948097
4182.948097
4182.948097
4182.948097
4182.948097
4182.948097
4182.948097
4182.948097
4182.948097
4182.948097
4182.948099
4182.948098
4182.948092
4182.948098
4182.948095
4182.948062
4182.948037
4182.948015
4182.947986
4182.947942
4182.947878
4182.947981
4182.948088
4182.948095
4182.948095
4182.948096
4182.948097
4182.948097
4182.948098
4182.948099
4182.948098
4182.948098
4182.948098
4182.948098
4182.948098
4182.948098
4182.948098
4182.948098
4182.948096
4182.948096
4182.948096
4182.948096
4182.948095
4182.948096
4182.948097
4182.948098
4182.948098
4182.948098
4182.948098
4182.948098
4182.948098
4182.948098
4182.948098
4182.948098
4182.948098
4182.948098
4182.948098
4182.948098
4182.948098
4182.948097
4182.948097
4182.948097
4182.948097
4182.948097
4182.948097
4182.948097
4182.948097
4182.948097
4182.948097
4182.948097
4182.948099
4182.948098
4182.948081
4182.948074
4182.948063
4182.948042
4182.948005
4182.947947
4182.947874
4182.947783
4182.947628
4182.947332
4182.947826
4182.948093
4182.948094
4182.948095
4182.948096
4182.948097
4182.948097
4182.948098
4182.948097
4182.948097
4182.948097
4182.948096
4182.948099
4182.948098
4182.948099
4182.948098
4182.948096
4182.948096
4182.948096
4182.948097
4182.948097
4182.948097
4182.948098
4182.948098
4182.948098
4182.948098
4182.948098
4182.948098
4182.948098
4182.948098
4182.948098
4182.948098
4182.948098
4182.948098
4182.948098
4182.948098
4182.948098
4182.948097
4182.948097
4182.948097
4182.948097
4182.948097
4182.948097
4182.948097
4182.948097
4182.948097
4182.948096
4182.948097
4182.948098
4182.948098
4182.948082
4182.948078
4182.948068
4182.948046
4182.947994
4182.947885
4182.947726
4182.947565
4182.947317
4182.947057
4182.947541
4182.94805
4182.948085
4182.948093
4182.948095
4182.948096
4182.948095
4182.948095
4182.948095
4182.948096
4182.948096
4182.948096
4182.948099
4182.948098
4182.948099
4182.948098
4182.948096
4182.948096
4182.948096
4182.948098
4182.948098
4182.948098
4182.948098
4182.948098
4182.948097
4182.948097
4182.948098
4182.948098
4182.948098
4182.948098
4182.948098
4182.948098
4182.948098
4182.948098
4182.948098
4182.948098
4182.948098
4182.948097
4182.948097
4182.948097
4182.948097
4182.948097
4182.948097
4182.948097
4182.948097
4182.948096
4182.948095
4182.948097
4182.948098
4182.948098
4182.948085
4182.948082
4182.948077
4182.94806
4182.94801
4182.947851
4182.947497
4182.947173
4182.946737
4182.946849
4182.947338
4182.947953
4182.948067
4182.94809
4182.948093
4182.948093
4182.94809
4182.94809
4182.948092
4182.948095
4182.948096
4182.948098
4182.948098
4182.948097
4182.948098
4182.948096
4182.948096
4182.948096
4182.948097
4182.948097
4182.948097
4182.948096
4182.948095
4182.948095
4182.948096
4182.948097
4182.948097
4182.948098
4182.948098
4182.948098
4182.948098
4182.948098
4182.948098
4182.948098
4182.948098
4182.948098
4182.948098
4182.948097
4182.948096
4182.948097
4182.948097
4182.948097
4182.948097
4182.948097
4182.948096
4182.948086
4182.948092
4182.948095
4182.948096
4182.948097
4182.948087
4182.948087
4182.948084
4182.948075
4182.94804
4182.947889
4182.947281
4182.946466
4182.945603
4182.946684
4182.947249
4182.947729
4182.947999
4182.948079
4182.94809
4182.948087
4182.948068
4182.948064
4182.948089
4182.948095
4182.948097
4182.948098
4182.948098
4182.948096
4182.948095
4182.948095
4182.948096
4182.948096
4182.948096
4182.948096
4182.948095
4182.948094
4182.948087
4182.948092
4182.948095
4182.948096
4182.948097
4182.948098
4182.948098
4182.948098
4182.948098
4182.948098
4182.948098
4182.948098
4182.948098
4182.948098
4182.948098
4182.948097
4182.948096
4182.948096
4182.948096
4182.948096
4182.948095
4182.948092
4182.948088
4182.948082
4182.948081
4182.948083
4182.948086
4182.948088
4182.948089
4182.948089
4182.948088
4182.948084
4182.948065
4182.947963
4182.947401
4182.945877
4182.945977
4182.946783
4182.947374
4182.947463
4182.947759
4182.948017
4182.948088
4182.948093
4182.948095
4182.948095
4182.948093
4182.948095
4182.948099
4182.948098
4182.948097
4182.948094
4182.948095
4182.948095
4182.948095
4182.948096
4182.948096
4182.948096
4182.948096
4182.948094
4182.948086
4182.948091
4182.948095
4182.948096
4182.948097
4182.948098
4182.948098
4182.948098
4182.948098
4182.948098
4182.948098
4182.948098
4182.948098
4182.948098
4182.948098
4182.948097
4182.948096
4182.948096
4182.948096
4182.948095
4182.948094
4182.948092
4182.948088
4182.948083
4182.948081
4182.948083
4182.948087
4182.948089
4182.948091
4182.948091
4182.948092
4182.94809
4182.948081
4182.948024
4182.947847
4182.947651
4182.947684
4182.947822
4182.947821
4182.94766
4182.946863
4182.947639
4182.947928
4182.948074
4182.948088
4182.948091
4182.948095
4182.948099
4182.9481
4182.948099
4182.948094
4182.948093
4182.948094
4182.948094
4182.948094
4182.948095
4182.948096
4182.948096
4182.948096
4182.948095
4182.948087
4182.948089
4182.948093
4182.948095
4182.948097
4182.948098
4182.948098
4182.948098
4182.948098
4182.948098
4182.948098
4182.948098
4182.948097
4182.948098
4182.948098
4182.948088
4182.948083
4182.948082
4182.948085
4182.948088
4182.94809
4182.948092
4182.948093
4182.948094
4182.948093
4182.948091
4182.948088
4182.948065
4182.948033
4182.948043
4182.948044
4182.947999
4182.947912
4182.947102
4182.947928
4182.948048
4182.948084
4182.948091
4182.948093
4182.9481
4182.9481
4182.9481
4182.948099
4182.948092
4182.948093
4182.948094
4182.948095
4182.94809
4182.948094
4182.948095
4182.948096
4182.948096
4182.948096
4182.94809
4182.948085
4182.948091
4182.948094
4182.948096
4182.948097
4182.948097
4182.948098
4182.948098
4182.948097
4182.948097
4182.948097
4182.948097
4182.948097
4182.948098
4182.948089
4182.948091
4182.948093
4182.948095
4182.948095
4182.948096
4182.948096
4182.948097
4182.948097
4182.948092
4182.948089
4182.948085
4182.948062
4182.948042
4182.947801
4182.948068
4182.948097
4182.9481
4182.9481
4182.9481
4182.9481
4182.9481
4182.948099
4182.948099
4182.948092
4182.948093
4182.948096
4182.948098
4182.946041
4182.946014
4182.948084
4182.948096
4182.948097
4182.948097
4182.948094
4182.948083
4182.948084
4182.948091
4182.948095
4182.948097
4182.948097
4182.948097
4182.948097
4182.948096
4182.948096
4182.948095
4182.948096
4182.948097
4182.948098
4182.948094
4182.948096
4182.948097
4182.948098
4182.948098
4182.948098
4182.948098
4182.948098
4182.948098
4182.948099
4182.948096
4182.948098
4182.9481
4182.948101
4182.948101
4182.948101
4182.948101
4182.948101
4182.9481
4182.948099
4182.948099
4182.948099
4182.948094
4182.948094
4182.948097
4182.948099
4182.946032
4182.945985
4182.945975
4182.945968
4182.948098
4182.948098
4182.948097
4182.948094
4182.948091
4182.948092
4182.948095
4182.948095
4182.948095
4182.948093
4182.948092
4182.94809
4182.948092
4182.948093
4182.948096
4182.948097
4182.948098
4182.948099
4182.948098
4182.948098
4182.948099
4182.948099
4182.948099
4182.948099
4182.948099
4182.948099
4182.9481
4182.948101
4182.948101
4182.948101
4182.948101
4182.9481
4182.948099
4182.948099
4182.948099
4182.948095
4182.948094
4182.948098
4182.9481
4182.946025
4182.945963
4182.945952
4182.945942
4182.948098
4182.948098
4182.948097
4182.948097
4182.948095
4182.948096
4182.948096
4182.948096
4182.948095
4182.948094
4182.948093
4182.948094
4182.948095
4182.948095
4182.948096
4182.948097
4182.948098
4182.948098
4182.948098
4182.948099
4182.9481
4182.948102
4182.948101
4182.9481
4182.948101
4182.948101
4182.948101
4182.948101
4182.948101
4182.9481
4182.948099
4182.948099
4182.948099
4182.948097
4182.948094
4182.948098
4182.948101
4182.946015
4182.945943
4182.945932
4182.945923
4182.948098
4182.948098
4182.948098
4182.948097
4182.948097
4182.948096
4182.948096
4182.948096
4182.948095
4182.948095
4182.948095
4182.948095
4182.948096
4182.948096
4182.948096
4182.948097
4182.948098
4182.948103
4182.948102
4182.948101
4182.948101
4182.948101
4182.948101
4182.948101
4182.948101
4182.9481
4182.9481
4182.9481
4182.948099
4182.948099
4182.948095
4182.948098
4182.948101
4182.945998
4182.945921
4182.945915
4182.94591
4182.948098
4182.948098
4182.948098
4182.948097
4182.948097
4182.948097
4182.948096
4182.948096
4182.948097
4182.948097
4182.948097
4182.948097
4182.948097
4182.948097
4182.948097
4182.948097
4182.948098
4182.948101
4182.948101
4182.948102
4182.948101
4182.948101
4182.948101
4182.948101
4182.948101
4182.948101
4182.948101
4182.9481
4182.948097
4182.948097
4182.948102
4182.945973
4182.945898
4182.945896
4182.945892
4182.948098
4182.948098
4182.948097
4182.948097
4182.948097
4182.948097
4182.948097
4182.948097
4182.948097
4182.948097
4182.948098
4182.948098
4182.948098
4182.948098
4182.948097
4182.948098
4182.948098
4182.9481
4182.948102
4182.948102
4182.948101
4182.948101
4182.948101
4182.948101
4182.948101
4182.948101
4182.948101
4182.948099
4182.948097
4182.948103
4182.94594
4182.945875
4182.945877
4182.945878
4182.948098
4182.948098
4182.948097
4182.948097
4182.948097
4182.948097
4182.948097
4182.948097
4182.948097
4182.948098
4182.948098
4182.948098
4182.948098
4182.948098
4182.948098
4182.948098
4182.948098
4182.948102
4182.948103
4182.948102
4182.948102
4182.948101
4182.948101
4182.948101
4182.948102
4182.948102
4182.948101
4182.9481
4182.948097
4182.948103
4182.945904
4182.945853
4182.945858
4182.945871
4182.948096
4182.948096
4182.948097
4182.948097
4182.948096
4182.948096
4182.948096
4182.948097
4182.948097
4182.948097
4182.948098
4182.948098
4182.948098
4182.948098
4182.948098
4182.948098
4182.948098
4182.948103
4182.948103
4182.948102
4182.9481
4182.948101
4182.948102
4182.948102
4182.948102
4182.948102
4182.948101
4182.948099
4182.948103
4182.9459
4182.945838
4182.945842
4182.945858
4182.947298
4182.947815
4182.948097
4182.948098
4182.948097
4182.948097
4182.948097
4182.948097
4182.948097
4182.948097
4182.948097
4182.948098
4182.948098
4182.948098
4182.948098
4182.948098
4182.948098
4182.948103
4182.948103
4182.948101
4182.9481
4182.948099
4182.948101
4182.948101
4182.948102
4182.948102
4182.9481
4182.948097
4182.948102
4182.945957
4182.94583
4182.945831
4182.945842
4182.947673
4182.948097
4182.948098
4182.948098
4182.948098
4182.948097
4182.948097
4182.948097
4182.948097
4182.948097
4182.948097
4182.948097
4182.948098
4182.948098
4182.948098
4182.948098
4182.948098
4182.948102
4182.948103
4182.948103
4182.948101
4182.9481
4182.948101
4182.948103
4182.948101
4182.948101
4182.948101
4182.948101
4182.948101
4182.946132
4182.945828
4182.945838
4182.946793
4182.947874
4182.948098
4182.948098
4182.948098
4182.948098
4182.948098
4182.948098
4182.948097
4182.948097
4182.948097
4182.948097
4182.948097
4182.948097
4182.948098
4182.948098
4182.948099
4182.948098
4182.948103
4182.948103
4182.948103
4182.948102
4182.948103
4182.948103
4182.948101
4182.948101
4182.948101
4182.948101
4182.948101
4182.946461
4182.945856
4182.946214
4182.948099
4182.948098
4182.948098
4182.948098
4182.948098
4182.948098
4182.948098
4182.948098
4182.948098
4182.948097
4182.948097
4182.948097
4182.948096
4182.948097
4182.948097
4182.948097
4182.948098
4182.948098
4182.948103
4182.948104
4182.948103
4182.948104
4182.948103
4182.948102
4182.948101
4182.948101
4182.948101
4182.948101
4182.947081
4182.946432
4182.946555
4182.948099
4182.948098
4182.948098
4182.948098
4182.948098
4182.948098
4182.948098
4182.948098
4182.948097
4182.948097
4182.948097
4182.948097
4182.948097
4182.948097
4182.948097
4182.948097
4182.948097
4182.948098
4182.948103
4182.948104
4182.948104
4182.948104
4182.948104
4182.948103
4182.948103
4182.948102
4182.948102
4182.948101
4182.9481
4182.948097
4182.948092
4182.948098
4182.948098
4182.948097
4182.948097
4182.948097
4182.948097
4182.948097
4182.948097
4182.948097
4182.948097
4182.948097
4182.948097
4182.948097
4182.948097
4182.948095
4182.948092
4182.948087
4182.948098
4182.948103
4182.948104
4182.948104
4182.948104
4182.948104
4182.948104
4182.948103
4182.948103
4182.948103
4182.948102
4182.948101
4182.948098
4182.948093
4182.948098
4182.948098
4182.948097
4182.948097
4182.948096
4182.948096
4182.948095
4182.948096
4182.948096
4182.948096
4182.948097
4182.948097
4182.948097
4182.948097
4182.948094
4182.948093
4182.948091
4182.948098
4182.948104
4182.948103
4182.948103
4182.948102
4182.948102
4182.9481
4182.948096
4182.948098
4182.948098
4182.948098
4182.948098
4182.948097
4182.948097
4182.948096
4182.948095
4182.948095
4182.948095
4182.948096
4182.948097
4182.948097
4182.948097
4182.948097
4182.948097
4182.948097
4182.948096
4182.948098
4182.948104
4182.948103
4182.948103
4182.948102
4182.948101
4182.948099
4182.948098
4182.948097
4182.948097
4182.948097
4182.948098
4182.948098
4182.948097
4182.948096
4182.948096
4182.948095
4182.948095
4182.948096
4182.948097
4182.948098
4182.948098
4182.948098
4182.948098
4182.948097
4182.948097
4182.948098
)
;

boundaryField
{
    walls
    {
        type            zeroGradient;
    }
    wallFilmFace_top
    {
        type            zeroGradient;
    }
    region0_to_wallFilmRegion_wallFilmFace
    {
        type            zeroGradient;
    }
    mirrorFace_top
    {
        type            zeroGradient;
    }
    region0_to_wallFilmRegion_mirrorFace
    {
        type            zeroGradient;
    }
    procBoundary0to1
    {
        type            processor;
        value           nonuniform List<scalar> 
52
(
4182.948097
4182.948096
4182.948096
4182.948096
4182.948095
4182.948094
4182.948092
4182.948092
4182.948088
4182.948084
4182.948083
4182.948086
4182.948086
4182.94809
4182.948092
4182.948092
4182.948096
4182.948097
4182.948098
4182.948099
4182.948099
4182.9481
4182.9481
4182.9481
4182.948098
4182.948098
4182.948098
4182.948102
4182.948102
4182.948103
4182.948102
4182.948102
4182.948101
4182.948101
4182.948101
4182.948103
4182.948103
4182.948104
4182.948101
4182.948102
4182.948102
4182.948103
4182.948103
4182.948103
4182.948103
4182.948103
4182.948103
4182.948104
4182.948104
4182.948104
4182.948104
4182.948104
)
;
    }
    procBoundary0to2
    {
        type            processor;
        value           nonuniform List<scalar> 
26
(
4182.948104
4182.948106
4182.948102
4182.948101
4182.948102
4182.948101
4182.948098
4182.948065
4182.948096
4182.948097
4182.948098
4182.948098
4182.948098
4182.948097
4182.948096
4182.948096
4182.948097
4182.948097
4182.948097
4182.948098
4182.948098
4182.948098
4182.948098
4182.948097
4182.948097
4182.948098
)
;
    }
}


// ************************************************************************* //
