/*--------------------------------*- C++ -*----------------------------------*\
  =========                 |
  \\      /  F ield         | OpenFOAM: The Open Source CFD Toolbox
   \\    /   O peration     | Website:  https://openfoam.org
    \\  /    A nd           | Version:  8
     \\/     M anipulation  |
\*---------------------------------------------------------------------------*/
FoamFile
{
    version     2.0;
    format      ascii;
    class       volVectorField;
    location    "1.6/wallFilmRegion";
    object      contactForce:contactAngle;
}
// * * * * * * * * * * * * * * * * * * * * * * * * * * * * * * * * * * * * * //

dimensions      [1 -2 -2 0 0 0 0];

internalField   nonuniform List<vector> 
1369
(
(0 -307.8662241 0)
(0 0 0)
(0 0 0)
(0 0 0)
(0 0 0)
(0 0 0)
(0 0 0)
(0 -471.8132347 -1.395111648e-12)
(0 0 0)
(0 0 0)
(0 0 0)
(0 0 0)
(0 0 0)
(0 0 0)
(0 0 0)
(0 0 0)
(0 0 0)
(735.4456124 674.1584768 0)
(0 -242.6748192 0)
(0 0 0)
(0 0 0)
(0 0 0)
(0 0 0)
(0 0 0)
(0 0 0)
(0 0 0)
(0 0 0)
(534.6403856 490.0870192 -1.449145661e-12)
(0 0 0)
(0 0 0)
(0 0 0)
(0 -243.2330243 7.192193792e-13)
(0 0 0)
(0 0 0)
(0 0 0)
(0 0 0)
(0 0 0)
(0 0 0)
(0 0 0)
(449.9331756 412.4387458 -1.219546316e-12)
(0 0 0)
(0 0 0)
(0 0 0)
(0 0 0)
(0 0 0)
(0 0 0)
(0 -623.5121557 0)
(0 0 0)
(0 -287.4021512 8.498237427e-13)
(0 0 0)
(0 0 0)
(0 0 0)
(0 0 0)
(0 0 0)
(0 0 0)
(0 0 0)
(0 572.7627829 0)
(0 0 0)
(0 0 0)
(0 0 0)
(0 0 0)
(-685.2498396 0 0)
(0 0 0)
(0 0 0)
(326.2623316 0 0)
(-560.1375785 0 0)
(0 0 0)
(0 -256.5555786 0)
(0 0 0)
(0 0 0)
(0 0 0)
(0 0 0)
(0 0 0)
(0 0 0)
(0 0 0)
(-1097.654941 1006.1837 -2.975199679e-12)
(-704.2000289 0 0)
(0 0 0)
(0 0 0)
(0 -785.0043719 0)
(0 0 0)
(0 424.4194119 -1.254972128e-12)
(0 0 0)
(0 -452.9210117 0)
(0 0 0)
(0 546.2003905 0)
(0 0 0)
(0 0 0)
(0 0 0)
(0 0 0)
(0 0 0)
(375.4163804 -344.1316832 0)
(0 0 0)
(0 0 0)
(0 0 0)
(0 0 0)
(0 0 0)
(0 0 0)
(0 0 0)
(0 0 0)
(0 454.6769383 0)
(0 0 0)
(0 0 0)
(553.8382822 0 0)
(0 0 0)
(0 0 0)
(0 -518.9642705 0)
(0 0 0)
(-845.7440697 775.2653959 0)
(0 0 0)
(0 0 0)
(0 0 0)
(0 0 0)
(0 0 0)
(0 0 0)
(0 0 0)
(0 0 0)
(1024.596131 -939.2131181 0)
(0 0 0)
(0 0 0)
(0 0 0)
(0 0 0)
(0 0 0)
(0 0 0)
(0 0 0)
(0 659.7625808 0)
(0 0 0)
(0 0 0)
(0 0 0)
(-363.005358 0 0)
(-601.4421246 0 0)
(-981.1521236 -899.389445 0)
(0 0 0)
(0 0 0)
(-908.9819834 833.2334833 0)
(0 0 0)
(0 0 0)
(0 0 0)
(0 0 0)
(0 0 0)
(0 0 0)
(0 0 0)
(0 0 0)
(-387.3841402 0 0)
(591.9080641 0 0)
(5.063240757e-06 -850.908524 0)
(0 0 0)
(0 0 0)
(0 0 0)
(0 0 0)
(0 0 0)
(0 722.347051 0)
(0 0 0)
(0 0 0)
(-767.2618159 -703.3233338 0)
(0 0 0)
(0 0 0)
(0 0 0)
(0 0 0)
(0 0 0)
(0 0 0)
(0 292.9972779 0)
(0 0 0)
(0 0 0)
(0 0 0)
(0 0 0)
(0 0 0)
(0 0 0)
(0 -783.8675018 0)
(0 0 0)
(0 0 0)
(0 0 0)
(0 0 0)
(0 0 0)
(0 0 0)
(0 0 0)
(1029.554578 943.7583665 0)
(0 0 0)
(-479.8741638 0 0)
(-1068.067009 -979.0614233 0)
(0 0 0)
(0 0 0)
(0 0 0)
(0 0 0)
(0 0 0)
(0 0 0)
(0 0 0)
(0 293.2318487 0)
(0 0 0)
(0 0 0)
(0 0 0)
(0 0 0)
(0 0 0)
(0 0 0)
(0 0 0)
(-946.2108369 -867.3599323 0)
(0 0 0)
(0 0 0)
(0 0 0)
(0 0 0)
(0 0 0)
(0 0 0)
(0 0 0)
(-703.6452535 645.0081479 0)
(-687.4671816 -630.1782486 0)
(0 0 0)
(0 0 0)
(0 0 0)
(0 0 0)
(0 0 0)
(-5.017316357e-12 775.6835437 0)
(927.6453157 -850.3415378 0)
(0 0 0)
(0 0 0)
(0 762.0932817 0)
(0 0 0)
(0 0 0)
(0 0 0)
(0 0 0)
(0 0 0)
(0 0 0)
(0 -771.7920577 0)
(0 0 0)
(0 0 0)
(0 0 0)
(0 0 0)
(0 0 0)
(0 0 0)
(0 0 0)
(0 0 0)
(0 0 0)
(0 0 0)
(0 0 0)
(0 0 0)
(0 0 0)
(0 0 0)
(0 0 0)
(0 0 0)
(-945.9913401 867.1587316 0)
(657.9330683 0 0)
(517.2050063 0 0)
(0 0 0)
(0 0 0)
(0 0 0)
(0 0 0)
(0 0 0)
(0 0 0)
(0 0 0)
(0 -554.5923776 0)
(0 0 0)
(0 0 0)
(0 0 0)
(0 0 0)
(0 0 0)
(0 0 0)
(0 0 0)
(0 0 0)
(0 0 0)
(0 0 0)
(0 0 0)
(504.012025 462.0110246 0)
(317.7113777 0 0)
(854.71283 -783.4867636 0)
(0 0 0)
(0 0 0)
(0 0 0)
(0 365.4021045 0)
(0 0 0)
(0 0 0)
(-243.6003086 0 0)
(-358.5579007 0 0)
(0 0 0)
(0 0 0)
(0 0 0)
(0 0 0)
(0 0 0)
(0 -257.0003747 0)
(0 0 0)
(0 0 0)
(0 0 0)
(0 0 0)
(0 0 0)
(0 0 0)
(0 0 0)
(0 0 0)
(0 0 0)
(0 0 0)
(0 0 0)
(-442.8061025 405.9055932 1.200228352e-12)
(0 0 0)
(0 0 0)
(289.7727205 0 7.854305371e-13)
(4.01387461e-11 -1010.197939 2.987069477e-12)
(0 0 0)
(0 778.4327324 2.301759452e-12)
(0 0 0)
(0 -514.425714 -1.521113129e-12)
(0 0 0)
(0 0 0)
(0 415.8410955 1.229606788e-12)
(0 0 0)
(0 0 0)
(0 0 0)
(0 0 0)
(0 0 0)
(0 -254.0095647 0)
(0 0 0)
(0 0 0)
(0 0 0)
(0 0 0)
(0 0 0)
(0 0 0)
(0 0 0)
(0 0 0)
(0 0 0)
(0 0 0)
(0 0 0)
(0 0 0)
(-723.6216645 663.3198616 0)
(-351.5957384 0 -9.530021586e-13)
(-671.9802874 -615.9819323 0)
(0 0 0)
(0 0 0)
(0 542.8835822 0)
(0 0 0)
(0 -299.017869 -8.841704236e-13)
(0 0 0)
(419.5635165 384.5998894 0)
(0 0 0)
(0 0 0)
(0 0 0)
(0 0 0)
(0 0 0)
(0 0 0)
(0 -353.8626229 0)
(0 0 0)
(0 0 0)
(0 0 0)
(0 0 0)
(0 0 0)
(0 0 0)
(0 0 0)
(0 0 0)
(0 0 0)
(664.3352279 608.9739611 0)
(-8.867179755e-06 -1490.182032 0)
(0 0 0)
(0 0 0)
(0 0 0)
(0 0 0)
(0 0 0)
(0 0 0)
(0 322.9856895 0)
(0 0 0)
(0 0 0)
(386.0953101 0 0)
(0 0 0)
(0 0 0)
(0 0 0)
(0 0 0)
(0 0 0)
(0 0 0)
(0 0 0)
(0 -678.9888319 -4.015424574e-12)
(0 0 0)
(0 0 0)
(0 0 0)
(0 0 0)
(0 0 0)
(0 0 0)
(0 0 0)
(0 0 0)
(-4.974941891e-12 769.132397 0)
(-743.9918811 -681.9925565 0)
(0 0 0)
(0 0 0)
(0 0 0)
(0 0 0)
(0 0 0)
(0 0 0)
(0 0 0)
(0 247.6538256 0)
(0 0 0)
(0 0 0)
(0 0 0)
(0 0 0)
(0 0 0)
(0 0 0)
(0 0 0)
(0 0 0)
(0 0 0)
(0 0 0)
(0 0 0)
(0 0 0)
(0 0 0)
(0 0 0)
(0 0 0)
(0 -241.3206621 0)
(0 0 0)
(0 0 0)
(679.4175717 622.7994396 -1.841565008e-12)
(396.9163675 0 0)
(340.3094672 0 0)
(517.9672191 0 0)
(467.1811727 0 0)
(6.455215619e-06 -1084.832368 3.207757106e-12)
(0 0 0)
(0 0 0)
(0 0 0)
(0 0 0)
(0 0 0)
(0 0 0)
(0 0 0)
(0 0 0)
(810.6278553 743.0755327 0)
(0 0 0)
(0 0 0)
(0 0 0)
(0 0 0)
(0 0 0)
(0 0 0)
(0 0 0)
(0 0 0)
(0 0 0)
(0 0 0)
(0 0 0)
(-540.6842087 0 0)
(0 0 0)
(0 0 0)
(0 0 0)
(0 0 0)
(0 -441.6946626 0)
(0 0 0)
(-9.704926321e-06 1630.973897 -4.822651189e-12)
(-643.0513691 0 0)
(-410.7737541 0 -1.113404485e-12)
(-239.1872159 0 -6.483182442e-13)
(-689.0229303 0 -1.867600384e-12)
(-529.7577896 -485.6113062 -1.435911358e-12)
(0 0 0)
(0 0 0)
(0 0 0)
(0 0 0)
(0 0 0)
(0 0 0)
(0 0 0)
(0 0 0)
(0 0 0)
(0 521.6308098 -1.542417969e-12)
(0 0 0)
(0 0 0)
(0 0 0)
(0 0 0)
(0 0 0)
(0 0 0)
(0 0 0)
(0 0 0)
(0 0 0)
(0 0 0)
(0 -544.1418187 -1.608981109e-12)
(0 0 0)
(0 440.3807445 -1.302168431e-12)
(0 0 0)
(0 0 0)
(0 0 0)
(0 -660.8817865 -1.954171293e-12)
(0 0 0)
(0 0 0)
(0 0 0)
(0 0 0)
(0 0 0)
(0 0 0)
(0 0 0)
(0 0 0)
(0 0 0)
(0 0 0)
(0 0 0)
(0 0 0)
(0 0 0)
(0 0 0)
(0 0 0)
(0 0 0)
(0 347.8591556 0)
(0 0 0)
(0 0 0)
(0 0 0)
(0 0 0)
(0 0 0)
(0 0 0)
(0 0 0)
(0 0 0)
(0 0 0)
(0 0 0)
(0 0 0)
(643.4949581 0 0)
(0 0 0)
(0 0 0)
(0 0 0)
(0 -497.5457038 -1.471200357e-12)
(0 0 0)
(0 0 0)
(0 0 0)
(0 0 0)
(0 0 0)
(0 0 0)
(0 0 0)
(0 0 0)
(0 0 0)
(0 0 0)
(0 0 0)
(0 0 0)
(0 0 0)
(0 0 0)
(0 0 0)
(0 0 0)
(-563.0223235 516.1037984 0)
(0 0 0)
(0 0 0)
(0 0 0)
(0 0 0)
(0 0 0)
(0 0 0)
(0 0 0)
(0 0 0)
(0 0 0)
(0 0 0)
(0 0 0)
(0 0 0)
(0 0 0)
(0 0 0)
(0 0 0)
(970.6162639 -889.7315785 0)
(0 0 0)
(0 0 0)
(0 0 0)
(0 0 0)
(0 0 0)
(0 0 0)
(0 0 0)
(0 0 0)
(0 0 0)
(439.1180945 402.5249214 0)
(804.2414866 -737.2213654 0)
(0 0 0)
(0 0 0)
(0 0 0)
(0 0 0)
(0 0 0)
(0 743.183674 0)
(0 0 0)
(0 0 0)
(0 0 0)
(0 0 0)
(0 0 0)
(0 0 0)
(0 0 0)
(0 0 0)
(0 0 0)
(0 0 0)
(0 0 0)
(0 0 0)
(0 0 0)
(0 0 0)
(0 0 0)
(556.2851133 -509.9280196 0)
(0 0 0)
(0 0 0)
(0 0 0)
(0 0 0)
(0 0 0)
(0 0 0)
(0 0 0)
(5.682471823e-11 2135.285424 0)
(-238.0434887 0 0)
(-645.2943872 0 0)
(929.980364 0 0)
(-690.3973778 0 0)
(1176.775685 0 0)
(2.202670921e-11 -1655.382115 0)
(0 0 0)
(0 347.8415805 0)
(0 0 0)
(0 0 0)
(0 0 0)
(0 0 0)
(0 0 0)
(0 0 0)
(0 0 0)
(0 0 0)
(0 0 0)
(0 0 0)
(0 0 0)
(0 0 0)
(0 0 0)
(0 0 0)
(0 0 0)
(-747.0114815 -684.7605272 0)
(0 0 0)
(0 0 0)
(0 0 0)
(0 0 0)
(0 0 0)
(0 0 0)
(0 0 0)
(0 0 0)
(0 0 0)
(0 0 0)
(0 0 0)
(0 0 0)
(0 0 0)
(0 0 0)
(0 0 0)
(-884.4713306 810.7653894 0)
(0 0 0)
(0 0 0)
(0 0 0)
(0 0 0)
(0 0 0)
(0 0 0)
(0 0 0)
(0 0 0)
(0 0 0)
(0 0 0)
(0 0 0)
(0 0 0)
(0 0 0)
(0 -645.1403106 0)
(0 0 0)
(0 0 0)
(0 0 0)
(0 0 0)
(0 0 0)
(0 0 0)
(0 0 0)
(0 0 0)
(0 0 0)
(0 0 0)
(0 0 0)
(0 0 0)
(0 0 0)
(0 0 0)
(0 0 0)
(0 0 0)
(0 0 0)
(0 710.2765582 0)
(0 0 0)
(0 0 0)
(0 0 0)
(0 0 0)
(0 0 0)
(0 0 0)
(0 0 0)
(0 0 0)
(0 0 0)
(0 0 0)
(0 0 0)
(0 0 0)
(-554.1426959 -507.964137 0)
(0 0 0)
(0 0 0)
(0 0 0)
(-1623.834671 1668.941189 0)
(0 0 0)
(0 0 0)
(0 0 0)
(0 0 0)
(0 0 0)
(0 0 0)
(0 0 0)
(0 0 0)
(0 0 0)
(0 0 0)
(0 0 0)
(0 0 0)
(0 0 0)
(-705.8110716 646.9934811 0)
(0 0 0)
(0 0 0)
(0 0 0)
(0 0 0)
(0 0 0)
(0 0 0)
(0 0 0)
(0 0 0)
(0 0 0)
(0 0 0)
(-373.8866046 0 0)
(0 -241.5117369 0)
(0 0 0)
(0 0 0)
(0 0 0)
(0 0 0)
(0 0 0)
(0 0 0)
(0 0 0)
(0 0 0)
(0 0 0)
(0 0 0)
(0 0 0)
(0 0 0)
(0 0 0)
(0 0 0)
(0 0 0)
(0 0 0)
(0 0 0)
(0 0 0)
(0 0 0)
(-433.0480414 396.9607061 0)
(0 0 0)
(0 0 0)
(0 0 0)
(0 0 0)
(0 0 0)
(0 0 0)
(0 0 0)
(0 0 0)
(-574.1952768 -526.3456723 0)
(0 0 0)
(0 -721.7002661 2.134006346e-12)
(0 0 0)
(0 0 0)
(0 0 0)
(0 0 0)
(0 0 0)
(0 0 0)
(0 0 0)
(0 0 0)
(0 0 0)
(693.4238641 635.6385444 0)
(-1.272337379e-05 -2138.247757 0)
(0 0 0)
(0 0 0)
(0 0 0)
(0 0 0)
(0 0 0)
(0 0 0)
(0 0 0)
(0 0 0)
(0 0 0)
(0 721.8403289 0)
(0 0 0)
(0 0 0)
(0 0 0)
(0 0 0)
(0 0 0)
(-381.9197574 0 0)
(-521.0995643 -477.6745998 0)
(0 0 0)
(0 0 0)
(0 -331.8011398 9.811077798e-13)
(0 0 0)
(0 0 0)
(0 0 0)
(0 0 0)
(0 0 0)
(0 0 0)
(0 0 0)
(0 0 0)
(1.864359584e-11 1401.129639 0)
(-574.5084232 -526.6327203 0)
(0 0 0)
(0 0 0)
(0 0 0)
(0 0 0)
(0 0 0)
(0 0 0)
(0 0 0)
(0 0 0)
(0 0 0)
(0 0 0)
(-690.0464828 632.5426081 0)
(0 0 0)
(0 0 0)
(0 0 0)
(0 0 0)
(0 -640.5945148 -1.894183554e-12)
(0 0 0)
(0 0 0)
(0 0 0)
(0 0 0)
(0 0 0)
(835.4594224 -765.8378024 0)
(0 0 0)
(0 0 0)
(0 0 0)
(0 0 0)
(0 0 0)
(0 0 0)
(0 0 0)
(0 0 0)
(0 0 0)
(0 0 0)
(0 0 0)
(0 0 0)
(0 0 0)
(0 0 0)
(0 0 0)
(0 0 0)
(0 0 0)
(0 0 0)
(0 0 0)
(0 0 0)
(0 639.841897 0)
(0 0 0)
(0 0 0)
(0 0 0)
(0 -529.2712351 0)
(0 0 0)
(0 0 0)
(0 0 0)
(0 0 0)
(0 0 0)
(0 -418.2324689 0)
(0 0 0)
(0 0 0)
(0 0 0)
(0 0 0)
(0 0 0)
(0 0 0)
(0 0 0)
(0 0 0)
(0 0 0)
(0 0 0)
(0 0 0)
(0 0 0)
(0 0 0)
(0 0 0)
(0 0 0)
(0 0 0)
(0 0 0)
(0 0 0)
(0 0 0)
(0 0 0)
(0 723.2474823 0)
(0 0 0)
(0 0 0)
(0 0 0)
(-294.0832834 0 0)
(499.9519082 0 0)
(466.1486367 0 0)
(762.9588201 -699.378921 0)
(0 0 0)
(0 0 0)
(0 0 0)
(685.9415331 0 0)
(665.001673 0 1.802490656e-12)
(576.9158591 0 0)
(3.042933372e-11 -1151.430005 0)
(0 0 0)
(0 0 0)
(0 0 0)
(0 0 0)
(0 0 0)
(0 0 0)
(0 0 0)
(0 0 0)
(0 0 0)
(0 0 0)
(0 0 0)
(0 0 0)
(0 0 0)
(0 0 0)
(0 0 0)
(0 0 0)
(0 489.139915 0)
(0 0 0)
(0 0 0)
(-635.6863518 -582.7124881 0)
(0 0 0)
(0 784.1818369 0)
(0 0 0)
(0 0 0)
(405.7427033 0 0)
(0 0 0)
(0 0 0)
(0 0 0)
(0 0 0)
(0 -683.5661513 0)
(0 0 0)
(0 0 0)
(0 0 0)
(0 0 0)
(0 0 0)
(0 0 0)
(0 0 0)
(0 0 0)
(0 0 0)
(0 0 0)
(0 0 0)
(0 0 0)
(0 0 0)
(0 0 0)
(0 0 0)
(7.629695236e-06 1282.226825 -3.791435739e-12)
(845.0309371 0 0)
(0 0 0)
(0 0 0)
(0 -348.0667315 0)
(0 0 0)
(0 0 0)
(0 586.2044011 0)
(0 0 0)
(0 0 0)
(0 -597.5518554 0)
(0 0 0)
(0 0 0)
(0 0 0)
(0 0 0)
(0 -728.6889703 0)
(0 0 0)
(0 0 0)
(0 0 0)
(0 0 0)
(0 0 0)
(0 0 0)
(0 0 0)
(0 0 0)
(0 0 0)
(0 0 0)
(0 0 0)
(0 0 0)
(0 0 0)
(0 0 0)
(0 0 0)
(0 0 0)
(0 0 0)
(-996.3821449 913.3502979 0)
(0 0 0)
(0 0 0)
(402.3232464 0 0)
(561.4640842 0 0)
(0 0 0)
(0 0 0)
(0 0 0)
(-751.6512804 -689.0136725 0)
(0 0 0)
(0 0 0)
(0 0 0)
(0 0 0)
(0 0 0)
(1073.306044 -983.8638721 0)
(0 0 0)
(0 0 0)
(0 0 0)
(0 0 0)
(0 0 0)
(0 0 0)
(0 0 0)
(0 0 0)
(0 0 0)
(0 0 0)
(0 0 0)
(0 0 0)
(0 0 0)
(0 0 0)
(0 0 0)
(0 0 0)
(0 0 0)
(-413.445983 378.9921504 0)
(0 0 0)
(0 0 0)
(0 0 0)
(0 0 0)
(0 0 0)
(-553.6505732 -507.5130245 0)
(0 0 0)
(0 0 0)
(0 0 0)
(0 0 0)
(0 0 0)
(0 0 0)
(0 0 0)
(427.9676203 -392.3036512 0)
(0 0 0)
(0 0 0)
(0 0 0)
(1653.048171 1.680223507e-11 0)
(0 0 0)
(0 0 0)
(0 0 0)
(0 0 0)
(0 0 0)
(0 0 0)
(0 0 0)
(0 0 0)
(0 0 0)
(0 0 0)
(0 0 0)
(0 0 0)
(0 0 0)
(-589.736635 540.5919174 0)
(0 0 0)
(0 0 0)
(0 0 0)
(0 -546.8561914 0)
(0 0 0)
(0 0 0)
(0 0 0)
(0 0 0)
(0 0 0)
(0 0 0)
(0 0 0)
(0 0 0)
(0 0 0)
(803.6177807 -736.649635 0)
(0 0 0)
(0 0 0)
(0 -1498.151336 0)
(0 0 0)
(0 0 0)
(0 0 0)
(0 0 0)
(0 0 0)
(0 0 0)
(0 0 0)
(0 0 0)
(0 0 0)
(0 0 0)
(0 0 0)
(0 0 0)
(0 0 0)
(0 0 0)
(0 512.5705492 0)
(0 0 0)
(0 0 0)
(0 0 0)
(-5.794602261e-06 -973.8128764 0)
(0 0 0)
(0 0 0)
(0 0 0)
(0 0 0)
(0 0 0)
(0 0 0)
(0 0 0)
(0 0 0)
(0 0 0)
(354.8029032 0 0)
(671.0083421 0 0)
(0 0 0)
(-5.600980701e-11 -1409.635255 0)
(0 0 0)
(0 0 0)
(0 0 0)
(0 0 0)
(0 0 0)
(0 0 0)
(0 0 0)
(0 0 0)
(0 0 0)
(0 0 0)
(0 0 0)
(0 0 0)
(0 0 0)
(0 480.6633197 0)
(0 0 0)
(0 0 0)
(0 -777.0354679 0)
(0 0 0)
(0 0 0)
(0 0 0)
(0 0 0)
(0 0 0)
(0 0 0)
(0 0 0)
(0 0 0)
(0 0 0)
(0 0 0)
(0 0 0)
(0 0 0)
(0 -282.8182617 0)
(0 0 0)
(0 0 0)
(0 0 0)
(0 0 0)
(0 0 0)
(1600.136148 0 0)
(0 0 0)
(0 0 0)
(0 0 0)
(0 0 0)
(0 0 0)
(0 0 0)
(0 0 0)
(0 0 0)
(0 250.1185547 0)
(0 0 0)
(0 0 0)
(0 0 0)
(241.8090287 0 0)
(966.3169164 -885.7905051 0)
(0 0 0)
(0 0 0)
(0 0 0)
(0 0 0)
(0 0 0)
(0 0 0)
(0 0 0)
(0 0 0)
(0 0 0)
(0 0 0)
(0 -423.5309377 0)
(0 0 0)
(0 0 0)
(0 0 0)
(0 0 0)
(0 0 0)
(0 -747.7257827 0)
(0 0 0)
(0 0 0)
(0 0 0)
(0 0 0)
(0 0 0)
(0 0 0)
(0 0 0)
(0 0 0)
(-887.0691773 813.1467444 0)
(0 0 0)
(0 0 0)
(0 0 0)
(0 0 0)
(0 -295.7975124 0)
(0 0 0)
(0 0 0)
(0 0 0)
(0 0 0)
(0 0 0)
(0 0 0)
(0 0 0)
(0 0 0)
(0 0 0)
(0 0 0)
(0 -302.0512525 0)
(0 0 0)
(0 0 0)
(0 0 0)
(0 0 0)
(0 0 0)
(0 -1405.375595 0)
(0 0 0)
(0 0 0)
(0 0 0)
(0 0 0)
(0 0 0)
(0 0 0)
(0 0 0)
(0 0 0)
(0 0 0)
(-365.2951878 334.8539216 -9.90134596e-13)
(0 0 0)
(0 0 0)
(-560.0729154 0 0)
(-689.3318393 -631.8875182 0)
(0 0 0)
(0 0 0)
(0 0 0)
(0 0 0)
(0 0 0)
(0 0 0)
(0 0 0)
(0 0 0)
(0 0 0)
(0 0 0)
(-971.8576309 -890.8694982 0)
(0 0 0)
(0 0 0)
(0 0 0)
(0 0 0)
(0 0 0)
(0 -1068.345463 0)
(0 0 0)
(0 0 0)
(0 0 0)
(0 0 0)
(0 0 0)
(0 0 0)
(0 0 0)
(0 0 0)
(0 0 0)
(0 0 0)
(-445.4378657 408.318045 0)
(-787.0845073 -721.4941344 0)
(0 0 0)
(0 0 0)
(0 0 0)
(0 0 0)
(0 0 0)
(0 0 0)
(0 0 0)
(0 0 0)
(0 0 0)
(0 0 0)
(0 0 0)
(0 -561.62881 0)
(0 0 0)
(0 0 0)
(0 0 0)
(0 0 0)
(0 0 0)
(0 0 0)
(0 -1348.444481 0)
(0 0 0)
(0 0 0)
(0 0 0)
(0 0 0)
(0 0 0)
(0 0 0)
(0 0 0)
(0 0 0)
(0 0 0)
(0 0 0)
(0 0 0)
(0 0 0)
(0 0 0)
(0 0 0)
(0 0 0)
(0 0 0)
(0 0 0)
(0 0 0)
(0 0 0)
(0 0 0)
(0 0 0)
(0 0 0)
(0 0 0)
(0 0 0)
(931.4504122 -853.829543 0)
(0 0 0)
(579.1191472 530.8592173 0)
(246.3266518 0 0)
(639.9950046 0 0)
(422.8369637 0 0)
(0 -669.5037199 0)
(0 0 0)
(0 0 0)
(0 0 0)
(0 0 0)
(0 0 0)
(0 0 0)
(0 0 0)
(0 0 0)
(586.6881138 537.7974367 0)
(662.4263213 0 -1.795510151e-12)
(438.3743569 0 0)
(336.6472403 0 0)
(329.0184555 0 0)
(274.0385179 0 0)
(0 0 0)
(0 0 0)
(0 0 0)
(0 0 0)
(0 0 0)
(0 0 0)
(0 0 0)
(0 0 0)
(0 0 0)
(0 0 0)
(0 0 0)
(665.2434322 0 0)
(0 0 0)
(0 0 0)
(0 0 0)
(0 0 0)
(0 -338.3880981 0)
(0 0 0)
(789.0230354 723.2711145 0)
(335.3972404 0 0)
(562.454539 0 0)
(248.0437863 0 0)
(443.4276967 0 0)
(1075.637485 -986.0010261 0)
(0 0 0)
(0 655.7119248 0)
(0 0 0)
(0 0 0)
(0 0 0)
(0 0 0)
(0 0 0)
(0 0 0)
(0 0 0)
(0 0 0)
(0 0 0)
(0 0 0)
(0 0 0)
(0 0 0)
(0 0 0)
(0 0 0)
(0 0 0)
(0 0 0)
(0 0 0)
(0 0 0)
(0 0 0)
(0 0 0)
(-696.4912948 0 0)
(0 0 0)
(509.1280494 0 0)
(0 0 0)
(0 0 0)
(0 0 0)
(-449.434701 0 0)
(0 0 0)
(0 0 0)
(271.241674 0 0)
(0 0 0)
(0 0 0)
(0 0 0)
(0 0 0)
(0 0 0)
(0 0 0)
(0 0 0)
(0 0 0)
(0 0 0)
(0 0 0)
(0 0 0)
(0 0 0)
(0 0 0)
(0 0 0)
(0 0 0)
(0 0 0)
(0 0 0)
(0 0 0)
(0 0 0)
(0 0 0)
(0 -451.6805459 0)
(0 0 0)
(0 592.2043435 0)
(0 0 0)
(0 0 0)
(0 0 0)
(0 -739.41809 0)
(0 0 0)
(0 360.5391623 0)
(0 0 0)
(0 0 0)
(0 0 0)
(0 0 0)
(0 0 0)
(0 0 0)
(0 0 0)
(0 0 0)
(0 0 0)
(0 0 0)
(0 0 0)
(0 0 0)
(0 0 0)
(0 0 0)
(0 0 0)
(0 0 0)
(0 0 0)
(0 0 0)
(0 0 0)
(0 0 0)
(0 0 0)
(0 0 0)
(0 0 0)
(239.3107303 0 0)
(0 0 0)
(0 0 0)
(0 0 0)
(0 0 0)
(0 0 0)
(312.7113663 0 0)
(0 0 0)
(0 0 0)
(0 0 0)
(0 0 0)
(0 0 0)
(0 0 0)
(0 0 0)
(0 0 0)
(0 0 0)
)
;

boundaryField
{
    walls
    {
        type            calculated;
        value           uniform (0 0 0);
    }
    wallFilmFace_top
    {
        type            calculated;
        value           uniform (0 0 0);
    }
    region0_to_wallFilmRegion_wallFilmFace
    {
        type            calculated;
        value           uniform (0 0 0);
    }
    mirrorFace_top
    {
        type            calculated;
        value           nonuniform List<vector> 0();
    }
    region0_to_wallFilmRegion_mirrorFace
    {
        type            calculated;
        value           nonuniform List<vector> 0();
    }
    procBoundary1to0
    {
        type            processor;
        value           uniform (0 0 0);
    }
    procBoundary1to2
    {
        type            processor;
        value           uniform (0 0 0);
    }
}


// ************************************************************************* //
