/*--------------------------------*- C++ -*----------------------------------*\
  =========                 |
  \\      /  F ield         | OpenFOAM: The Open Source CFD Toolbox
   \\    /   O peration     | Website:  https://openfoam.org
    \\  /    A nd           | Version:  8
     \\/     M anipulation  |
\*---------------------------------------------------------------------------*/
FoamFile
{
    version     2.0;
    format      ascii;
    class       volScalarField;
    location    "1.3/wallFilmRegion";
    object      rho;
}
// * * * * * * * * * * * * * * * * * * * * * * * * * * * * * * * * * * * * * //

dimensions      [1 -3 0 0 0 0 0];

internalField   nonuniform List<scalar> 
1369
(
994.5114679
994.5114678
994.5114675
994.5114672
994.5114672
994.5114672
994.5114672
994.511468
994.5114678
994.5114675
994.5114673
994.5114673
994.5114672
994.5114672
994.511467
994.5114669
994.5114667
994.5114665
994.511468
994.5114678
994.5114676
994.5114674
994.5114674
994.5114673
994.5114671
994.5114669
994.5114666
994.5114662
994.5114657
994.5114651
994.5114643
994.511468
994.5114679
994.5114677
994.5114676
994.5114675
994.5114674
994.5114671
994.5114667
994.5114661
994.5114655
994.5114649
994.5114644
994.5114639
994.5114638
994.5114643
994.5114649
994.5114643
994.511468
994.511468
994.5114679
994.5114678
994.5114676
994.5114674
994.511467
994.5114664
994.5114656
994.5114649
994.5114644
994.5114641
994.5114643
994.511465
994.511466
994.5114668
994.5114672
994.5114652
994.5114679
994.5114681
994.5114681
994.511468
994.5114679
994.5114677
994.5114674
994.5114668
994.511466
994.5114651
994.5114645
994.5114642
994.5114644
994.5114651
994.5114661
994.5114671
994.5114678
994.5114682
994.5114683
994.5114691
994.5114625
994.5114647
994.5114691
994.5114694
994.5114681
994.5114681
994.511468
994.5114679
994.5114676
994.5114672
994.5114664
994.5114654
994.5114646
994.5114642
994.5114643
994.5114649
994.5114659
994.5114669
994.5114678
994.5114684
994.5114687
994.511469
994.5114694
994.5114609
994.5114671
994.5114692
994.5114697
994.5114702
994.5114699
994.5114681
994.5114681
994.5114679
994.5114675
994.511467
994.5114661
994.5114651
994.5114643
994.5114638
994.5114638
994.5114643
994.5114653
994.5114664
994.5114675
994.5114683
994.5114687
994.5114689
994.5114691
994.5114695
994.5114645
994.5114692
994.5114692
994.5114699
994.5114703
994.51147
994.5114698
994.5114681
994.5114681
994.5114678
994.5114671
994.5114661
994.5114646
994.5114633
994.5114626
994.5114625
994.511463
994.5114639
994.5114652
994.5114666
994.5114677
994.5114685
994.5114689
994.511469
994.5114691
994.5114694
994.5114686
994.5114691
994.5114684
994.5114692
994.5114702
994.51147
994.5114698
994.5114682
994.5114681
994.5114679
994.5114673
994.5114662
994.5114637
994.5114605
994.5114588
994.5114587
994.5114597
994.5114615
994.5114638
994.5114659
994.5114676
994.5114685
994.5114689
994.5114689
994.5114689
994.511469
994.511469
994.5114691
994.511469
994.5114688
994.5114699
994.51147
994.5114699
994.5114697
994.5114682
994.5114682
994.5114679
994.5114676
994.5114668
994.5114631
994.5114473
994.5114108
994.511367
994.5113095
994.5112109
994.5110373
994.511169
994.5113375
994.5114643
994.5114687
994.5114688
994.5114687
994.5114687
994.5114689
994.5114693
994.5114689
994.5114687
994.5114694
994.5114695
994.5114698
994.5114697
994.5114682
994.5114682
994.511468
994.511468
994.511468
994.511468
994.5114679
994.5114677
994.5114675
994.5114676
994.5114678
994.5114678
994.5114677
994.5114683
994.5114686
994.5114686
994.5114684
994.511468
994.5114681
994.5114685
994.5114688
994.5114687
994.5114686
994.5114684
994.5114687
994.5114694
994.5114699
994.5114682
994.5114681
994.5114679
994.5114681
994.5114682
994.5114682
994.5114682
994.5114682
994.5114681
994.5114681
994.5114681
994.5114682
994.5114684
994.5114685
994.5114685
994.5114685
994.5114675
994.5114642
994.5114536
994.511413
994.5114677
994.5114682
994.5114682
994.5114682
994.5114683
994.511469
994.5114696
994.51147
994.5114681
994.5114678
994.5114672
994.5114679
994.5114681
994.5114682
994.5114682
994.5114682
994.5114683
994.5114683
994.5114683
994.5114684
994.5114684
994.5114684
994.5114683
994.5114663
994.5114503
994.511394
994.5112409
994.5108693
994.5114635
994.5114666
994.5114676
994.5114682
994.5114684
994.511469
994.5114698
994.51147
994.5114699
994.511468
994.5114675
994.5114672
994.5114677
994.511468
994.5114681
994.5114682
994.5114683
994.5114683
994.5114684
994.5114684
994.5114684
994.5114684
994.5114683
994.511468
994.5114656
994.5114618
994.5114606
994.5114639
994.5114673
994.5114655
994.5114676
994.5114681
994.5114685
994.5114694
994.5114693
994.5114699
994.51147
994.5114699
994.511468
994.5114673
994.5114675
994.5114677
994.511468
994.5114681
994.5114682
994.5114683
994.5114683
994.5114684
994.5114684
994.5114683
994.5114683
994.5114681
994.5114676
994.511467
994.5114677
994.5114683
994.5114685
994.5114684
994.5114666
994.5114684
994.5114688
994.5114693
994.5114696
994.5114692
994.5114699
994.5114699
994.5114698
994.511468
994.5114674
994.5114676
994.5114678
994.511468
994.5114682
994.5114682
994.5114683
994.5114683
994.5114684
994.5114684
994.5114683
994.5114682
994.5114681
994.5114681
994.5114683
994.5114685
994.5114686
994.5114686
994.5114685
994.5114687
994.5114691
994.5114694
994.5114696
994.5114698
994.5114698
994.51147
994.51147
994.51147
994.5114701
994.5114702
994.5114702
994.5114703
994.5114702
994.511468
994.5114674
994.5114675
994.5114678
994.511468
994.5114681
994.5114682
994.5114683
994.5114683
994.5114683
994.5114683
994.5114683
994.5114683
994.5114683
994.5114684
994.5114685
994.5114686
994.5114686
994.5114686
994.5114684
994.5114686
994.5114691
994.5114693
994.5114694
994.5114699
994.5114696
994.51147
994.51147
994.5114701
994.5114701
994.5114702
994.5114702
994.5114703
994.5114702
994.511468
994.5114673
994.5114674
994.5114676
994.5114679
994.511468
994.5114682
994.5114682
994.5114683
994.5114683
994.5114683
994.5114683
994.5114683
994.5114684
994.5114685
994.5114686
994.5114686
994.5114687
994.5114686
994.5114656
994.5114685
994.5114688
994.5114686
994.5114687
994.5114697
994.51147
994.51147
994.51147
994.5114701
994.5114701
994.5114702
994.5114702
994.5114702
994.5114702
994.511468
994.5114671
994.5114672
994.5114674
994.5114677
994.5114679
994.5114681
994.5114682
994.5114682
994.5114683
994.5114683
994.5114683
994.5114684
994.5114684
994.5114685
994.5114686
994.5114686
994.5114687
994.5114681
994.511422
994.5114649
994.5114668
994.5114674
994.5114683
994.5114688
994.5114693
994.5114699
994.51147
994.51147
994.5114701
994.5114702
994.5114702
994.5114702
994.511468
994.511467
994.511467
994.5114674
994.5114678
994.5114681
994.5114682
994.5114683
994.5114683
994.5114684
994.5114684
994.5114684
994.5114684
994.5114685
994.5114685
994.5114686
994.5114688
994.5114687
994.5114672
994.511342
994.5114594
994.5114661
994.5114671
994.5114679
994.5114683
994.5114686
994.5114693
994.5114697
994.5114698
994.5114699
994.51147
994.5114699
994.511468
994.5114671
994.511467
994.5114673
994.5114678
994.5114681
994.5114683
994.5114683
994.5114684
994.5114684
994.5114684
994.5114684
994.5114685
994.5114685
994.5114685
994.5114685
994.5114683
994.5114672
994.5114641
994.5114196
994.5114245
994.5114691
994.5114684
994.5114686
994.5114681
994.5114687
994.5114691
994.5114696
994.5114696
994.5114696
994.5114694
994.5114692
994.511468
994.5114677
994.5114678
994.5114678
994.5114679
994.5114682
994.5114683
994.5114683
994.5114684
994.5114684
994.5114684
994.5114684
994.5114684
994.5114683
994.5114683
994.5114682
994.5114679
994.5114668
994.5114637
994.5114399
994.5114077
994.5114695
994.5114688
994.5114689
994.5114685
994.5114683
994.5114681
994.5114683
994.5114692
994.5114692
994.511469
994.511469
994.511468
994.5114678
994.511468
994.5114682
994.5114682
994.5114683
994.5114684
994.5114684
994.5114684
994.5114683
994.5114684
994.5114684
994.5114682
994.511468
994.5114679
994.5114679
994.5114677
994.5114669
994.5114648
994.5114578
994.5114576
994.5114689
994.5114689
994.5114688
994.5114687
994.5114685
994.5114685
994.5114686
994.5114689
994.511469
994.5114694
994.5114681
994.5114676
994.5114678
994.5114681
994.5114682
994.5114683
994.5114683
994.5114684
994.5114684
994.5114684
994.5114684
994.5114684
994.5114682
994.5114675
994.5114672
994.5114676
994.5114677
994.5114677
994.5114682
994.5114688
994.5114691
994.5114691
994.5114691
994.511469
994.5114689
994.5114689
994.5114689
994.5114687
994.5114687
994.5114689
994.511469
994.5114681
994.5114676
994.5114673
994.5114679
994.5114682
994.5114683
994.5114683
994.5114684
994.5114684
994.5114685
994.5114686
994.5114685
994.5114683
994.5114681
994.5114674
994.5114675
994.5114678
994.5114681
994.5114686
994.5114691
994.5114693
994.5114693
994.5114693
994.5114693
994.5114693
994.5114692
994.5114695
994.5114696
994.511469
994.5114691
994.5114692
994.5114681
994.5114677
994.5114665
994.5114675
994.511468
994.5114682
994.5114683
994.5114684
994.5114685
994.5114685
994.5114686
994.5114686
994.5114685
994.5114689
994.511469
994.511466
994.5114678
994.5114681
994.5114685
994.5114689
994.5114692
994.5114693
994.5114694
994.5114694
994.5114696
994.5114702
994.5114701
994.5114704
994.5114694
994.5114692
994.5114704
994.5114681
994.5114677
994.5114648
994.5114666
994.5114677
994.5114682
994.5114683
994.5114684
994.5114685
994.5114685
994.5114686
994.5114686
994.5114687
994.5114694
994.5114697
994.5114629
994.511469
994.5114681
994.5114684
994.5114687
994.5114683
994.5114692
994.5114697
994.5114695
994.5114699
994.5114699
994.5114701
994.5114709
994.5114699
994.5114697
994.5114695
994.5114681
994.5114678
994.5114592
994.5114639
994.511467
994.5114679
994.5114683
994.5114684
994.5114684
994.5114685
994.5114686
994.5114685
994.5114664
994.5114674
994.5114698
994.5114676
994.511469
994.5114681
994.5114683
994.5114685
994.5114667
994.5114685
994.5114691
994.5114692
994.5114699
994.5114702
994.5114696
994.5114699
994.5114705
994.5114703
994.5114698
994.5114681
994.5114678
994.5114594
994.5114569
994.5114642
994.511467
994.5114679
994.5114683
994.5114684
994.5114684
994.5114688
994.5114684
994.5114677
994.5114676
994.5114686
994.5114685
994.5114689
994.5114681
994.5114683
994.5114684
994.5114646
994.5114679
994.5114686
994.5114693
994.5114692
994.5114694
994.5114696
994.5114699
994.51147
994.5114701
994.5114701
994.5114681
994.5114678
994.5114612
994.5114461
994.5114562
994.5114634
994.5114665
994.5114677
994.511468
994.5114683
994.5114687
994.511468
994.5114677
994.5114677
994.5114682
994.5114682
994.5114687
994.5114682
994.5114682
994.5114683
994.5114646
994.5114675
994.5114685
994.5114695
994.5114692
994.5114692
994.5114695
994.51147
994.5114704
994.5114707
994.5114707
994.511468
994.5114678
994.5114631
994.5114481
994.5114489
994.5114566
994.5114643
994.5114674
994.5114681
994.5114682
994.5114669
994.5114677
994.5114677
994.5114677
994.5114679
994.5114682
994.5114691
994.511469
994.5114684
994.5114682
994.5114673
994.5114688
994.5114695
994.5114691
994.5114686
994.5114688
994.5114691
994.5114694
994.5114717
994.5114721
994.5114708
994.511468
994.5114678
994.5114644
994.5114564
994.511457
994.5114629
994.5114669
994.5114679
994.5114682
994.5114683
994.5114674
994.5114677
994.5114677
994.5114678
994.5114682
994.5114702
994.5114704
994.5114697
994.5114687
994.5114687
994.5114695
994.5114699
994.5114696
994.511468
994.5114666
994.5114684
994.5114685
994.5114688
994.511469
994.5114702
994.5114708
994.511468
994.5114678
994.5114654
994.5114616
994.5114629
994.511466
994.5114676
994.5114681
994.5114683
994.5114683
994.5114676
994.5114677
994.5114679
994.5114691
994.5114702
994.5114708
994.5114706
994.5114699
994.5114692
994.5114692
994.5114699
994.51147
994.5114688
994.5114663
994.5114644
994.511467
994.5114684
994.5114685
994.5114688
994.5114701
994.5114704
994.5114681
994.5114678
994.5114661
994.5114642
994.5114652
994.5114668
994.5114678
994.5114682
994.5114683
994.5114683
994.5114679
994.511469
994.5114698
994.5114699
994.5114708
994.5114709
994.5114706
994.5114701
994.5114696
994.5114695
994.5114698
994.5114695
994.5114672
994.5114638
994.5114614
994.5114658
994.5114684
994.5114686
994.5114685
994.51147
994.5114699
994.5114681
994.5114678
994.5114676
994.511468
994.5114682
994.5114683
994.5114684
994.5114684
994.5114684
994.5114684
994.5114683
994.5114687
994.5114695
994.5114695
994.5114709
994.5114708
994.5114705
994.5114701
994.5114698
994.5114697
994.5114692
994.5114685
994.5114647
994.5114603
994.5114579
994.5114631
994.5114683
994.5114684
994.5114684
994.5114703
994.5114696
994.5114681
994.5114678
994.5114677
994.5114681
994.5114683
994.5114683
994.5114684
994.5114684
994.5114684
994.5114684
994.5114687
994.5114693
994.5114692
994.5114693
994.5114708
994.5114706
994.5114704
994.5114701
994.5114698
994.5114696
994.5114679
994.5114667
994.5114608
994.5114559
994.511454
994.5114608
994.5114679
994.5114682
994.5114689
994.5114696
994.5114694
994.5114681
994.5114679
994.5114678
994.5114679
994.5114679
994.5114684
994.5114685
994.5114685
994.5114686
994.5114687
994.5114689
994.5114689
994.5114684
994.5114684
994.5114693
994.5114692
994.5114692
994.5114694
994.5114694
994.5114691
994.5114657
994.5114633
994.5114553
994.5114506
994.5114485
994.5114581
994.5114678
994.5114682
994.5114687
994.511469
994.511469
994.511468
994.5114678
994.5114678
994.5114678
994.5114678
994.5114679
994.5114686
994.5114687
994.5114688
994.5114689
994.5114689
994.5114687
994.5114685
994.5114684
994.5114688
994.5114688
994.5114688
994.5114689
994.5114685
994.5114677
994.5114621
994.5114578
994.5114479
994.5114442
994.5114425
994.5114547
994.5114675
994.511468
994.5114684
994.5114686
994.5114685
994.511468
994.5114677
994.5114677
994.5114677
994.5114677
994.5114678
994.511468
994.511469
994.511469
994.5114691
994.511469
994.5114687
994.5114685
994.5114684
994.5114686
994.5114686
994.5114686
994.5114679
994.5114666
994.5114647
994.5114558
994.5114486
994.5114416
994.5114473
994.5114577
994.511465
994.5114676
994.5114678
994.5114681
994.5114683
994.5114682
994.511468
994.5114678
994.5114677
994.5114678
994.5114678
994.5114677
994.5114678
994.511468
994.5114694
994.5114693
994.5114691
994.5114687
994.5114685
994.5114684
994.5114682
994.5114681
994.5114678
994.5114656
994.5114631
994.5114593
994.5114481
994.5114535
994.5114678
994.5114628
994.5114672
994.5114683
994.5114686
994.5114683
994.5114692
994.5114693
994.5114686
994.511468
994.5114679
994.5114678
994.5114678
994.5114678
994.5114678
994.5114677
994.5114677
994.5114681
994.5114695
994.5114691
994.5114687
994.5114685
994.5114684
994.5114673
994.5114668
994.5114655
994.5114616
994.5114577
994.5114519
994.5114424
994.511461
994.5114684
994.5114618
994.5114669
994.5114682
994.5114686
994.5114684
994.5114703
994.5114719
994.5114696
994.511468
994.5114679
994.5114678
994.5114678
994.5114678
994.5114678
994.5114677
994.5114677
994.5114678
994.5114684
994.5114692
994.5114687
994.5114685
994.5114683
994.5114657
994.5114643
994.5114618
994.511458
994.5114549
994.5114606
994.5114679
994.5114683
994.5114684
994.5114684
994.5114682
994.5114677
994.5114685
994.5114685
994.5114704
994.5114707
994.511469
994.511468
994.5114679
994.5114678
994.5114678
994.5114678
994.5114678
994.5114677
994.5114677
994.5114677
994.511468
994.5114692
994.5114687
994.5114685
994.5114683
994.5114644
994.5114624
994.5114604
994.5114593
994.5114597
994.511461
994.5114634
994.5114671
994.5114683
994.5114669
994.5114667
994.5114674
994.511468
994.5114682
994.5114689
994.5114688
994.5114687
994.5114679
994.5114678
994.5114678
994.5114678
994.5114678
994.5114677
994.5114677
994.5114677
994.5114677
994.511468
994.5114691
994.5114686
994.5114684
994.5114682
994.5114643
994.511463
994.5114627
994.5114636
994.5114649
994.511466
994.5114668
994.5114673
994.5114678
994.5114679
994.511468
994.5114681
994.5114681
994.5114681
994.5114683
994.5114682
994.5114684
994.5114679
994.5114678
994.5114678
994.5114678
994.5114678
994.5114677
994.5114677
994.5114677
994.5114677
994.5114681
994.511469
994.5114684
994.5114681
994.5114678
994.5114657
994.5114655
994.5114659
994.5114666
994.5114672
994.5114675
994.5114677
994.5114678
994.5114679
994.511468
994.511468
994.5114681
994.5114681
994.5114681
994.5114681
994.5114675
994.5114674
994.5114679
994.5114678
994.5114678
994.5114678
994.5114678
994.5114678
994.5114677
994.5114677
994.5114678
994.5114685
994.5114686
994.5114681
994.5114678
994.5114675
994.5114672
994.5114672
994.5114673
994.5114676
994.5114677
994.5114678
994.5114679
994.511468
994.511468
994.511468
994.5114681
994.5114681
994.5114681
994.5114681
994.511468
994.5114675
994.5114667
994.5114678
994.5114678
994.5114678
994.5114678
994.5114678
994.5114678
994.5114678
994.5114678
994.5114678
994.511468
994.511468
994.511468
994.511468
994.511468
994.511468
994.511468
994.511468
994.511468
994.511468
994.511468
994.511468
994.511468
994.511468
994.5114681
994.5114681
994.5114682
994.5114682
994.5114681
994.5114681
994.5114681
994.5114682
)
;

boundaryField
{
    walls
    {
        type            zeroGradient;
    }
    wallFilmFace_top
    {
        type            zeroGradient;
    }
    region0_to_wallFilmRegion_wallFilmFace
    {
        type            zeroGradient;
    }
    mirrorFace_top
    {
        type            zeroGradient;
    }
    region0_to_wallFilmRegion_mirrorFace
    {
        type            zeroGradient;
    }
    procBoundary1to0
    {
        type            processor;
        value           nonuniform List<scalar> 
52
(
994.5114679
994.5114679
994.5114676
994.5114672
994.5114672
994.5114672
994.5114672
994.5114672
994.5114672
994.5114671
994.5114671
994.511467
994.5114661
994.5114661
994.5114652
994.5114631
994.5114631
994.5114625
994.5114623
994.5114618
994.5114581
994.5114581
994.5114651
994.5114599
994.5114599
994.5114633
994.5114689
994.5114691
994.5114696
994.5114696
994.5114694
994.5114694
994.5114694
994.5114696
994.5114696
994.5114696
994.5114697
994.5114701
994.5114701
994.5114701
994.5114699
994.5114699
994.5114699
994.51147
994.5114697
994.5114697
994.5114702
994.51147
994.5114702
994.5114701
994.51147
994.5114701
)
;
    }
    procBoundary1to2
    {
        type            processor;
        value           nonuniform List<scalar> 
33
(
994.51147
994.5114698
994.5114698
994.5114698
994.5114698
994.5114691
994.5114691
994.51147
994.51147
994.5114692
994.5114691
994.5114693
994.5114692
994.5114686
994.5114701
994.5114701
994.5114688
994.5114699
994.5114703
994.5114702
994.5114702
994.5114701
994.5114695
994.5114687
994.5114682
994.5114681
994.5114684
994.5114684
994.5114338
994.5114071
994.5114526
994.5114626
994.5114682
)
;
    }
}


// ************************************************************************* //
