/*--------------------------------*- C++ -*----------------------------------*\
  =========                 |
  \\      /  F ield         | OpenFOAM: The Open Source CFD Toolbox
   \\    /   O peration     | Website:  https://openfoam.org
    \\  /    A nd           | Version:  8
     \\/     M anipulation  |
\*---------------------------------------------------------------------------*/
FoamFile
{
    version     2.0;
    format      ascii;
    class       surfaceScalarField;
    location    "1/wallFilmRegion";
    object      phi;
}
// * * * * * * * * * * * * * * * * * * * * * * * * * * * * * * * * * * * * * //

dimensions      [1 0 -1 0 0 0 0];

internalField   nonuniform List<scalar> 
2727
(
-3.54321635e-07
-3.565540555e-06
6.329126652e-06
1.383898479e-05
2.414706929e-06
8.460143804e-06
3.48507731e-06
-1.764676259e-06
-0.000225366575
-1.619239968e-06
0.0001542257746
1.06004094e-05
0.0005321866539
-0.0006967089473
-3.604863954e-06
0.0002186827881
0.0005943768626
0.0001785332767
-0.0009080345668
-5.453878368e-06
9.261700067e-05
6.304868492e-06
-5.239886787e-05
2.897049622e-05
-5.696118494e-06
-1.353420888e-05
2.902177882e-05
4.256623987e-06
-1.957299538e-06
0.0001476985174
0.0001132286261
-0.0001211866777
-3.942949615e-05
9.56915177e-05
8.24890505e-05
-7.325611904e-05
-2.320160068e-05
5.490086064e-05
5.320548555e-05
-4.020907477e-05
-1.313112127e-05
2.853382754e-05
3.189790355e-05
-1.967788226e-05
-7.12066264e-06
1.315791927e-05
1.801196796e-05
-8.483922457e-06
-3.647228218e-06
5.225248317e-06
9.538017354e-06
-3.022627439e-06
-1.722702578e-06
1.589284102e-06
4.608972637e-06
-7.000940303e-07
-7.149169399e-07
1.822938826e-07
1.712476271e-06
9.170019179e-08
-2.222458193e-07
-1.709875372e-07
8.965071987e-07
3.092605029e-07
-1.344986625e-07
-5.361442495e-07
1.836766558e-06
9.239656137e-07
-3.427384695e-07
-1.743886923e-06
6.197296639e-06
1.87593747e-06
-6.586937415e-07
2.004606003e-06
-1.12764911e-06
-7.628770361e-08
2.34395601e-08
4.419967053e-08
1.056042316e-06
-6.862595299e-08
-6.184035844e-07
6.928263354e-07
6.0021649e-08
-6.642636903e-08
-3.712184573e-07
9.367712117e-07
1.044917646e-07
-2.218500861e-07
-4.12915732e-07
2.193269017e-06
4.258173359e-07
-5.575206422e-07
-1.119253278e-06
3.182731857e-06
-5.770908365e-07
6.072355142e-07
-6.42220777e-07
-1.064300642e-06
-6.334846172e-07
1.134096758e-06
4.311107699e-07
-4.368340512e-07
2.319066269e-05
2.103698991e-05
-1.560789838e-05
1.359475824e-05
1.142756202e-05
-8.242671134e-06
7.743690568e-06
5.842151218e-06
-4.057170483e-06
-4.485425023e-06
4.196196889e-06
2.753652243e-06
-1.820061724e-06
-2.429299654e-06
2.130942431e-06
1.16575131e-06
-7.189005269e-07
-1.229395811e-06
9.911754195e-07
4.227903946e-07
-2.336201914e-07
-5.68005639e-07
4.018550175e-07
1.181764275e-07
-5.197633095e-08
-2.275476949e-07
1.201268154e-07
1.721766184e-08
-1.521558008e-09
-6.66270109e-08
7.748973439e-08
-3.589277833e-09
1.437911382e-08
-4.468038929e-08
2.015590858e-07
-3.354068749e-08
6.315197484e-08
-1.142853808e-07
4.04328195e-07
-1.453945715e-07
1.304392905e-07
-1.925882655e-07
-4.163286151e-08
8.89832238e-08
-2.672930175e-07
4.791631805e-07
1.806899696e-08
-3.623389366e-07
1.104892328e-06
-8.307390945e-08
-2.186241529e-07
9.192673826e-07
-6.450184166e-08
-3.196558876e-07
-1.561377326e-07
1.11657496e-09
1.959091759e-07
2.63981991e-08
-1.035901991e-07
-2.596463775e-08
1.837354017e-07
1.862587024e-08
-2.415866721e-08
-9.141998278e-08
6.221461464e-07
6.176945976e-08
-2.485885968e-07
-2.331912394e-07
2.02442233e-07
1.704525215e-07
1.920600415e-07
-4.698914442e-08
-2.416875812e-07
2.703364348e-06
2.199233316e-06
-1.525511557e-06
-1.746717374e-06
1.470335704e-06
1.033662558e-06
-9.563964761e-07
-6.813313557e-07
7.458720181e-07
4.350209618e-07
-4.872495852e-07
-2.673338397e-07
3.445057882e-07
1.565655053e-07
-8.61243347e-08
-2.253207974e-07
1.372597119e-07
4.333572547e-08
-8.946405767e-08
-1.895879552e-08
3.967934147e-08
6.326307666e-09
-7.383536311e-10
-2.55772598e-08
2.687059378e-08
-1.058807897e-09
-1.725867438e-08
4.76751937e-09
7.191767993e-08
-1.025738751e-08
-1.259430741e-10
-3.216262638e-08
1.984596079e-08
-2.73290488e-09
7.194056025e-09
-2.09036225e-08
-1.330714832e-08
2.130721957e-08
-3.576116534e-08
3.463757029e-08
-3.407467976e-08
2.651410987e-07
-6.1154343e-07
4.848879014e-07
0.0002032150378
-2.275978715e-05
4.187428845e-05
-0.0001814322217
3.213106194e-05
-1.456597118e-05
7.923957028e-08
-1.168749262e-05
9.994276021e-10
7.894857963e-10
-1.914465091e-08
3.595653731e-08
-7.055007411e-10
1.538505425e-09
1.232038153e-08
-7.190760892e-09
3.583103896e-08
-3.278165303e-09
5.714556663e-09
-2.056799882e-08
1.198825345e-07
2.110926729e-08
4.594767833e-08
-8.871898424e-08
9.680672569e-08
-3.599856117e-08
-5.477615092e-08
6.427412861e-08
9.151254226e-08
2.55850625e-08
1.792312903e-08
-3.572083232e-08
1.921422807e-07
-7.149053534e-08
1.544146937e-08
-6.84477071e-08
4.776833912e-08
1.225192192e-07
6.381299774e-08
-3.403610016e-08
-2.296966049e-08
-4.571782471e-08
3.813807581e-08
4.556784168e-08
-2.523881044e-08
-1.130845096e-09
-1.088431258e-08
-7.598077034e-09
2.317347922e-08
1.90804901e-08
-2.678329383e-08
3.839116268e-08
-3.412293883e-08
5.37525055e-08
-4.323263268e-08
8.843894217e-07
9.833431323e-07
-1.410084574e-06
-9.6569189e-08
-3.393511177e-05
0.0001242015117
4.243546058e-06
-3.897084365e-05
6.179263796e-08
-7.878346877e-09
1.056326855e-08
-2.78810738e-09
4.16597723e-09
-2.506380212e-11
-1.045053443e-09
6.848185761e-10
-1.182539597e-10
5.142968103e-10
-6.834265877e-10
2.164419163e-09
-1.406477209e-09
3.297370897e-09
7.481600785e-09
-2.441755052e-09
2.015578644e-08
-7.931700449e-09
1.777646453e-08
-1.443354447e-09
-5.40515969e-09
2.218378846e-08
1.284500311e-08
-1.006230593e-08
2.325803646e-09
-4.337899336e-09
-1.402217609e-09
-6.991272294e-09
2.192108662e-08
1.385024396e-08
-5.919342283e-09
6.184076677e-09
1.685836604e-08
1.05774462e-08
-1.414700563e-08
-3.371586846e-09
3.276822511e-08
-1.340516085e-08
3.025480943e-08
-3.920806391e-08
5.158659713e-08
-5.092947256e-08
8.042013699e-08
-6.159911233e-08
2.560088439e-06
-1.997734128e-07
2.394523025e-06
-3.633366332e-06
-3.270852034e-07
5.502238332e-07
5.687404213e-08
-1.222354987e-09
1.610938167e-09
-9.398351497e-10
4.826359267e-10
-1.757656547e-10
2.988426984e-10
5.046836394e-11
-4.199951994e-12
-1.827928985e-10
2.124441463e-10
-6.335045227e-12
3.831741201e-11
-1.285147356e-10
7.172313529e-10
-1.157299331e-10
2.948940787e-10
-4.544961999e-10
1.977816877e-11
3.903621454e-11
7.039159986e-10
6.683779774e-10
-1.649446392e-10
-1.754526167e-10
1.647644381e-09
-1.286588937e-09
1.688008115e-09
-8.452425841e-10
-9.049803262e-11
5.760188243e-10
1.194512104e-09
-1.638753181e-10
-1.890487398e-10
2.632084878e-10
7.772171072e-11
-6.072218244e-11
-4.509586585e-11
7.730610061e-10
1.309538388e-10
-4.385308582e-11
-4.213974004e-10
2.085096869e-08
7.663552324e-08
-4.112418813e-09
-5.162170864e-08
1.103329245e-08
3.37336053e-08
-2.045230692e-09
-2.132577742e-08
-7.57201672e-09
5.251119734e-09
1.298913447e-08
-9.230743892e-10
4.183451655e-09
2.202367478e-09
-3.69077022e-10
-2.154670217e-09
-4.038879827e-10
7.662006357e-10
1.006856674e-09
-1.227721512e-10
1.203274863e-10
-1.068993131e-11
1.786615006e-10
-2.711166649e-11
-1.482718879e-11
9.244720815e-11
-1.257337861e-11
7.177309225e-11
2.411690558e-10
-1.811957714e-10
-3.302437684e-11
3.665814213e-10
7.597520554e-10
8.627910318e-10
-2.259963224e-10
-6.522602971e-10
1.739488262e-07
6.40463561e-06
-3.173958168e-06
-5.015319371e-07
-5.584455839e-06
-9.477343621e-06
1.135741125e-05
2.4571258e-05
5.755822789e-08
-8.731530348e-08
-3.323718745e-06
-1.265723187e-07
4.605324741e-06
-2.807815651e-06
1.53680998e-07
4.146426007e-06
-7.376954592e-08
-2.504360666e-06
-3.687118141e-06
2.114130491e-05
-3.628326689e-06
7.531816326e-06
-2.354857595e-06
0.0002557841903
-3.111732866e-07
1.232527393e-07
-7.527179467e-07
-7.077836331e-07
-4.869882836e-06
0.0001105746926
-1.502947962e-06
-2.050096208e-06
-1.551658908e-06
2.546278168e-06
2.632821871e-05
-2.755136618e-05
-7.564433222e-06
-1.342637204e-05
-2.001474665e-06
2.409323281e-06
-1.340664336e-05
1.845895977e-06
3.766132019e-06
2.726156711e-05
-2.504034509e-05
-8.481059507e-06
-1.230109746e-05
-3.156765074e-06
1.133166951e-06
-1.093181535e-05
1.446652155e-06
4.443272604e-06
2.051850832e-05
-1.405237367e-05
-7.409296872e-06
-8.983590526e-06
-4.267769782e-06
1.621805761e-06
-6.365102485e-06
1.744579604e-06
2.921412159e-06
6.881638855e-06
-7.593705742e-07
-3.701853551e-06
-3.262353202e-06
-4.041119157e-06
1.752658472e-06
-1.976816032e-07
1.538557763e-06
4.517441225e-06
-5.178228687e-06
1.165077306e-05
-5.154685312e-06
3.189130624e-06
-3.196105779e-06
1.963308541e-06
6.637860692e-06
2.49707856e-06
5.074647346e-06
-1.76976814e-05
2.344975317e-05
-6.816933479e-06
9.810649286e-06
-4.96043676e-06
2.674544816e-06
1.274025125e-05
2.714649743e-06
5.306144828e-06
-2.883367281e-05
2.977866629e-05
-7.498243937e-06
1.540527429e-05
-5.040720087e-06
2.70505621e-06
2.106949165e-05
-2.347021138e-06
-0.0002290316155
-5.9302256e-05
-2.120176449e-05
0.000519114113
1.177554664e-05
0.0001394257346
-0.0001066756301
-2.877394089e-05
-3.89014454e-05
-5.905311663e-05
4.11755268e-05
0.0002501983605
0.0001094664754
-3.470657452e-05
7.318939048e-05
-2.227638334e-05
-4.537596931e-05
-2.219714092e-05
-1.894756027e-06
-0.002356322423
0.003371888583
-0.0006013922894
-3.543993905e-05
3.290457933e-05
-3.087256357e-05
-3.15200148e-05
1.144207558e-05
2.046866393e-06
2.37961751e-06
-2.182935227e-06
1.945925112e-06
-2.141271931e-06
3.080394204e-05
1.320722631e-08
5.548538332e-06
1.661529459e-06
1.667446067e-06
-1.607048443e-06
2.52872065e-07
-1.889154455e-06
1.705039993e-06
4.383145321e-07
1.450012451e-06
1.122373686e-06
2.977947279e-06
-3.14699243e-06
4.523386827e-07
-2.126731042e-06
1.98050334e-06
8.212938062e-08
1.270636313e-06
3.789007217e-07
2.324142007e-06
-1.310060535e-06
-3.395959286e-09
-3.734842668e-07
2.187407035e-07
-2.699049896e-09
4.420871331e-09
3.854892337e-07
1.777266593e-07
1.020668046e-06
1.42350574e-09
-3.662925612e-07
1.258962372e-09
2.039365231e-08
3.041191288e-09
7.316776419e-07
-2.41607994e-06
3.920905458e-06
9.803037313e-08
-5.779609981e-07
1.298947351e-08
2.767764325e-07
3.21106125e-08
9.127984161e-07
-5.362877859e-06
6.724884243e-06
5.654931121e-07
-8.381845715e-07
6.064477498e-08
7.307416624e-07
9.077513035e-08
-3.731170814e-05
-5.965081634e-06
-2.60140991e-06
-7.521268645e-06
-4.934970055e-07
-2.884163538e-06
-8.61877867e-06
-3.198459631e-05
-1.397073717e-05
7.959172854e-06
-9.378329045e-06
-4.006059836e-06
3.255709033e-05
-1.474774854e-05
-6.101628355e-06
-7.148719106e-06
-1.513618013e-05
1.109985477e-05
-1.296266684e-05
-8.058563015e-06
1.32812707e-05
-8.08948165e-06
-9.243405989e-06
-9.857076422e-06
-3.23830966e-05
1.317817192e-05
1.881862215e-06
-9.64669575e-06
2.158677901e-05
-1.351246212e-05
-7.012742558e-06
-1.974010285e-05
-0.0001285054027
-5.121284345e-05
0.0001995576969
9.364157675e-05
3.736801523e-06
4.763755589e-05
-2.416559315e-05
5.790825388e-05
-7.204831518e-05
0.0008148078247
-0.0005350434651
0.0006266119676
-0.001206652165
0.0002277993053
7.002222688e-06
-8.91617923e-05
0.0004186677484
0.0004386407186
2.722598196e-05
-1.681333498e-05
3.882132922e-06
1.976770378e-05
-0.0001089508545
0.0003049871714
6.414354278e-06
5.871312673e-05
1.942361535e-06
-1.085964257e-06
5.870867795e-07
1.87507215e-06
-5.041933801e-06
1.054703138e-05
7.459826426e-07
3.041394185e-06
1.38133538e-06
-6.119958616e-07
3.807024271e-07
5.801199647e-07
-1.866864539e-06
1.937305487e-06
4.671808509e-07
1.393731066e-06
7.84286888e-08
-6.739912219e-08
4.992549233e-10
2.178136818e-07
-4.419755532e-07
6.260926674e-07
5.730188498e-08
2.240795787e-07
1.860046467e-13
4.581381947e-15
-2.988517909e-14
6.237832062e-09
-1.420872631e-10
1.221990743e-07
-4.709225944e-19
4.811317465e-09
2.973324924e-13
2.830478614e-13
-9.681451996e-13
2.395455151e-24
-2.523662478e-14
6.771156275e-18
4.989217599e-23
2.797915721e-21
-4.141375945e-10
4.533129971e-11
-1.141991684e-06
-2.117069978e-10
-2.161321854e-12
1.429343221e-20
-1.884090662e-06
-2.12131829e-09
-2.193309912e-05
1.059774679e-05
-5.584735924e-06
-9.12539461e-06
5.539655593e-06
-6.182266028e-06
-3.926495549e-06
-1.494872498e-05
-3.785883462e-06
2.534649895e-06
-3.852818957e-06
-1.682375211e-06
8.083159928e-06
-4.687433502e-06
-2.347527637e-06
-1.988972076e-06
-6.29606604e-06
5.660703027e-06
-6.90537476e-06
-3.86178995e-06
4.767108721e-06
-2.555881902e-06
-5.216087667e-06
-3.81522286e-06
-1.15319298e-05
7.607865831e-06
-6.529124201e-06
-5.961316551e-06
8.323405036e-06
-5.422862978e-06
-5.458275344e-06
-7.689273562e-06
-1.919899304e-05
9.934898053e-07
1.086565408e-05
-2.944408301e-06
1.3719836e-05
-8.129325505e-06
1.0144137e-06
-5.834010094e-06
0.0001112190522
-5.658198065e-05
0.0002847526972
1.908428354e-05
2.99188838e-05
-9.801177799e-06
-5.973841564e-06
0.0002158232298
0.0001740094008
-0.0001413722546
-1.961560215e-07
0.001824869477
-0.0006642585051
-0.0004749783496
0.001141888013
-0.000532976648
3.533851773e-06
-3.220885139e-06
1.529225e-06
0.0002249372995
-1.332315179e-05
-0.0002290849078
6.986672505e-05
-0.0004462348028
1.445067888e-06
-6.650160238e-07
4.480223925e-07
6.849301734e-06
-2.039568639e-06
8.47329278e-06
1.290206837e-06
2.467162689e-06
3.356172109e-07
-2.72376331e-07
1.408746711e-07
4.076666795e-07
-7.350327132e-07
1.064241521e-06
1.936995386e-07
4.595532629e-07
1.937612178e-07
-7.475503646e-08
2.494694822e-08
1.352633113e-07
-2.198700005e-07
2.840813685e-07
1.216977752e-07
3.028789318e-07
2.13925772e-14
6.251104516e-16
-8.046429373e-19
6.20903534e-08
-2.552500601e-08
3.186046101e-07
1.195388882e-10
4.55166815e-08
-7.562575922e-09
1.319276868e-09
-2.504087224e-06
-5.464282351e-09
-1.399321474e-17
6.578133457e-13
-3.016340275e-06
-1.496597999e-08
-9.880109608e-06
7.927174992e-06
-2.841879513e-06
-6.709408993e-06
5.984691006e-06
-4.845465483e-06
-2.049206076e-06
-6.044238219e-06
-1.004590249e-06
1.104857276e-06
-1.363272204e-06
-7.080101197e-07
2.702559933e-06
-1.4797454e-06
-7.224199606e-07
-4.64482694e-07
-1.884620986e-06
2.453158965e-06
-3.865540254e-06
-1.26743243e-06
1.12237054e-06
-3.752182775e-07
-2.329476285e-06
-6.188102426e-07
-5.580849372e-06
5.086475552e-06
-5.206570788e-06
-3.988954078e-06
3.250859066e-06
-1.236951168e-06
-6.181681751e-06
-2.518894009e-06
-1.835663561e-06
2.870626761e-06
-7.939209392e-07
-6.323382475e-06
6.110787206e-06
-3.062411548e-06
-3.355988677e-06
2.783185403e-06
-1.983349551e-05
-5.270015705e-06
5.113950351e-05
7.246552631e-07
1.482027886e-06
5.476841013e-06
5.04087775e-06
-0.0001252310045
0.003245092739
-0.0003012089989
-0.002493762155
7.976307899e-05
-0.0005270154524
8.267116988e-05
0.001704110421
-0.0001697364246
-0.0008252593453
0.0004609188552
3.991807715e-05
0.0001859331504
-5.880759471e-05
3.812320234e-05
-4.996330212e-05
-0.0004537923211
-0.000166812987
0.0003996254479
0.0001001778341
0.0005476912927
-0.0002521517701
-0.0001029994163
-0.0002788435588
2.802773591e-05
-0.0001357105445
2.357298545e-05
-6.39543827e-06
4.466692519e-05
-2.604365671e-05
4.922064175e-06
1.226461916e-05
1.959213799e-06
-3.610405706e-06
7.724248467e-07
2.647554201e-06
-1.088712923e-05
9.377689993e-06
9.158544867e-07
2.523005204e-06
3.7952923e-07
-2.574502133e-07
1.960484357e-07
3.435096944e-07
-5.415196271e-07
7.594283523e-07
2.33147114e-07
4.469355252e-07
4.903994043e-07
-2.143245607e-07
9.012770639e-08
3.333818116e-07
-5.178228296e-07
6.060071949e-07
3.668220566e-07
8.927760132e-07
-1.332313498e-08
1.153239141e-08
-2.999713176e-06
1.094948581e-07
-3.269425127e-08
6.018886188e-07
-1.953785294e-06
6.624208777e-09
-3.14444695e-06
5.199735833e-06
-1.428386783e-06
-3.241676892e-06
2.786925912e-06
-5.517319773e-07
-8.892040262e-07
-9.440446577e-07
-1.992777242e-07
4.29821853e-07
-3.132851587e-07
-2.499231324e-07
7.182160049e-07
-2.461974363e-07
-1.167701237e-07
-8.534933499e-08
-1.464034757e-07
4.856385376e-07
-9.932088753e-07
-1.49626205e-07
1.023220932e-07
-6.342710847e-08
-3.925635779e-07
-1.305516695e-07
-1.052516499e-06
1.98514829e-06
-3.559268888e-06
-9.659765282e-07
4.076690138e-07
-4.106459538e-07
-1.689881261e-06
-1.085732208e-06
-9.759246162e-07
4.120861408e-06
5.180808143e-06
-1.292698222e-06
1.576130344e-06
-1.958888375e-06
1.630979051e-06
-2.235753866e-06
-0.0002776606635
-0.0002002816148
-5.27365821e-05
3.37807794e-05
7.178610762e-06
-1.662215348e-05
0.0005364305605
-0.0002589825904
-0.008682441371
0.00184363063
0.0004668278378
0.002015371873
-0.003408080774
-0.01098497792
-2.590478606e-05
-5.859291096e-06
7.645033089e-06
1.125501398e-07
3.264949872e-05
-2.12670662e-05
-1.00966645e-05
-9.138645435e-06
-8.183182363e-06
-7.399411192e-07
-1.153567836e-05
-1.094155012e-05
4.281672496e-05
-5.348720907e-07
-2.02751727e-07
3.827325809e-07
1.168849093e-05
-3.054918477e-06
2.744775934e-06
7.587631009e-08
5.055579051e-08
3.406516712e-07
1.652478553e-06
1.069263572e-05
2.703829557e-06
-2.020874888e-06
9.030529709e-07
1.596672085e-06
-8.150026277e-06
7.162758101e-06
8.43749907e-07
2.681335515e-06
5.038463563e-07
-3.866509361e-07
2.539940722e-07
3.997749684e-07
-9.062709218e-07
9.74662725e-07
2.635078892e-07
5.435639038e-07
1.196625589e-06
-3.69591123e-07
5.955834257e-07
3.938571304e-07
-6.568616904e-07
6.973489643e-07
8.152689729e-07
1.445225201e-06
2.081109e-07
-3.821138924e-07
-1.673105114e-07
1.169011124e-06
-1.393968991e-06
2.670062117e-06
-1.257238954e-08
1.959020034e-06
5.231570451e-07
9.348418232e-07
-3.840560676e-07
-4.074505972e-07
-1.36762133e-07
1.055096719e-06
-1.212170832e-07
7.810916166e-07
-6.718147479e-09
1.54770984e-07
-1.071207458e-07
-7.015039344e-08
-4.030086084e-08
9.312357453e-08
-8.550772669e-08
2.685324199e-08
-8.020775588e-08
1.895884983e-07
-5.15363873e-07
-1.846387211e-07
2.328965266e-08
1.346056609e-08
-4.787490258e-07
8.465301994e-09
-7.211279545e-07
1.227506115e-06
-2.00631388e-06
-1.004555366e-06
2.786104889e-07
-3.281125401e-10
-1.232871342e-06
-1.149722044e-09
-4.64054489e-06
1.592536223e-06
4.142056386e-06
2.227998979e-06
1.088877831e-06
-2.034097863e-06
1.971833954e-05
-1.31764337e-05
-0.0003008870385
-4.340833507e-05
0.0004326864993
0.0001045873348
3.390206704e-05
-7.867387275e-05
-0.0005506744236
0.0006709871859
-1.311794649e-05
1.745900416e-06
-1.770195867e-06
-1.880469155e-05
-9.166620644e-06
6.653720579e-07
-3.606485409e-07
-1.220123819e-06
1.614497356e-05
-2.075997464e-05
-7.729831584e-07
-1.27453889e-05
6.690070699e-07
4.431307413e-07
-1.831115658e-07
-9.835126151e-07
-1.901507709e-07
1.411428703e-06
-7.377114864e-07
1.800294392e-06
1.098321637e-05
-6.537433778e-09
8.642484626e-07
-1.981065219e-06
-1.676515322e-06
5.174773366e-06
-3.029060636e-07
1.025044522e-05
2.365890835e-06
-1.237433696e-06
7.298752856e-07
3.589450974e-07
-5.886965448e-06
3.884918182e-06
2.361731198e-07
1.594910256e-06
5.725042589e-07
-3.650933977e-07
2.418301771e-07
9.007029487e-08
-9.179292526e-07
7.371596485e-07
-3.977540691e-07
1.47607523e-06
2.650359325e-06
-3.792474131e-07
4.879973112e-07
-1.78144202e-06
-9.098961735e-07
3.611629103e-06
-2.719659554e-06
4.856066496e-06
2.469670655e-06
8.322606575e-07
-8.451078098e-07
-1.680532366e-06
-5.173514784e-06
4.822976694e-06
-9.852358221e-07
2.209721877e-06
5.67054989e-07
6.176521384e-07
-1.412938191e-07
-4.999633204e-07
-1.171320566e-06
1.005500071e-06
-1.636431929e-07
4.366007278e-07
4.446786565e-08
7.438542411e-08
-5.728638749e-08
-9.390884513e-08
-1.102712648e-07
1.32805239e-07
-7.560141789e-08
7.222324119e-08
3.293798153e-08
5.916475823e-08
-6.253137502e-08
-9.900531376e-08
-2.941829645e-08
6.186107991e-08
-1.753861639e-07
9.652884608e-08
2.157295814e-08
2.168302568e-08
5.879139682e-08
-1.103781722e-07
-4.4689092e-08
1.769859563e-07
8.24380717e-07
3.065606596e-09
-3.913257986e-05
-1.473478363e-05
6.014850411e-05
7.598277094e-05
1.0899235e-05
-6.795133661e-05
0.0001990184189
-0.000107818027
-0.001187904702
-0.0002792117285
0.001335694846
0.0008707958895
0.0002151943156
-0.0006941190245
0.004351187589
-0.004015167714
-3.510966956e-05
3.421574625e-05
-2.972651728e-05
-0.0002841423702
-0.0001325013998
-3.790241898e-05
2.136133545e-05
-2.268914466e-06
-0.0002572610184
4.436775944e-05
-0.0001942065897
-0.0001557758336
-0.00020847122
3.573338154e-06
1.591429724e-06
-2.011335288e-06
-9.189780322e-06
-2.163233346e-06
-0.0001821221681
-5.924956207e-06
3.759933813e-06
7.443387613e-06
3.097343634e-06
-7.384024258e-07
-3.533643208e-06
-8.740205039e-06
8.677587288e-06
-1.401991989e-06
2.958501496e-06
1.403154256e-06
1.956475846e-07
-4.218094469e-07
-1.802342033e-06
-2.094859421e-06
1.633640042e-06
-2.860192569e-06
2.387355087e-06
3.9507611e-06
1.475296456e-06
-2.82330226e-06
-4.487350467e-06
-2.28584716e-06
3.99793964e-06
-6.156992988e-06
5.396314507e-06
5.445602211e-06
3.354481862e-06
-2.980281546e-06
-6.828247042e-06
-5.437815942e-06
5.807112624e-06
-5.506733081e-06
4.713234703e-06
1.948038537e-06
1.633182544e-06
-8.94524419e-07
-2.951944405e-06
-4.109827801e-06
3.12259659e-06
-1.429268326e-06
1.534697137e-06
4.681651173e-07
4.806927067e-07
-2.907182909e-07
-9.259935559e-07
-9.460331478e-07
7.461455492e-07
-7.688211161e-07
7.405247369e-07
2.832970698e-07
3.123316901e-07
-4.240198042e-07
-7.191301113e-07
-2.691776844e-07
5.555548021e-07
-5.976047701e-07
4.157553808e-07
4.782571761e-07
4.783132212e-07
-1.231653054e-07
-1.631831796e-07
-3.958636583e-07
1.540182546e-07
4.015576431e-07
4.087382257e-08
-5.79362588e-05
-2.151420744e-06
7.634731201e-05
0.000291493171
-4.465372295e-08
-0.0002680003885
0.0005217526674
-0.0002119365338
-1.267810315e-08
1.743414357e-10
1.218818932e-09
1.489709317e-08
1.728038796e-09
-1.176137045e-08
-3.571872362e-08
-4.001895773e-09
8.640747939e-09
4.436212486e-08
4.880316867e-09
2.369573666e-08
-2.12153729e-08
9.677413087e-09
-3.105652567e-08
-6.723372762e-08
-1.570586527e-08
2.648404524e-08
8.533964862e-08
1.651933622e-08
4.945226161e-08
-4.202732424e-08
2.6721103e-08
-5.663320513e-08
-2.821588131e-05
-1.082347949e-07
1.04796802e-05
2.157826993e-05
1.302336125e-07
2.713613192e-07
-2.89881251e-07
1.377738074e-05
-3.690144994e-05
-0.0002633846413
-5.625961823e-05
0.0001011208667
0.0002635441407
6.281198926e-05
0.0001463836302
-0.0001744847307
8.879541064e-05
-0.0002428377234
-0.0001458450127
-9.800407146e-05
5.128100952e-05
0.0002402297276
6.519635749e-05
0.0002653101683
-0.0001883040641
2.401105139e-05
-7.577059775e-05
-7.976726682e-06
-1.600150657e-05
4.105093524e-06
2.449474441e-05
5.381266766e-06
4.098741768e-05
-1.461013608e-05
1.134251268e-06
-2.210039535e-06
-5.723715471e-07
-1.080768443e-06
3.428296438e-07
1.842176021e-06
2.751598425e-07
1.713112912e-06
-4.70240507e-07
8.968824063e-08
-1.985292773e-07
-7.271537443e-07
-1.795651488e-07
2.997263153e-07
1.242248375e-06
9.908337402e-08
4.705626343e-07
-2.488398096e-07
-2.494016729e-07
-9.101507852e-08
2.163296373e-07
-6.566508974e-07
1.165159447e-06
-1.376842782e-07
3.449285911e-09
-4.970889852e-07
-6.855283536e-07
2.133019348e-06
-1.948240271e-07
-3.8962587e-07
1.036829262e-06
-2.936681885e-07
-2.363548093e-08
-3.737352461e-07
-1.400747738e-06
2.131642868e-07
2.151857788e-06
-1.361863056e-07
-1.562266408e-08
-2.21563013e-07
-4.730491519e-07
-1.164381904e-08
1.91352781e-09
-5.159500095e-09
9.847160745e-09
-2.898721901e-08
-1.62198702e-08
2.561110498e-08
-5.135416156e-08
-4.80555682e-05
-1.572877432e-07
1.727255911e-05
-0.0002053066634
-6.219758758e-05
6.628006361e-05
-3.463248858e-05
8.162508729e-06
-3.542161621e-05
-1.331462751e-06
2.526434188e-07
-7.265849716e-07
-9.136401533e-08
-6.575448799e-08
2.871384674e-08
3.501697459e-09
-1.196924541e-08
2.032007699e-08
9.22152284e-09
3.618035286e-05
-7.040882636e-05
-3.258649373e-07
9.99697715e-05
0.00019330771
7.957055447e-05
-0.0001242486292
0.0001211486455
2.872746918e-05
3.114477426e-08
-2.096694121e-08
-4.00131734e-08
-5.277932747e-08
-1.621414887e-07
1.690241867e-07
4.51648264e-08
1.687127821e-08
8.658534639e-08
2.870310195e-08
-8.420752241e-08
-8.138270594e-08
-2.337334541e-07
-9.104362387e-08
-3.711131287e-08
-1.608505605e-07
-2.576010529e-07
3.838127569e-07
-7.088748831e-08
-4.648046539e-08
-1.283370948e-07
-1.01088087e-07
-2.359229779e-10
-1.280462611e-08
2.714484699e-08
-2.824357281e-08
-4.917017169e-08
4.626886414e-08
4.036161088e-08
-2.551955128e-08
6.635819428e-08
-5.728247696e-08
-7.670997021e-05
5.623685523e-07
-7.425954335e-05
-8.869626988e-08
2.825799359e-07
-5.43993984e-09
-7.958478846e-06
-1.527744124e-09
-1.299417144e-08
-4.472948908e-09
8.927612436e-09
3.489059004e-10
-9.676696019e-10
5.838232542e-10
-1.243616177e-08
-1.730229185e-08
-2.888903218e-08
-2.769868706e-08
1.608511723e-07
-4.465343381e-08
6.22691171e-08
-8.439117651e-09
-8.803363614e-09
-6.242539728e-08
-2.050135601e-08
2.092218511e-07
-1.102329371e-08
-2.714794762e-08
-1.643687746e-08
-5.335752224e-10
6.918867768e-08
-2.896662473e-08
-2.597973576e-08
2.884970754e-08
6.923771134e-09
-1.411771912e-08
1.463255863e-08
-1.760029408e-08
1.685139716e-07
7.66090472e-08
-7.955331111e-08
-1.267117583e-07
7.508745602e-05
-6.054403665e-05
2.03476849e-06
-9.056753747e-10
2.818151924e-09
-2.454862984e-10
2.787589574e-09
-7.158691475e-10
-2.794559372e-10
-1.654801395e-11
3.396085269e-11
-8.565005602e-11
4.098126774e-09
-1.330590351e-09
1.839316379e-10
1.466360477e-08
-5.564000974e-09
3.356047907e-10
4.171138029e-09
-1.064580627e-09
3.795850522e-09
-1.682530911e-09
2.902128732e-09
-1.754514417e-09
4.390893462e-09
5.83713173e-10
-9.146986471e-10
4.733377006e-08
-8.441893861e-08
1.371412573e-07
-6.320483487e-08
1.946044145e-07
-2.218210654e-07
5.305422598e-07
-3.240056606e-07
2.070524996e-10
4.31516058e-10
-6.003278128e-11
-1.265491118e-10
1.132737493e-09
-3.042762644e-10
7.625670223e-10
-1.497281134e-10
5.693461939e-10
8.103230042e-10
-1.958840096e-10
-1.404594933e-10
-7.468039439e-08
0.0001654111985
-0.0001573890194
4.766888706e-06
9.922576818e-09
-6.620197735e-09
-3.713352309e-08
-1.535814649e-07
0.000175699657
-0.0001727888062
-1.561849258e-06
-2.138141817e-09
1.64121383e-08
-8.182462342e-08
-4.683546133e-07
8.248539142e-05
-1.612465899e-05
3.538830666e-06
-3.949164169e-08
1.388273451e-07
-3.231023509e-07
-6.09950386e-05
-3.694180008e-05
0.0001232219606
3.517223395e-06
-7.550493461e-06
5.113305332e-05
-9.184580715e-05
-0.0003920555464
-0.0003705419774
0.000912876644
1.360139547e-05
-0.0001553339814
0.0002673387593
-0.0003840684124
-0.0003698269185
-0.001609419013
0.00211499671
3.953673168e-05
-0.0002729441797
0.0001804101445
-0.0001692762076
-9.683581886e-05
-0.002315418937
0.002362605365
3.771275501e-05
-9.068510611e-05
4.079990273e-05
-1.616142809e-05
-2.581723478e-05
-0.002735512254
0.003648673493
-0.0001526131416
-1.795783954e-05
7.757449994e-06
-2.578001311e-06
2.090460882e-05
-2.466890651e-05
6.884779588e-05
-1.463617133e-05
-0.004498540412
0.005379528452
-4.768589814e-06
-2.778985019e-06
-8.275860509e-06
-8.31589063e-06
-5.811664296e-06
-3.525943716e-06
-5.840365528e-06
-7.683987792e-06
1.737160317e-05
0.0003008731499
-0.001340371582
-0.003322869895
0.0044202875
0.001513915634
1.313541197e-05
4.003711793e-06
-3.369549128e-06
1.316393078e-05
-5.928106105e-06
-0.000784954386
0.0007830054846
-2.686780378e-06
7.894440671e-05
-0.0007500464546
-1.467983172e-06
1.014568322e-05
1.273131571e-05
5.331399345e-06
-2.182886443e-06
0.0008651150435
-0.001716148898
0.0009690637963
0.001153573249
-0.0008343101993
0.00360371545
-0.004192894387
0.008354525374
-7.450713302e-06
-0.004899239541
0.000433387845
-0.00034824244
-0.0006795437811
0.003691398134
-0.0032684422
0.001575774903
-0.001460436012
-0.000231742185
0.001132661358
-0.0007113707178
-0.0002329792466
0.0002618395684
-6.222364793e-05
-6.848281856e-05
7.766183119e-06
-1.089096624e-05
6.609614353e-07
1.200578447e-05
-1.452310315e-05
4.239531242e-06
1.578236753e-05
-1.019297948e-05
3.732651965e-06
-3.902604525e-06
6.387631925e-05
-4.502284712e-05
-0.0001647533965
-6.075285016e-07
-2.28613405e-06
1.963025232e-06
-4.254616042e-07
5.443211369e-07
-4.693066658e-07
5.450722429e-05
-6.036238223e-05
-0.0002486116819
0.002892048326
-0.002900024624
5.248980334e-06
1.677213409e-05
-8.330244157e-06
-1.29961931e-06
0.002748872583
-1.531681429e-05
-0.002763362174
2.87372047e-08
6.242151052e-08
2.861294052e-07
0.0001160093064
0.000335560371
9.40361295e-05
6.001410201e-06
1.101686035e-06
1.236907316e-07
-6.924346137e-07
1.462621162e-06
-5.226644795e-07
-5.377274126e-08
1.621019377e-06
-2.469594149e-07
-7.724362722e-07
-6.650467018e-07
-5.066689499e-08
-6.665354664e-07
1.310565192e-06
3.203117586e-08
5.298570725e-07
2.753995594e-07
-3.29645715e-07
1.720573096e-06
-1.076184131e-06
7.575486927e-07
-2.427710808e-07
-4.3863624e-07
-3.836230045e-08
-1.716669293e-08
2.766512982e-08
-3.449224471e-07
-4.332436688e-08
-5.20659327e-06
-4.255009476e-06
6.139477317e-07
-1.725529515e-07
-1.247061014e-07
-1.869497617e-07
6.308439203e-07
9.495363101e-08
-2.869286063e-07
-2.961087236e-07
1.097266863e-06
-1.416499848e-07
-3.1470883e-07
2.730486612e-07
4.756096051e-07
-1.223764392e-07
-4.306977466e-07
1.452798815e-07
-4.290442503e-08
5.298264679e-08
-7.209635935e-08
6.47530547e-08
-1.922802436e-08
6.39422147e-08
7.139948404e-08
-2.77074621e-08
4.90449191e-09
-2.602211588e-08
1.487355503e-07
2.270777276e-09
-3.248221231e-08
5.844596049e-08
-5.524463465e-09
6.197351904e-09
-1.342906412e-08
1.180835393e-08
-4.829922128e-09
9.884428413e-08
1.132785465e-08
-3.796126333e-08
-3.858841573e-08
-5.03151715e-07
7.494510257e-07
7.405661925e-07
-5.16848617e-07
-2.20520385e-07
-6.485562945e-07
9.288123732e-07
4.184392675e-07
-2.831585915e-07
3.51466793e-07
-2.321261621e-07
-1.461262243e-07
2.155098202e-07
1.481504047e-07
-9.070386925e-08
1.854302412e-07
-6.410383109e-08
-1.132860425e-07
9.966859032e-08
-6.73120957e-08
5.27696677e-08
-2.874355054e-08
-2.615571066e-08
3.90536824e-08
1.426384207e-08
-6.12897099e-09
-1.094665463e-08
-7.518594188e-09
1.760393111e-08
1.081740699e-08
-7.130561292e-09
1.998574755e-09
-2.316453686e-10
-4.619680051e-09
7.155929678e-09
-3.050151786e-10
1.430128367e-09
-3.680722955e-10
-1.736941693e-09
1.726517272e-09
1.783160534e-08
-1.085119845e-08
-3.428155716e-09
6.285292696e-09
8.313693048e-09
9.807807278e-09
-5.727388026e-09
-6.092495804e-09
-1.574351554e-08
1.451185996e-10
-1.962808557e-09
5.45863604e-09
-5.509500527e-09
-4.755229294e-09
-2.157969642e-09
-6.865874382e-11
5.830691541e-09
1.206990452e-08
-1.128363012e-09
1.387048823e-08
-7.048551653e-09
-2.022241769e-10
-1.962696553e-09
-5.244780784e-08
2.24943859e-07
1.250174437e-07
-1.474343202e-07
1.113704011e-07
-1.903118472e-08
-7.213445084e-08
1.153617028e-08
-3.880713135e-09
-7.967897865e-09
1.513901884e-08
4.204862925e-09
3.806690359e-09
-1.361633638e-09
-1.564529788e-09
1.107163502e-09
2.84881866e-09
-1.041550584e-09
-1.159000664e-10
5.938451099e-10
-6.478136471e-11
-1.693638415e-10
3.08041446e-10
-2.527860226e-09
1.004585953e-08
8.196188273e-09
2.746021981e-09
-7.195846792e-09
-1.602541479e-09
3.465631377e-09
-2.133991409e-09
5.546462994e-08
-1.262828428e-07
1.88771564e-07
-6.28785411e-08
9.380622158e-08
-2.561794515e-07
3.443706217e-07
-7.604175889e-08
2.68502413e-06
-4.461892091e-07
-1.857884781e-07
-1.4026253e-07
-1.630254927e-07
1.327224489e-07
-1.372427896e-09
1.465574801e-07
-2.768196703e-10
-2.108572944e-07
-2.486541355e-10
5.559650674e-10
1.209613409e-10
-4.71951933e-11
-1.405176248e-10
5.584617274e-11
1.389649408e-11
-1.223274296e-12
-3.195656454e-11
3.643923942e-11
-1.630380741e-12
9.93026812e-12
-1.999606689e-11
1.179898521e-10
-2.94669977e-11
6.880232097e-11
-6.576791752e-11
5.659326787e-10
3.901788931e-09
-1.099974509e-20
-2.106664821e-09
4.025272301e-20
-5.804505014e-21
1.003267039e-19
4.018706619e-20
2.367076935e-19
-2.946686726e-19
6.650652561e-19
1.118937518e-19
3.04550585e-07
-4.463591856e-15
-1.255991923e-10
-5.95491133e-08
7.105980582e-11
5.583227938e-11
-2.206871134e-11
-3.1738999e-11
1.628656029e-11
6.509747298e-12
-5.655392593e-13
-7.341394624e-12
9.622413905e-12
-7.570218866e-13
4.48183629e-12
-4.036966794e-12
3.198981319e-11
-1.324966721e-11
3.199972909e-11
-1.305726907e-11
9.101814328e-11
-6.810278077e-11
1.357356754e-10
-3.505679508e-11
1.142869069e-08
5.825595979e-08
-4.581827956e-08
-7.913479295e-11
-6.833531822e-16
2.922187743e-08
-2.087349166e-08
-3.809247951e-11
-1.872006867e-15
1.634551063e-08
-1.352575078e-08
-1.648529658e-11
3.40408188e-11
8.288188017e-11
-4.209197992e-11
-6.562663576e-12
1.189180975e-11
1.952887666e-11
-7.763183877e-12
-2.284941582e-12
2.767249867e-12
2.286012232e-12
-1.922413901e-13
-5.400627515e-13
1.384837618e-12
-2.600541201e-13
1.427842978e-12
-2.203625196e-13
4.252408895e-12
-4.041705868e-12
9.419195781e-12
-5.719798443e-13
1.102208892e-11
-1.980663378e-11
3.705830686e-11
-1.126915192e-12
-1.600134529e-10
7.010634053e-09
-4.585504833e-09
1.468726026e-09
-7.680725994e-11
2.91746543e-09
-1.79940244e-09
7.221310663e-10
-3.344122249e-11
1.07061749e-09
-6.101568647e-10
3.230121309e-10
-1.270340051e-11
3.298522616e-10
-1.665113534e-10
1.28156455e-10
-3.986556045e-12
7.634049493e-11
-3.005824945e-11
4.23740325e-11
-8.275830083e-13
8.747413011e-12
-7.074945849e-13
9.310491756e-12
-3.62540368e-13
-9.804062287e-13
4.836329752e-12
4.214931103e-12
-1.108050162e-12
-1.263803023e-11
2.704256049e-11
1.128677575e-11
-2.568788626e-12
7.65995592e-11
-5.916578881e-11
3.90604476e-11
-4.185278526e-08
8.501106927e-06
-1.862148081e-08
-0.0001007797091
5.820591981e-10
-1.111779783e-07
-5.329576351e-08
-5.793003953e-08
-7.723870751e-05
-5.556485136e-05
3.117401693e-09
7.650236731e-09
-2.009710809e-07
-1.899530278e-06
-1.115133725e-07
-3.695278296e-05
-2.282246705e-05
1.50107102e-08
2.639618849e-08
-1.261822904e-05
3.163113551e-06
-1.702922855e-05
-1.062709502e-05
6.640893402e-08
9.496401476e-08
7.253548224e-06
-0.0001920693536
7.509306758e-06
-0.0002483470834
1.102183307e-05
2.680935736e-05
4.25184516e-05
9.504296817e-05
-0.000480659519
2.732409387e-05
-0.0003379776643
4.392068489e-05
6.518085943e-05
0.0001153040674
7.808766056e-05
-0.000205126312
4.327252475e-05
-5.601839382e-05
8.483246781e-05
9.524740695e-05
3.185980091e-05
1.007132929e-05
-4.525064108e-05
-0.0001968712165
-5.203417027e-06
0.0001120982352
0.0002511188633
3.042520305e-06
9.748992675e-07
-2.007195583e-05
0.0005009526802
-2.354249971e-06
0.0004967254369
0.00202956785
4.311482637e-07
3.546944586e-07
0.008903713155
0.002425611757
0.0005986963798
0.001125978882
0.00115380914
0.0009258404558
-9.049091317e-08
-1.120588144e-07
0.00135165662
0.0005180213878
1.968238039e-05
-1.643942349e-06
-7.336826311e-08
-9.429163577e-07
-0.008224416146
0.00821476306
-0.0005826508454
-0.003311303123
-4.212450102e-06
-0.00417669797
-6.456705958e-06
-0.0001224912324
-2.515988576e-06
-2.302556434e-06
-2.135380182e-06
-1.721237181e-06
-3.883685231e-06
7.828453938e-06
-3.599699195e-06
-1.605102354e-06
-1.933869186e-06
-0.0001833811215
0.003118966016
2.717468624e-05
-3.086483713e-06
0.003247479614
1.126330626e-05
2.030991497e-05
-4.465677485e-06
-1.235426389e-06
-9.31186101e-07
-2.559616682e-06
-7.832350976e-07
-0.0002215995152
-0.0001236846189
-0.001229063486
-5.025722159e-05
-2.972816473e-05
-3.010632128e-05
-0.000239263062
-0.00114180559
-9.889895409e-05
-0.001024127784
-3.043153727e-05
-2.209176252e-05
-1.617169075e-05
-1.779812171e-05
-0.0001894950991
-0.000825183798
-6.68343139e-05
-0.0006387900505
-1.753243976e-05
-1.166175897e-05
-8.274971248e-06
-1.031200917e-05
-0.0001009800456
-0.000439810583
-4.151112202e-05
-0.0002797465213
-9.729077805e-06
-5.762546047e-06
-3.927684162e-06
-5.741310787e-06
1.923911552e-06
-8.402382496e-05
-2.414764833e-05
0.000117091614
-5.138043446e-06
-2.610496644e-06
-1.683473737e-06
-3.017526331e-06
5.094516517e-06
0.0003210267958
-1.322687008e-05
0.0005329290308
-2.53777889e-06
-1.045953348e-06
-6.199511905e-07
-1.472478242e-06
4.555636825e-07
0.000761250951
-6.727862474e-06
0.001020264191
-1.133151392e-06
-3.450005302e-07
-1.754761995e-07
-6.452331641e-07
-6.006830153e-05
0.001298893504
-2.99699458e-06
0.001652070708
-4.238570455e-07
-7.716832927e-08
-2.499867199e-08
-2.342939189e-07
1.352909591e-06
0.002129742777
-8.251384966e-07
0.002578122987
-8.097790355e-08
-1.317184427e-09
6.947211351e-09
-4.450260423e-08
7.876548302e-08
0.00291492187
-1.157990836e-06
0.003104821771
-2.135489822e-07
2.368268413e-08
5.312790938e-08
-1.247071501e-07
-0.0001841135679
0.003124801473
-2.894164185e-06
0.002959812849
-5.047093481e-07
1.022039865e-07
1.786242707e-07
-3.042101597e-07
1.347431175e-05
4.688376312e-06
-1.771807928e-06
-2.94634229e-07
4.536984583e-07
-9.821408251e-07
-6.083465992e-07
-9.839041443e-07
-3.938087407e-07
-4.965450541e-07
-5.606680442e-07
-3.213241148e-07
-9.565367329e-08
9.40162359e-08
6.676155453e-08
-2.710274033e-07
-9.858272293e-08
-3.347710531e-08
-3.707070289e-07
-3.495665957e-07
-3.65098429e-08
-4.499493793e-08
-1.75211221e-07
-6.849401986e-07
-8.622773651e-08
-2.008400088e-07
-2.719427629e-07
-7.325231551e-07
-1.058838895e-06
-5.466988828e-07
-2.234413679e-06
-1.7864997e-07
-3.279934723e-07
-5.098972335e-07
1.102533478e-06
6.897732221e-07
-1.56577961e-07
-2.372281258e-07
-5.951271137e-07
-9.543946012e-07
6.004802546e-07
-1.562933249e-07
-7.379415249e-07
3.190711728e-07
-5.964480222e-06
-3.636378707e-06
-3.58688139e-06
-3.326014755e-06
-2.52354882e-06
-1.709964888e-06
-2.009386172e-06
-1.744555133e-06
-1.127798672e-06
-7.204741703e-07
-1.057597059e-06
-8.470296748e-07
-4.43190307e-07
-2.600166397e-07
-5.139494032e-07
-3.679109193e-07
-1.432589949e-07
-7.23349037e-08
-2.226784133e-07
-1.31419375e-07
-3.178264669e-08
-1.061817435e-08
-7.88141791e-08
-2.516201016e-08
-1.152485297e-09
1.902477791e-09
-1.503471187e-08
-7.167586736e-08
8.209310084e-09
1.794422994e-08
-4.193800221e-08
-1.991204817e-07
4.392861525e-08
1.527846433e-08
-7.950961159e-08
-1.886817626e-07
-3.657312046e-07
1.29876339e-07
-6.698784387e-08
2.092511866e-07
-2.150795683e-07
-1.482640499e-07
-3.465814499e-07
-1.711467674e-07
-7.158881309e-09
-1.340894119e-07
-1.339028699e-07
-7.547188349e-08
-6.073445461e-08
2.541785213e-08
2.069975427e-07
3.820303611e-08
-1.787526398e-07
-1.59501776e-07
-4.247469252e-08
-3.324247742e-08
-1.119938461e-07
2.246365805e-08
-1.835097853e-08
-9.582039761e-08
-3.376845809e-08
-7.968535062e-09
-5.95234414e-09
-1.875965893e-08
-1.151928366e-07
4.292574896e-08
-1.092160455e-08
-1.954497302e-08
-4.690885468e-08
-2.74190151e-08
-1.458375055e-08
-4.333073566e-09
-9.954095989e-08
-2.97543013e-07
-3.499731161e-08
-1.416327793e-07
-7.996200314e-08
-3.70885056e-08
-3.628096571e-08
-1.444211468e-07
-7.690401015e-08
9.343121156e-08
-4.235130515e-08
-5.908518702e-08
1.448774823e-07
1.050543243e-07
1.440361584e-07
-2.32772034e-08
-5.781399573e-08
-1.094312007e-07
-1.066301246e-07
-2.348262809e-07
-8.020245495e-08
2.308137448e-06
-2.537738217e-06
-9.7870791e-07
-1.302587349e-06
-1.762265334e-06
-1.194650002e-06
-5.64676152e-07
-7.876390656e-07
6.896376297e-07
-5.027859944e-07
-3.03700714e-07
-3.086830479e-07
3.361405517e-07
-1.804908938e-07
-1.489033986e-07
-1.455206788e-07
-9.901026948e-08
-4.965937066e-08
-6.40747338e-08
-2.164770757e-08
5.111457861e-08
-7.190992836e-09
-2.201897124e-08
9.614640329e-09
8.559275845e-10
1.157699382e-09
-3.910970414e-09
5.447285553e-09
-2.635948408e-08
1.400856793e-08
-1.164752464e-08
-2.325898979e-08
-5.579363432e-08
1.445894283e-08
2.531404057e-08
-3.122901391e-08
-9.82345497e-08
3.588081166e-08
2.618667821e-08
-4.697731777e-08
-5.535482677e-08
-6.018871937e-08
5.456502868e-09
1.404740454e-08
-3.063487625e-08
3.884732212e-05
5.288688408e-05
-5.771273949e-06
1.587888074e-09
3.898024508e-09
9.055140585e-09
-3.457595755e-08
-4.4102104e-08
-2.255838206e-08
-5.080714337e-09
-9.554834849e-09
-9.052464813e-09
1.021559282e-09
6.660141383e-08
-2.723988094e-08
-4.851275159e-08
-1.889335282e-08
6.457251871e-09
-8.831016486e-10
-2.205013203e-09
-2.503014054e-09
-4.628598367e-09
-1.775514435e-09
-4.584691859e-10
-1.503487257e-09
-6.806889268e-09
2.041954401e-08
-8.590778833e-10
-2.36929809e-09
-3.502792784e-08
-1.918714404e-08
1.258533505e-08
2.225376521e-09
1.930198387e-08
1.165903205e-08
-4.019035505e-09
-6.098444791e-09
-2.278457193e-08
-1.663950365e-08
-3.322231387e-07
-9.375196822e-08
4.766843768e-07
-1.679731581e-07
-4.410358468e-07
3.809777318e-07
-7.105670213e-08
-2.910533267e-07
2.058277792e-07
-9.074429094e-08
-5.628389699e-08
-2.626822132e-08
9.310926787e-08
-3.22582725e-08
4.387917723e-08
-1.77246159e-08
-2.899671722e-08
6.572703011e-08
-3.564294383e-08
-1.725431323e-08
-3.514057362e-09
8.385310933e-09
-6.009441531e-09
-2.431649832e-09
1.464759253e-08
-2.259328898e-09
-2.746051991e-10
2.523437641e-09
-9.432299938e-10
7.487554205e-10
-1.589742692e-10
1.850406376e-09
2.825224657e-09
-9.735382029e-10
-4.39898079e-09
-4.256112636e-09
8.752917522e-09
-1.531665438e-09
3.816446219e-09
-1.863376364e-08
-2.083389569e-08
5.612574549e-08
-3.861900382e-08
-1.65108399e-08
-2.378722309e-09
1.766042902e-08
-9.499099655e-09
-8.422238464e-09
-2.514895416e-08
-6.887558814e-09
-6.537132996e-07
-2.837234793e-07
-1.008414888e-07
-4.312531651e-08
-1.8337543e-08
-7.395383051e-09
-1.280184483e-08
-6.729964766e-09
1.203249998e-08
-2.297985912e-08
2.903800178e-08
5.068849558e-08
-4.09004119e-08
1.895559228e-05
-3.564085385e-05
-9.593079054e-09
-3.449376443e-09
5.250741006e-10
-4.120437517e-10
1.137843774e-09
2.547564251e-09
-1.166276236e-09
-2.985174886e-08
4.065393861e-08
-5.215241813e-08
-1.821256383e-05
3.275767569e-06
-4.01364107e-07
-1.899520763e-09
-4.345684902e-10
-5.237852726e-11
-5.149749114e-12
7.39131591e-12
-1.570897786e-11
-2.499794957e-10
4.5244783e-11
1.335112199e-10
-6.924877494e-11
7.913339247e-11
-1.543673677e-09
1.045030904e-09
-1.830928633e-09
6.943759365e-09
4.135188368e-10
-1.100010055e-09
9.025393937e-09
-4.913507803e-09
-5.441539158e-09
-1.946102306e-09
-1.211752588e-09
-6.786430061e-10
-1.88841133e-10
6.668065849e-10
-6.346450974e-11
-4.324444388e-10
-3.299139451e-10
-3.964390692e-10
-2.521768298e-10
-2.184044036e-13
4.60906865e-10
2.193943623e-10
-4.540895915e-10
-5.742350821e-10
8.718129581e-10
2.907872535e-10
-1.103744869e-10
-4.910525022e-10
1.436954313e-10
-1.412682909e-09
-9.629504747e-10
1.320541528e-09
-5.866278951e-10
-1.313122946e-09
-1.228649526e-09
5.245014223e-09
1.835292537e-09
-6.357911589e-08
4.640797919e-08
-2.758874633e-08
-3.541212475e-08
-1.662247362e-07
2.405434113e-07
-4.313120909e-08
-2.631244633e-08
-2.836503082e-08
-1.536747865e-08
-1.803867699e-08
-1.104652127e-08
1.339506577e-08
-7.717522645e-09
3.463151115e-09
-5.938334318e-10
-9.163989745e-09
4.497180861e-08
-2.681636225e-08
-6.471388043e-09
-3.590543728e-09
6.072883431e-09
-1.85729435e-09
-2.369172059e-09
7.175697439e-09
-8.714857585e-10
-1.3386564e-09
4.010701378e-10
-6.277183659e-11
-3.510356537e-10
-1.0513784e-10
7.160566855e-10
5.000024857e-11
-6.860806809e-12
-3.208406521e-10
-4.677781624e-11
4.805904291e-10
-9.477324744e-12
-9.146230154e-11
3.210595999e-10
1.320794972e-11
6.359831707e-11
1.618666266e-10
2.783140696e-10
-1.533864091e-10
-4.186923698e-10
-7.620320589e-10
1.479386341e-09
3.395782387e-10
7.348499211e-10
5.231636175e-10
-4.219730884e-10
3.731348038e-09
-4.817729964e-10
3.891601786e-09
-6.257057419e-10
4.20479036e-09
-1.206211775e-07
-3.765825728e-08
-2.534562622e-09
-1.324450254e-07
-3.931524392e-07
-5.766914881e-09
-6.220100392e-08
-2.874125393e-07
-2.144727378e-07
-4.360890049e-21
-1.030322098e-07
-1.740470448e-07
-1.67883456e-07
-1.175672409e-19
-1.766047268e-07
-1.969055072e-07
-2.466678486e-07
-9.20116294e-15
-2.481227807e-10
-1.979179164e-10
-8.693963817e-11
-1.284006352e-10
-7.220004966e-11
-3.412682595e-11
-1.00578779e-11
-3.673070004e-11
-8.861071247e-12
-8.808215329e-13
1.178501732e-12
-4.428485193e-12
-3.776574571e-11
7.117669381e-12
2.124380808e-11
-1.80559829e-11
-1.151093738e-10
5.163702922e-11
1.198322908e-10
-5.429323684e-11
-7.522596909e-09
-1.661223653e-08
-1.50212496e-08
8.826316565e-21
-1.736575245e-18
3.982458949e-19
7.522431827e-19
7.072665934e-20
1.849666853e-15
7.259071236e-15
1.247067898e-15
3.83379566e-15
1.955241649e-14
1.744162647e-08
1.137464784e-08
-5.771934847e-11
-7.280390361e-11
-3.323518773e-11
-2.072257373e-11
-1.653417353e-11
-1.320144567e-11
-3.89503826e-12
-6.228214844e-12
-1.950735607e-12
-3.344227617e-13
4.483998821e-13
-7.147357368e-13
-7.449684735e-12
2.57785523e-12
7.502454384e-12
-2.47868418e-12
-2.218937588e-11
1.788341734e-11
3.825377037e-11
-7.095309462e-12
-4.553283428e-11
7.189507137e-11
1.201807659e-10
-1.471108793e-11
-1.095047605e-10
-1.437013961e-09
2.246267618e-10
-5.562968768e-11
-9.44117604e-10
-6.029107266e-10
1.119758547e-10
-2.539478593e-11
-3.726193555e-10
-2.215339568e-10
5.142323339e-11
-1.04406865e-11
-1.256971206e-10
-6.737705496e-11
2.104534102e-11
-3.967395271e-12
-3.369649609e-11
-1.5310515e-11
7.33913559e-12
-1.206161597e-12
-5.980589297e-12
-1.728609603e-12
1.97793894e-12
-1.330993936e-13
-1.357446031e-13
1.878027541e-13
1.91882904e-13
-3.561780344e-13
9.445231644e-13
2.541348218e-12
6.553741792e-13
-8.950404941e-13
5.689623881e-12
1.132115928e-11
1.886702535e-12
-1.373119852e-12
2.25862355e-11
2.516184438e-11
1.110676872e-11
-1.369546946e-10
-1.577471069e-10
2.030148756e-09
5.639223847e-09
-1.283609893e-08
1.041094944e-09
-8.419876868e-09
2.932303977e-09
-5.36805482e-09
4.89476817e-10
-3.317066044e-09
1.391673285e-09
-1.976429742e-09
2.069619789e-10
-1.128332933e-09
-6.108857452e-10
7.587971246e-11
-3.086022836e-10
2.19404691e-10
-1.415459047e-10
2.160418459e-11
-5.567213905e-11
-1.619014349e-11
2.312143283e-12
-1.318828052e-12
1.827418042e-12
7.157916937e-12
8.947550196e-12
2.114807331e-11
2.31115508e-11
1.589268986e-11
4.688636566e-11
8.270232288e-11
3.909517126e-11
-1.688600283e-10
)
;

boundaryField
{
    walls
    {
        type            calculated;
        value           nonuniform List<scalar> 0();
    }
    wallFilmFace_top
    {
        type            calculated;
        value           nonuniform List<scalar> 0();
    }
    region0_to_wallFilmRegion_wallFilmFace
    {
        type            calculated;
        value           nonuniform List<scalar> 0();
    }
    mirrorFace_top
    {
        type            calculated;
        value           uniform 0;
    }
    region0_to_wallFilmRegion_mirrorFace
    {
        type            calculated;
        value           uniform 0;
    }
    procBoundary3to2
    {
        type            processor;
        value           nonuniform List<scalar> 
64
(
0.0001743739431
2.804329536e-05
-1.33326738e-05
-7.845938042e-06
3.103618845e-06
-2.92906101e-20
-2.726289062e-20
-5.435951216e-21
1.105429169e-07
2.408746457e-05
-1.957897388e-06
1.262696708e-05
-2.172117223e-06
2.254587635e-06
-2.153104337e-05
-4.559702552e-05
-0.0001109811329
-0.0005795381985
-0.001771795731
-0.0009763589674
-6.087188602e-05
-2.520304647e-06
-2.423661952e-06
1.710335817e-05
3.208307646e-06
5.89982054e-06
3.840117624e-05
2.488828966e-05
0.0002571285935
-4.316492916e-05
2.254634677e-11
-2.716161332e-20
-2.036680878e-18
-3.653484965e-20
-5.825643383e-20
0.0001927646471
8.896896192e-09
-6.364484833e-06
0.001525289343
1.876271145e-10
1.038241988e-06
-7.010630114e-21
-1.805723811e-21
3.0858681e-08
7.737220988e-08
1.045059655e-08
0.0001230909313
8.307703057e-10
0.001330282481
3.938797196e-05
-1.737832006e-05
-1.024641606e-05
5.133222219e-06
3.577525219e-06
-4.207624142e-20
1.29952945e-06
6.663777238e-07
-1.699955528e-20
3.383632773e-07
9.101257516e-08
6.363345509e-07
5.05122067e-08
2.133377046e-09
1.906102074e-08
)
;
    }
}


// ************************************************************************* //
