/*--------------------------------*- C++ -*----------------------------------*\
  =========                 |
  \\      /  F ield         | OpenFOAM: The Open Source CFD Toolbox
   \\    /   O peration     | Website:  https://openfoam.org
    \\  /    A nd           | Version:  8
     \\/     M anipulation  |
\*---------------------------------------------------------------------------*/
FoamFile
{
    version     2.0;
    format      ascii;
    class       volScalarField;
    location    "0.9/wallFilmRegion";
    object      Cp;
}
// * * * * * * * * * * * * * * * * * * * * * * * * * * * * * * * * * * * * * //

dimensions      [0 2 -2 -1 0 0 0];

internalField   nonuniform List<scalar> 
1369
(
4182.948097
4182.948097
4182.948097
4182.948097
4182.948097
4182.948097
4182.948097
4182.948097
4182.948097
4182.948097
4182.948098
4182.948098
4182.948098
4182.948097
4182.948097
4182.948097
4182.948097
4182.948097
4182.948097
4182.948097
4182.948097
4182.948097
4182.948097
4182.948097
4182.948097
4182.948096
4182.948096
4182.948097
4182.948097
4182.948098
4182.948098
4182.948098
4182.948098
4182.948099
4182.948099
4182.9481
4182.948099
4182.948099
4182.948099
4182.948099
4182.948099
4182.948099
4182.948099
4182.948099
4182.948099
4182.948099
4182.948099
4182.948099
4182.948099
4182.948099
4182.948098
4182.948098
4182.948098
4182.948098
4182.948099
4182.9481
4182.9481
4182.948099
4182.948098
4182.948097
4182.948097
4182.948097
4182.948097
4182.948097
4182.948097
4182.948097
4182.948097
4182.948096
4182.948095
4182.948094
4182.948094
4182.948094
4182.948094
4182.948095
4182.948097
4182.948097
4182.948098
4182.948098
4182.948098
4182.948098
4182.948093
4182.948093
4182.948094
4182.948096
4182.948097
4182.948097
4182.948097
4182.948097
4182.948097
4182.948096
4182.948097
4182.948097
4182.948097
4182.948097
4182.948098
4182.948099
4182.948099
4182.948099
4182.948099
4182.948099
4182.948099
4182.948099
4182.948099
4182.948099
4182.948099
4182.948099
4182.948099
4182.9481
4182.948099
4182.948099
4182.948098
4182.948097
4182.948096
4182.948096
4182.948106
4182.948106
4182.948102
4182.948099
4182.948097
4182.948097
4182.948097
4182.948097
4182.948097
4182.948097
4182.948096
4182.948096
4182.948097
4182.948095
4182.948094
4182.948093
4182.948093
4182.948094
4182.948095
4182.948096
4182.948097
4182.948098
4182.948098
4182.948098
4182.948099
4182.948098
4182.948094
4182.948094
4182.948094
4182.948096
4182.948097
4182.948097
4182.948097
4182.948096
4182.948096
4182.948094
4182.948095
4182.948097
4182.948097
4182.948097
4182.948102
4182.948099
4182.9481
4182.948099
4182.948099
4182.948099
4182.948099
4182.948099
4182.948099
4182.948099
4182.948099
4182.948099
4182.948099
4182.948099
4182.948099
4182.948099
4182.948098
4182.948097
4182.948096
4182.948096
4182.948107
4182.948104
4182.948104
4182.948098
4182.948097
4182.948097
4182.948097
4182.948097
4182.948097
4182.948097
4182.948097
4182.948097
4182.948097
4182.948094
4182.948093
4182.948093
4182.948094
4182.948095
4182.948096
4182.948097
4182.948098
4182.948098
4182.948098
4182.948099
4182.948099
4182.948099
4182.948096
4182.948095
4182.948093
4182.948096
4182.948097
4182.948097
4182.948097
4182.948096
4182.948096
4182.948094
4182.948095
4182.948098
4182.9481
4182.948103
4182.948105
4182.948101
4182.948102
4182.948099
4182.948099
4182.948099
4182.948099
4182.948099
4182.948099
4182.948099
4182.948099
4182.948099
4182.948099
4182.948099
4182.948099
4182.948098
4182.948098
4182.948097
4182.948096
4182.948096
4182.948107
4182.948099
4182.948099
4182.948097
4182.948097
4182.948097
4182.948097
4182.948097
4182.948097
4182.948097
4182.948097
4182.948097
4182.948097
4182.948094
4182.948093
4182.948093
4182.948094
4182.948096
4182.948097
4182.948098
4182.948098
4182.948098
4182.948099
4182.948099
4182.948099
4182.948099
4182.948097
4182.948096
4182.948093
4182.948095
4182.948097
4182.948097
4182.948097
4182.948097
4182.948096
4182.948095
4182.948095
4182.948102
4182.948102
4182.948105
4182.948107
4182.948103
4182.948104
4182.9481
4182.948099
4182.948099
4182.948099
4182.948099
4182.948099
4182.948099
4182.948099
4182.948099
4182.948099
4182.948099
4182.948098
4182.948098
4182.948098
4182.948097
4182.948096
4182.948096
4182.948101
4182.948098
4182.948097
4182.948097
4182.948097
4182.948097
4182.948097
4182.948098
4182.948097
4182.948097
4182.948097
4182.948097
4182.948096
4182.948093
4182.948093
4182.948093
4182.948095
4182.948096
4182.948097
4182.948098
4182.948098
4182.948098
4182.948099
4182.948099
4182.948099
4182.948099
4182.948097
4182.948097
4182.948094
4182.94809
4182.948097
4182.948098
4182.948097
4182.948097
4182.948097
4182.948097
4182.948096
4182.948109
4182.948102
4182.948103
4182.94811
4182.948112
4182.948105
4182.9481
4182.948099
4182.948099
4182.948099
4182.948099
4182.948099
4182.948099
4182.948099
4182.948099
4182.948099
4182.948098
4182.948098
4182.948098
4182.948098
4182.948097
4182.948097
4182.948097
4182.9481
4182.948099
4182.948098
4182.948098
4182.948097
4182.948097
4182.948097
4182.948098
4182.948098
4182.948098
4182.948097
4182.948098
4182.948096
4182.948093
4182.948093
4182.948094
4182.948095
4182.948096
4182.948097
4182.948098
4182.948098
4182.948098
4182.948098
4182.948099
4182.948099
4182.948099
4182.948096
4182.948097
4182.948095
4182.948086
4182.948093
4182.948095
4182.948095
4182.9481
4182.9481
4182.948099
4182.948097
4182.948102
4182.948105
4182.948106
4182.94811
4182.948111
4182.948108
4182.948107
4182.948105
4182.9481
4182.9481
4182.9481
4182.948099
4182.948099
4182.948099
4182.948099
4182.948098
4182.948098
4182.948098
4182.948098
4182.948097
4182.948097
4182.948098
4182.948098
4182.948099
4182.9481
4182.948098
4182.948097
4182.948098
4182.948097
4182.948097
4182.948098
4182.948098
4182.948098
4182.948098
4182.948098
4182.948097
4182.948093
4182.948093
4182.948093
4182.948094
4182.948095
4182.948095
4182.948096
4182.948097
4182.948098
4182.948098
4182.948098
4182.948098
4182.948098
4182.948092
4182.948094
4182.948093
4182.948086
4182.948092
4182.948095
4182.948096
4182.9481
4182.948101
4182.9481
4182.948098
4182.9481
4182.948106
4182.94811
4182.94811
4182.948111
4182.948108
4182.948107
4182.948106
4182.948101
4182.948099
4182.948099
4182.948099
4182.948099
4182.948098
4182.948098
4182.948098
4182.948098
4182.948097
4182.948097
4182.948097
4182.948098
4182.948098
4182.948099
4182.9481
4182.9481
4182.948101
4182.948099
4182.948098
4182.948098
4182.948097
4182.948097
4182.948098
4182.948098
4182.948098
4182.948098
4182.948097
4182.948093
4182.948093
4182.948093
4182.948093
4182.948091
4182.948089
4182.948082
4182.948074
4182.948069
4182.948067
4182.948065
4182.948062
4182.948059
4182.948061
4182.948073
4182.948083
4182.94809
4182.948094
4182.948096
4182.948096
4182.948099
4182.948099
4182.9481
4182.9481
4182.9481
4182.948105
4182.948111
4182.948111
4182.948111
4182.948108
4182.948107
4182.948105
4182.9481
4182.948098
4182.948099
4182.948099
4182.948099
4182.948098
4182.948098
4182.948098
4182.948097
4182.948097
4182.948097
4182.948098
4182.948098
4182.948099
4182.9481
4182.948101
4182.948102
4182.948102
4182.9481
4182.948097
4182.948098
4182.948097
4182.948096
4182.948097
4182.948098
4182.948098
4182.948098
4182.948097
4182.948092
4182.948093
4182.948093
4182.948093
4182.948091
4182.948089
4182.948082
4182.948073
4182.948069
4182.948067
4182.948063
4182.94806
4182.948065
4182.948064
4182.948078
4182.948088
4182.948093
4182.948096
4182.948097
4182.948097
4182.948096
4182.948095
4182.9481
4182.948102
4182.948103
4182.948105
4182.948095
4182.948109
4182.94811
4182.948107
4182.948107
4182.948105
4182.948097
4182.948098
4182.948098
4182.948098
4182.948099
4182.948098
4182.948098
4182.948098
4182.948098
4182.948097
4182.948097
4182.948098
4182.948099
4182.9481
4182.948101
4182.948102
4182.948102
4182.948102
4182.948101
4182.948097
4182.948098
4182.948097
4182.948096
4182.948096
4182.948097
4182.948098
4182.948098
4182.948097
4182.948092
4182.948092
4182.948092
4182.948092
4182.948091
4182.948088
4182.948082
4182.948076
4182.948077
4182.948076
4182.94807
4182.94805
4182.94805
4182.948068
4182.948082
4182.948091
4182.948096
4182.948098
4182.948098
4182.948097
4182.948096
4182.948092
4182.948104
4182.948105
4182.948105
4182.948106
4182.948085
4182.948097
4182.94811
4182.948104
4182.948101
4182.948101
4182.948095
4182.948098
4182.948098
4182.948099
4182.948099
4182.948098
4182.948098
4182.948098
4182.948098
4182.948097
4182.948097
4182.948098
4182.948099
4182.9481
4182.948101
4182.948102
4182.948102
4182.948102
4182.948101
4182.948097
4182.948098
4182.948097
4182.948096
4182.948095
4182.948095
4182.948096
4182.948097
4182.948096
4182.948089
4182.94809
4182.948092
4182.948092
4182.948093
4182.948092
4182.94809
4182.948087
4182.948087
4182.948086
4182.948082
4182.948061
4182.948058
4182.948077
4182.948088
4182.948094
4182.948097
4182.948099
4182.948098
4182.9481
4182.948091
4182.948061
4182.948106
4182.948106
4182.948107
4182.948106
4182.948098
4182.948094
4182.948103
4182.9481
4182.9481
4182.948099
4182.948095
4182.948097
4182.948098
4182.948098
4182.948099
4182.948098
4182.948098
4182.948098
4182.948098
4182.948097
4182.948097
4182.948098
4182.948099
4182.9481
4182.948101
4182.948102
4182.948102
4182.948102
4182.948101
4182.948098
4182.948098
4182.948092
4182.948092
4182.948094
4182.948095
4182.948096
4182.948097
4182.948097
4182.948097
4182.948095
4182.948094
4182.94809
4182.94809
4182.948088
4182.948089
4182.948094
4182.948097
4182.948099
4182.9481
4182.948101
4182.948103
4182.948103
4182.948105
4182.948106
4182.948108
4182.948109
4182.948104
4182.9481
4182.948102
4182.948101
4182.9481
4182.9481
4182.948099
4182.948095
4182.948097
4182.948098
4182.948098
4182.948099
4182.948099
4182.948098
4182.948098
4182.948098
4182.948098
4182.948097
4182.948098
4182.948099
4182.9481
4182.9481
4182.948101
4182.948101
4182.948101
4182.948099
4182.948096
4182.948098
4182.948098
4182.948098
4182.948098
4182.948098
4182.948098
4182.948098
4182.948097
4182.948097
4182.948097
4182.948097
4182.948098
4182.948099
4182.948101
4182.948102
4182.948102
4182.948103
4182.948104
4182.948105
4182.948107
4182.948108
4182.948109
4182.948109
4182.948106
4182.948103
4182.948102
4182.948101
4182.948101
4182.948098
4182.948093
4182.948097
4182.948098
4182.948098
4182.948099
4182.948099
4182.948099
4182.948099
4182.948098
4182.948098
4182.948098
4182.948098
4182.948099
4182.948099
4182.9481
4182.9481
4182.9481
4182.948099
4182.948097
4182.948094
4182.948098
4182.948099
4182.948099
4182.948098
4182.948098
4182.948098
4182.948098
4182.948097
4182.948097
4182.948096
4182.948098
4182.9481
4182.9481
4182.948101
4182.948101
4182.948102
4182.948104
4182.948107
4182.948109
4182.94811
4182.948107
4182.948107
4182.948103
4182.948102
4182.948101
4182.948101
4182.948098
4182.948093
4182.948097
4182.948098
4182.948098
4182.948099
4182.948099
4182.948099
4182.948099
4182.948099
4182.948098
4182.948098
4182.948099
4182.948099
4182.9481
4182.9481
4182.9481
4182.948099
4182.948098
4182.948095
4182.948093
4182.948098
4182.948096
4182.948095
4182.948093
4182.94809
4182.948089
4182.948094
4182.948099
4182.948101
4182.948101
4182.9481
4182.948097
4182.948097
4182.948097
4182.9481
4182.948103
4182.948105
4182.948105
4182.948102
4182.948103
4182.948102
4182.948101
4182.948099
4182.948095
4182.948097
4182.948098
4182.948098
4182.948099
4182.948099
4182.948099
4182.948099
4182.948099
4182.948099
4182.948099
4182.948099
4182.948099
4182.9481
4182.9481
4182.9481
4182.948099
4182.948097
4182.948095
4182.948092
4182.948098
4182.948085
4182.948078
4182.948087
4182.948091
4182.9481
4182.948101
4182.948101
4182.948099
4182.948098
4182.948098
4182.948095
4182.948098
4182.948101
4182.948105
4182.9481
4182.948101
4182.948102
4182.948102
4182.948101
4182.948101
4182.948098
4182.948097
4182.948098
4182.948098
4182.948099
4182.948099
4182.948099
4182.948099
4182.948099
4182.948099
4182.948099
4182.948099
4182.9481
4182.9481
4182.9481
4182.948099
4182.948099
4182.948096
4182.948095
4182.948092
4182.948098
4182.948101
4182.948101
4182.9481
4182.948097
4182.948098
4182.948099
4182.9481
4182.9481
4182.9481
4182.948101
4182.9481
4182.948101
4182.948103
4182.948103
4182.948103
4182.948103
4182.948101
4182.948097
4182.948098
4182.948099
4182.948099
4182.948099
4182.948099
4182.9481
4182.9481
4182.9481
4182.948099
4182.9481
4182.9481
4182.9481
4182.9481
4182.948099
4182.948098
4182.948096
4182.948096
4182.948092
4182.948098
4182.948097
4182.948095
4182.948098
4182.9481
4182.948101
4182.948101
4182.948101
4182.948103
4182.9481
4182.948101
4182.948103
4182.948104
4182.948103
4182.948104
4182.948103
4182.948097
4182.948098
4182.948099
4182.948099
4182.948099
4182.9481
4182.9481
4182.9481
4182.9481
4182.9481
4182.9481
4182.9481
4182.9481
4182.9481
4182.948099
4182.948098
4182.948097
4182.948097
4182.948093
4182.948098
4182.948091
4182.948098
4182.948102
4182.948104
4182.948106
4182.948106
4182.9481
4182.948098
4182.9481
4182.948102
4182.948103
4182.948104
4182.948104
4182.948104
4182.948096
4182.948098
4182.948098
4182.948099
4182.9481
4182.9481
4182.9481
4182.9481
4182.9481
4182.9481
4182.9481
4182.9481
4182.9481
4182.9481
4182.9481
4182.948099
4182.948099
4182.948098
4182.948094
4182.948098
4182.948096
4182.948101
4182.948103
4182.9481
4182.948101
4182.948104
4182.948099
4182.948097
4182.9481
4182.948102
4182.948102
4182.948103
4182.948104
4182.948103
4182.948094
4182.948097
4182.948098
4182.948099
4182.9481
4182.9481
4182.948101
4182.948101
4182.9481
4182.9481
4182.9481
4182.948099
4182.948099
4182.9481
4182.9481
4182.9481
4182.948099
4182.948099
4182.948096
4182.948098
4182.948102
4182.948104
4182.948102
4182.9481
4182.948102
4182.948098
4182.948097
4182.948102
4182.948102
4182.948101
4182.948102
4182.948102
4182.948099
4182.948093
4182.948097
4182.948098
4182.948099
4182.9481
4182.948101
4182.948101
4182.948101
4182.9481
4182.948099
4182.948099
4182.948099
4182.948099
4182.948099
4182.948099
4182.948099
4182.948098
4182.948098
4182.948097
4182.948098
4182.948102
4182.948103
4182.948104
4182.948104
4182.9481
4182.948099
4182.948101
4182.948106
4182.948099
4182.9481
4182.948098
4182.948088
4182.948072
4182.948093
4182.948097
4182.948098
4182.948099
4182.9481
4182.948102
4182.948102
4182.948101
4182.9481
4182.948099
4182.948099
4182.948098
4182.948098
4182.948097
4182.948097
4182.948097
4182.948097
4182.948097
4182.948097
4182.948098
4182.948101
4182.948102
4182.948103
4182.948101
4182.948099
4182.948098
4182.948098
4182.948102
4182.948098
4182.948103
4182.948095
4182.948066
4182.948005
4182.948093
4182.948097
4182.948098
4182.948099
4182.948101
4182.948102
4182.948102
4182.9481
4182.948099
4182.948098
4182.948098
4182.948097
4182.948097
4182.948097
4182.948097
4182.948097
4182.948097
4182.948097
4182.948097
4182.948098
4182.948102
4182.948103
4182.948102
4182.948099
4182.948098
4182.948096
4182.948099
4182.948099
4182.948099
4182.948097
4182.948093
4182.948093
4182.948095
4182.948096
4182.948096
4182.948097
4182.948098
4182.948099
4182.9481
4182.9481
4182.948099
4182.948099
4182.948098
4182.948097
4182.948097
4182.948097
4182.948097
4182.948097
4182.948097
4182.948097
4182.948097
4182.948098
4182.948103
4182.948102
4182.9481
4182.948099
4182.948098
4182.948097
4182.948098
4182.948098
4182.948097
4182.948096
4182.948096
4182.948097
4182.948096
4182.948096
4182.948097
4182.948098
4182.948099
4182.9481
4182.9481
4182.948099
4182.948099
4182.948098
4182.948097
4182.948096
4182.948096
4182.948096
4182.948097
4182.948097
4182.948097
4182.948097
4182.948098
4182.948102
4182.948102
4182.948099
4182.948099
4182.948098
4182.948101
4182.948098
4182.948099
4182.948103
4182.948104
4182.948098
4182.948099
4182.948098
4182.948097
4182.948098
4182.948099
4182.948099
4182.9481
4182.9481
4182.948099
4182.948099
4182.948098
4182.948098
4182.948096
4182.948095
4182.948095
4182.948096
4182.948096
4182.948097
4182.948097
4182.948098
4182.948091
4182.9481
4182.94809
4182.947234
4182.948098
4182.948102
4182.948098
4182.948098
4182.9481
4182.9481
4182.948098
4182.948099
4182.948098
4182.948099
4182.948099
4182.9481
4182.9481
4182.9481
4182.9481
4182.9481
4182.948099
4182.948099
4182.948098
4182.948097
4182.948095
4182.948094
4182.948095
4182.948096
4182.948097
4182.948097
4182.948097
4182.9481
4182.948099
4182.948099
4182.948101
4182.948098
4182.948098
4182.948098
4182.948098
4182.948097
4182.948098
4182.948099
4182.9481
4182.9481
4182.948099
4182.948096
4182.948099
4182.948099
4182.948098
4182.948098
4182.948097
4182.948095
4182.948095
4182.948096
4182.948097
4182.948097
4182.948098
4182.948099
4182.948099
4182.9481
4182.948103
4182.948098
4182.948097
4182.948098
4182.948098
4182.948098
4182.948097
4182.948097
4182.948096
4182.948094
4182.948093
4182.948092
4182.948099
4182.948099
4182.948099
4182.948098
4182.948098
4182.948097
4182.948096
4182.948096
4182.948097
4182.948097
4182.948098
)
;

boundaryField
{
    walls
    {
        type            zeroGradient;
    }
    wallFilmFace_top
    {
        type            zeroGradient;
    }
    region0_to_wallFilmRegion_wallFilmFace
    {
        type            zeroGradient;
    }
    mirrorFace_top
    {
        type            zeroGradient;
    }
    region0_to_wallFilmRegion_mirrorFace
    {
        type            zeroGradient;
    }
    procBoundary0to1
    {
        type            processor;
        value           nonuniform List<scalar> 
52
(
4182.948097
4182.948096
4182.948095
4182.948093
4182.948094
4182.948095
4182.948094
4182.948094
4182.948098
4182.948094
4182.948096
4182.948097
4182.948097
4182.948099
4182.948099
4182.948099
4182.948099
4182.948098
4182.948098
4182.948097
4182.948097
4182.948092
4182.948092
4182.948092
4182.948084
4182.948075
4182.948094
4182.948093
4182.948093
4182.948101
4182.948101
4182.948101
4182.948091
4182.948091
4182.948099
4182.948101
4182.948101
4182.948101
4182.948099
4182.948101
4182.948101
4182.948076
4182.948076
4182.948019
4182.948088
4182.948049
4182.948086
4182.946137
4182.9463
4182.948098
4182.948098
4182.948098
)
;
    }
    procBoundary0to2
    {
        type            processor;
        value           nonuniform List<scalar> 
26
(
4182.948095
4182.9481
4182.9481
4182.9481
4182.948096
4182.948091
4182.948098
4182.948098
4182.948098
4182.948098
4182.948097
4182.948096
4182.948094
4182.948096
4182.948096
4182.948099
4182.948099
4182.948099
4182.948099
4182.948098
4182.948098
4182.948097
4182.948097
4182.948097
4182.948097
4182.948098
)
;
    }
}


// ************************************************************************* //
