/*--------------------------------*- C++ -*----------------------------------*\
  =========                 |
  \\      /  F ield         | OpenFOAM: The Open Source CFD Toolbox
   \\    /   O peration     | Website:  https://openfoam.org
    \\  /    A nd           | Version:  8
     \\/     M anipulation  |
\*---------------------------------------------------------------------------*/
FoamFile
{
    version     2.0;
    format      ascii;
    class       volVectorField;
    location    "0.8/wallFilmRegion";
    object      contactForce:contactAngle;
}
// * * * * * * * * * * * * * * * * * * * * * * * * * * * * * * * * * * * * * //

dimensions      [1 -2 -2 0 0 0 0];

internalField   nonuniform List<vector> 
1342
(
(-23.38084553 -16.79731261 -1284.903338)
(21.06279802 51.36272801 -1770.951852)
(-113.968806 -1402.848523 -1619.739427)
(0 0 0)
(0 0 0)
(0 0 0)
(0 0 0)
(0 0 0)
(0 0 0)
(0 0 0)
(0 0 0)
(0 0 0)
(0 0 0)
(0 0 0)
(0 0 0)
(0 0 0)
(0 0 0)
(2269.271121 -439.1591642 -2178.116502)
(0 0 0)
(0 0 0)
(0 0 0)
(0 0 0)
(0 0 0)
(0 0 0)
(0 0 0)
(0 0 0)
(0 0 0)
(0 0 0)
(0 0 0)
(0 0 0)
(0 0 0)
(0 0 0)
(0 0 0)
(0 0 0)
(0 0 0)
(0 0 0)
(0 0 0)
(0 0 0)
(0 0 0)
(0 0 0)
(0 0 0)
(0 0 0)
(0 0 0)
(1794.600281 -349.5273694 1704.910529)
(-689.6644699 0.2666902545 0.16806674)
(0 0 0)
(0 0 0)
(0 0 0)
(0 0 0)
(0 0 0)
(0 0 0)
(0 0 0)
(0 0 0)
(0 0 0)
(0 0 0)
(0 0 0)
(0 0 0)
(0 0 0)
(0 0 0)
(0 0 0)
(0 0 0)
(0 0 0)
(0 0 0)
(0 0 0)
(0 0 0)
(0 0 0)
(0 0 0)
(0 0 0)
(0 0 0)
(0 0 0)
(0 0 0)
(0 0 0)
(0 0 0)
(0 0 0)
(0 0 0)
(0 0 0)
(0 0 0)
(0 0 0)
(0 0 0)
(0 0 0)
(0 0 0)
(0 0 0)
(0 0 0)
(2677.764416 1766.330696 1105.135331)
(680.6079968 -1522.608226 -607.3083511)
(-73.34262198 -825.9956937 -251.2441468)
(0 0 0)
(0 0 0)
(0 0 0)
(-0.05713497454 1134.954412 -474.7836391)
(-505.8906706 -0.04494747627 -0.1273911897)
(0 0 0)
(0 0 0)
(0 0 0)
(0 0 0)
(0 0 0)
(0 0 0)
(0 0 0)
(0 0 0)
(4.627311532 -2.965403207 -1267.939487)
(0 0 0)
(0 0 0)
(0 0 0)
(0 0 0)
(0.9697173496 -4.79101456 -1149.70529)
(0 0 0)
(0 0 0)
(0 0 0)
(0 0 0)
(0 0 0)
(0 0 0)
(0 0 0)
(0 0 0)
(0 0 0)
(0 0 0)
(0 0 0)
(0 0 0)
(0 0 0)
(0 0 0)
(0 0 0)
(0 0 0)
(0 0 0)
(0 0 0)
(0 0 0)
(0 0 0)
(0 0 0)
(0 0 0)
(0 0 0)
(0 0 0)
(0 0 0)
(0 0 0)
(0 0 0)
(0 0 0)
(0 0 0)
(0 0 0)
(0 0 0)
(0 0 0)
(0 0 0)
(1260.421554 -1125.521799 1.911945544)
(0 0 0)
(0 0 0)
(0 0 0)
(0 0 0)
(0 0 0)
(0 0 0)
(0 0 0)
(0 0 0)
(0 0 0)
(0 0 0)
(0 0 0)
(0 0 0)
(0 0 0)
(0 0 0)
(0 0 0)
(0 0 0)
(0 0 0)
(0 0 0)
(0 0 0)
(0 0 0)
(0 0 0)
(0 0 0)
(0 0 0)
(0 0 0)
(0 0 0)
(0 0 0)
(0 0 0)
(0 0 0)
(0 0 0)
(0 0 0)
(0 0 0)
(0 0 0)
(0 0 0)
(0 0 0)
(0 0 0)
(0 0 0)
(0 0 0)
(0 0 0)
(0 0 0)
(956.2673023 -888.4674604 1.415220644)
(0 0 0)
(0 0 0)
(0 0 0)
(0 0 0)
(0 0 0)
(0 0 0)
(0 0 0)
(0 0 0)
(0 0 0)
(0 0 0)
(0 0 0)
(0 0 0)
(0 0 0)
(0 0 0)
(0 0 0)
(0 0 0)
(0 0 0)
(0 0 0)
(0 0 0)
(0 0 0)
(0 0 0)
(0 0 0)
(0 0 0)
(0 0 0)
(0 0 0)
(0 0 0)
(0 0 0)
(0 0 0)
(0 0 0)
(0 0 0)
(0 0 0)
(0 0 0)
(0 0 0)
(0 0 0)
(0 0 0)
(0 0 0)
(0 0 0)
(1542.833755 -1460.545411 2.325909279)
(0 0 0)
(0 0 0)
(0 0 0)
(0 0 0)
(0 0 0)
(0 0 0)
(0 0 0)
(0 0 0)
(0 0 0)
(0 0 0)
(0 0 0)
(0 0 0)
(0 0 0)
(0 0 0)
(0 0 0)
(0 0 0)
(0 0 0)
(0 0 0)
(0 0 0)
(0 0 0)
(0 0 0)
(0 0 0)
(0 0 0)
(0 0 0)
(0 0 0)
(0 0 0)
(0 0 0)
(0 0 0)
(0 0 0)
(0 0 0)
(0 0 0)
(0 0 0)
(0 0 0)
(0 0 0)
(0 0 0)
(0 0 0)
(0 0 0)
(0 0 0)
(0 0 0)
(0 0 0)
(0 0 0)
(0 0 0)
(937.5051953 -6.461150641 0.01066342914)
(-769.2332853 44.27451317 -768.6480686)
(0 0 0)
(-1691.35927 1575.901003 -2.51178397)
(0 0 0)
(0 0 0)
(0 0 0)
(0 0 0)
(0 0 0)
(0 0 0)
(0 0 0)
(0 0 0)
(0 0 0)
(0 0 0)
(0 0 0)
(0 0 0)
(0 0 0)
(0 0 0)
(0 0 0)
(0 0 0)
(0 0 0)
(0 0 0)
(0 0 0)
(0 0 0)
(0 0 0)
(0 0 0)
(0 0 0)
(0 0 0)
(0 0 0)
(0 0 0)
(0 0 0)
(0 0 0)
(0 0 0)
(0 0 0)
(0 0 0)
(0 0 0)
(0 0 0)
(0 0 0)
(0 0 0)
(0 0 0)
(0 0 0)
(-472.3967248 -26.05022428 -471.6685365)
(918.9840316 11.39657496 -0.01778261481)
(-458.6064212 -71.5246799 -462.4405252)
(-2013.46459 1856.725372 -2.957078322)
(0 0 0)
(0 0 0)
(0 0 0)
(-1502.081901 1378.527504 -2.196736828)
(0 0 0)
(0 0 0)
(0 0 0)
(0 0 0)
(0 0 0)
(0 0 0)
(0 0 0)
(0 0 0)
(0 0 0)
(0 0 0)
(0 0 0)
(0 0 0)
(0 0 0)
(0 0 0)
(0 0 0)
(0 0 0)
(0 0 0)
(0 0 0)
(0 0 0)
(0 0 0)
(0 0 0)
(0 0 0)
(0 0 0)
(0 0 0)
(0 0 0)
(0 0 0)
(0 0 0)
(0 0 0)
(0 0 0)
(0 0 0)
(816.2782926 750.7233033 -1.195164766)
(1235.779739 1170.061542 -1.863600722)
(-12.96471337 1469.976078 -2.340132108)
(0 0 0)
(0.4029956795 -1299.409151 2.068987052)
(0 0 0)
(0.0005204440466 -551.9527664 0.8786271532)
(0 0 0)
(0 0 0)
(0 0 0)
(1257.546432 -0.08957219212 -0.0006747668213)
(-1752.414593 1596.815058 -2.542730675)
(0 0 0)
(0 0 0)
(0 0 0)
(0 0 0)
(0 0 0)
(0 0 0)
(0 0 0)
(0 0 0)
(0 0 0)
(0 0 0)
(0 0 0)
(0 0 0)
(0 0 0)
(0 0 0)
(0 0 0)
(0 0 0)
(0 0 0)
(0 0 0)
(0 0 0)
(0 0 0)
(0 0 0)
(0 0 0)
(0 0 0)
(0 0 0)
(0 0 0)
(949.4645465 862.3577632 -1.370741388)
(-10.78288575 993.5132977 -1.581727058)
(888.9793966 -11.71347854 0.01852039178)
(-6.555720137 734.9199505 -1.170436674)
(0 0 0)
(0 0 0)
(0 0 0)
(0 0 0)
(0 0 0)
(0 0 0)
(1996.630754 1831.092273 -2.917831639)
(1946.64776 1795.02378 -2.860773465)
(0 0 0)
(0 0 0)
(0 0 0)
(0 0 0)
(0 0 0)
(-1089.928489 0.02381529013 -0.0004739109357)
(0 0 0)
(0 0 0)
(0 0 0)
(0 0 0)
(0 0 0)
(0 0 0)
(0 0 0)
(0 0 0)
(0 0 0)
(0 0 0)
(0 0 0)
(0 0 0)
(0 0 0)
(0 0 0)
(0 0 0)
(1823.784674 1638.616469 -2.609244773)
(-4.580772738 1464.986943 -2.334385792)
(0 0 0)
(0 0 0)
(-13.57008225 914.5058192 -1.455106026)
(0 0 0)
(0 0 0)
(0 0 0)
(0 0 0)
(0 0 0)
(0 0 0)
(0 0 0)
(0 0 0)
(0 0 0)
(0 0 0)
(0 0 0)
(0 0 0)
(0 0 0)
(0 0 0)
(0 0 0)
(0 0 0)
(0 0 0)
(0 0 0)
(0 0 0)
(0 0 0)
(0 0 0)
(0 0 0)
(0 0 0)
(0 0 0)
(0 0 0)
(0 0 0)
(0 0 0)
(0 0 0)
(0 0 0)
(0 0 0)
(0 0 0)
(0 0 0)
(0 0 0)
(0 0 0)
(0 0 0)
(0 0 0)
(0 0 0)
(0 0 0)
(0 0 0)
(0 0 0)
(0 0 0)
(0 0 0)
(0 0 0)
(0 0 0)
(0 0 0)
(0 0 0)
(0 0 0)
(0 0 0)
(0 0 0)
(0 0 0)
(0 0 0)
(0 0 0)
(0 0 0)
(0 0 0)
(0 0 0)
(0 0 0)
(0 0 0)
(0 0 0)
(0 0 0)
(0 0 0)
(0 0 0)
(0 0 0)
(0 0 0)
(0 0 0)
(0 0 0)
(0 0 0)
(0 0 0)
(0 0 0)
(0 0 0)
(0 0 0)
(0 0 0)
(0 0 0)
(0 0 0)
(0 0 0)
(0 0 0)
(0 0 0)
(0 0 0)
(0 0 0)
(0 0 0)
(0 0 0)
(0 0 0)
(0 0 0)
(0 0 0)
(0 0 0)
(0 0 0)
(0 0 0)
(0 0 0)
(0 0 0)
(0 0 0)
(0 0 0)
(0 0 0)
(0 0 0)
(0 0 0)
(0 0 0)
(940.9395556 1460.645626 832.1653867)
(0 0 0)
(0 0 0)
(0 0 0)
(0 0 0)
(35.38576767 -1126.863545 -473.4232844)
(0 0 0)
(0.3972916361 -1454.496254 2.317015406)
(-0.01881728063 -1.664215043 -1044.271352)
(0.201844771 -773.9596632 1.233693267)
(-0.003032847566 -1.11601513 -700.990554)
(-0.4849400105 -842.4049409 -2731.941923)
(0 0 0)
(-0.264185579 -460.9145374 -1494.443325)
(0 0 0)
(-0.20702651 -412.0527072 -1336.030878)
(0 0 0)
(0.02444970937 -521.3774591 -1689.488176)
(0 0 0)
(3.080936695 -708.1902333 -2280.249643)
(0 0 0)
(15.94691474 -1485.986423 2.376521016)
(1505.739789 73.29709136 -1650.841318)
(18.57895985 4.959029198 -785.651326)
(0 0 0)
(-26.07288904 -8.669231484 -1123.293164)
(0 0 0)
(0 0 0)
(0 0 0)
(0 0 0)
(0 0 0)
(0 0 0)
(0 0 0)
(0 0 0)
(0 0 0)
(0 0 0)
(0 0 0)
(1.204758461 -10.1490996 -1360.431765)
(0 0 0)
(-29.4804408 -29.94051683 -1135.630973)
(0 0 0)
(0 0 0)
(0 0 0)
(0 0 0)
(0 0 0)
(0 0 0)
(0 0 0)
(0 0 0)
(0 0 0)
(0 0 0)
(0 0 0)
(0 0 0)
(792.0220731 7.872018125 -0.01222372555)
(2.456125662 -7.982430392 -1218.700648)
(25.34865886 31.69009611 -1424.025737)
(0 0 0)
(0 0 0)
(0 0 0)
(0 0 0)
(0 0 0)
(0 0 0)
(0 0 0)
(0 0 0)
(0 0 0)
(0 0 0)
(0 0 0)
(0 0 0)
(0 0 0)
(0 0 0)
(0 0 0)
(0 0 0)
(0 0 0)
(0 0 0)
(0 0 0)
(0 0 0)
(0 0 0)
(0 0 0)
(0 0 0)
(0 0 0)
(0 0 0)
(0 0 0)
(0 0 0)
(0 0 0)
(1296.431172 -17.5292657 0.02779100749)
(0 0 0)
(0 0 0)
(0 0 0)
(0 0 0)
(0 0 0)
(0 0 0)
(0 0 0)
(0 0 0)
(0 0 0)
(0 0 0)
(0 0 0)
(0 0 0)
(0 0 0)
(765.5372353 4.290787325 -0.006487522854)
(0 0 0)
(0 0 0)
(0 0 0)
(0 0 0)
(0 0 0)
(0 0 0)
(0 0 0)
(0 0 0)
(0 0 0)
(0 0 0)
(0 0 0)
(0 0 0)
(0 0 0)
(0 0 0)
(0.04406594632 -535.9338446 0.8531274018)
(-1132.87426 -0.0002925735325 0.0005669037441)
(0 0 0)
(0 0 0)
(0 0 0)
(0 0 0)
(0 0 0)
(0 0 0)
(0 0 0)
(0 0 0)
(0 0 0)
(0 0 0)
(0 0 0)
(-435.1516292 -256.9231328 -312.1434317)
(-641.8934312 2.918062741 -0.004840464654)
(0 0 0)
(0 0 0)
(-945.273525 854.4177879 -1.361251986)
(0 0 0)
(0 0 0)
(0 0 0)
(0 0 0)
(0 0 0)
(2036.586006 1843.138104 -2.93849039)
(-9.185789226 1193.3039 -1.901118713)
(0 0 0)
(0 0 0)
(0 0 0)
(0 0 0)
(0 0 0)
(-0.3984646943 -1458.250998 2.322340925)
(0 0 0)
(0 0 0)
(0 0 0)
(0 0 0)
(1433.765582 1318.325839 -2.100663347)
(0 0 0)
(0 0 0)
(0 0 0)
(-41.56296938 22.56888754 -2202.319961)
(0 0 0)
(0 0 0)
(0 0 0)
(0 0 0)
(0 0 0)
(0 0 0)
(0 0 0)
(0 0 0)
(0 0 0)
(0 0 0)
(0 0 0)
(0 0 0)
(0 0 0)
(0 0 0)
(0 0 0)
(0 0 0)
(0 0 0)
(0 0 0)
(0 0 0)
(0 0 0)
(0 0 0)
(0 0 0)
(0 0 0)
(0 0 0)
(0 0 0)
(0 0 0)
(0 0 0)
(0 0 0)
(0 0 0)
(0 0 0)
(0 0 0)
(0 0 0)
(0 0 0)
(0 0 0)
(0 0 0)
(0 0 0)
(0 0 0)
(0 0 0)
(0 0 0)
(0 0 0)
(0 0 0)
(0 0 0)
(0 0 0)
(-1579.745588 -0.1032467854 -0.04285444656)
(0 0 0)
(0 0 0)
(0 0 0)
(0 0 0)
(0 0 0)
(0 0 0)
(0 0 0)
(0 0 0)
(0 0 0)
(0 0 0)
(0 0 0)
(0 0 0)
(0 0 0)
(0 0 0)
(0 0 0)
(-736.8373879 0.1982124839 0.00672872597)
(-317.7077789 0.03696151738 -0.003587875381)
(0 0 0)
(0 0 0)
(0 0 0)
(0 0 0)
(0 0 0)
(0 0 0)
(906.5814687 671.2876463 282.1684145)
(-2492.301577 1843.800362 773.6115615)
(0 0 0)
(0 0 0)
(0 0 0)
(0 0 0)
(0 0 0)
(0 0 0)
(0 0 0)
(0 0 0)
(0 0 0)
(-521.1375606 -0.02504846311 -0.3894768055)
(0 0 0)
(0 0 0)
(0 0 0)
(0 0 0)
(0 0 0)
(0 0 0)
(0 0 0)
(0 0 0)
(-463.1749817 0.01856085853 -0.01224667855)
(0 0 0)
(0 0 0)
(0 0 0)
(0 0 0)
(0 0 0)
(0 0 0)
(0 0 0)
(0 0 0)
(-1517.963531 0.2753642135 0.5081486411)
(0 0 0)
(0 0 0)
(0 0 0)
(0 0 0)
(0 0 0)
(0 0 0)
(0 0 0)
(0.4524284086 -1754.716287 2.794652483)
(-0.03572862285 -2.097793704 -1316.16678)
(0 0 0)
(0 0 0)
(0.4163581803 -1558.488609 2.483688351)
(-0.01685473314 -3.024971909 -1899.085924)
(0 0 0)
(0 0 0)
(0 0 0)
(0 0 0)
(0.4736619792 -1838.106975 2.928292077)
(-1892.747159 -4.465999337 -2113.722485)
(0 0 0)
(0 0 0)
(0 0 0)
(0 0 0)
(-0.3411905641 -594.010062 -1926.151273)
(0 0 0)
(0 0 0)
(0 0 0)
(0 0 0)
(0 0 0)
(-0.2479058779 -449.6678675 -1457.98798)
(0 0 0)
(0 0 0)
(0 0 0)
(0 0 0)
(0 0 0)
(-0.1120249184 -317.4481374 -1029.171237)
(0 0 0)
(0 0 0)
(0 0 0)
(0 0 0)
(0 0 0)
(0.6932570982 -625.3063599 -2023.449479)
(0 0 0)
(0 0 0)
(0 0 0)
(0 0 0)
(0 0 0)
(-16.14318494 -722.1768004 -2284.120798)
(0 0 0)
(0 0 0)
(0 0 0)
(0 0 0)
(0 0 0)
(0 0 0)
(-12.1648782 -2.929523922 -1156.685613)
(0 0 0)
(844.6772463 -832.6305983 1.38155609)
(0 0 0)
(0 0 0)
(-74.17881649 -1144.778099 1.842718283)
(0 0 0)
(0 0 0)
(0 0 0)
(0 0 0)
(1082.363935 -946.5676812 1.477117968)
(14.99980755 -785.2827555 1.251333948)
(0 0 0)
(0 0 0)
(0 0 0)
(0 0 0)
(0 0 0)
(0 0 0)
(0 0 0)
(1327.759108 -6.527434672 0.009734662923)
(5.994468695 23.25081093 -1371.495033)
(0 0 0)
(0 0 0)
(0 0 0)
(-767.1397166 -201.9366005 -790.6479488)
(0 0 0)
(0 0 0)
(0 0 0)
(-2610.256798 -790.7484565 -2929.309667)
(0 0 0)
(0 0 0)
(0 0 0)
(0 0 0)
(-2751.698363 -1559.93675 -3297.516547)
(0 0 0)
(0 0 0)
(0 0 0)
(-1237.307939 774.2776378 -1923.502045)
(0 0 0)
(0 0 0)
(-1991.576285 -1766.894063 -2322.228632)
(-1017.884933 -1355.069477 -1710.922996)
(0 0 0)
(0 0 0)
(0 0 0)
(-2.443753537 691.1967157 -1.100074585)
(-0.2010653913 -386.6380082 -385.4064099)
(0 0 0)
(0 0 0)
(0 0 0)
(-0.2177267478 -434.6791949 -433.2952055)
(-0.1611364866 -309.6152239 -308.6305679)
(0 0 0)
(0 0 0)
(0 0 0)
(0 0 0)
(-0.4874629 -961.3242979 -958.2687256)
(-1463.981347 -1254.561736 -1250.962124)
(0 0 0)
(0 0 0)
(0 0 0)
(-1939.520715 1782.475903 -2.838989816)
(0 0 0)
(1268.148452 -1088.032963 -1084.287014)
(0 0 0)
(0 0 0)
(0 0 0)
(0 0 0)
(-0.3058684274 591.6832767 -1871.359997)
(-0.3435608506 616.1623923 -1948.26005)
(0 0 0)
(0 0 0)
(0 0 0)
(0 0 0)
(-0.3621150049 679.7110763 -2148.424566)
(-0.2434358832 447.5015299 -1413.951684)
(0 0 0)
(0 0 0)
(0 0 0)
(0 0 0)
(-0.3518129476 624.8220718 -1973.511499)
(-0.4732815729 911.4569507 -2878.050464)
(0 0 0)
(0 0 0)
(0 0 0)
(0 0 0)
(-0.2401844768 486.2933523 -1535.30104)
(-0.2362822924 721.3803295 -2276.845245)
(0 0 0)
(0 0 0)
(0 0 0)
(0 0 0)
(-0.4447040927 -855.4941238 -852.7711401)
(-0.3244220632 -640.7519075 -638.7140112)
(0 0 0)
(0 0 0)
(0 0 0)
(0 0 0)
(-0.1774438039 -348.9381701 -347.8189371)
(-12.04486538 -941.1699779 -937.3358693)
(0 0 0)
(0 0 0)
(0 0 0)
(0 0 0)
(-86.00879392 -888.4855767 -887.5276759)
(-102.2327641 -533.658987 -540.0789564)
(0 0 0)
(0 0 0)
(0 0 0)
(21.39825465 -8.621932669 -939.8002013)
(0 0 0)
(0 0 0)
(0 0 0)
(0 0 0)
(0 0 0)
(0 0 0)
(0 0 0)
(0 0 0)
(0 0 0)
(0 0 0)
(0 0 0)
(0 0 0)
(0 0 0)
(0 0 0)
(0 0 0)
(0 0 0)
(0 0 0)
(0 0 0)
(0 0 0)
(0 0 0)
(0 0 0)
(0 0 0)
(0 0 0)
(0 0 0)
(0 0 0)
(0 0 0)
(0 0 0)
(0 0 0)
(0 0 0)
(0 0 0)
(0 0 0)
(0 0 0)
(0 0 0)
(0 0 0)
(0 0 0)
(0 0 0)
(0 0 0)
(0 0 0)
(2268.718588 -214.2566782 2028.45745)
(0 0 0)
(-731.0262348 -68.19417288 653.4347966)
(0 0 0)
(0 0 0)
(0 0 0)
(0 0 0)
(0 0 0)
(0 0 0)
(0 0 0)
(0 0 0)
(0 0 0)
(0 0 0)
(0 0 0)
(0 0 0)
(0 0 0)
(0 0 0)
(0 0 0)
(0 0 0)
(0 0 0)
(0 0 0)
(0 0 0)
(0 0 0)
(0 0 0)
(0 0 0)
(0 0 0)
(0 0 0)
(0 0 0)
(0 0 0)
(0 0 0)
(0 0 0)
(0 0 0)
(0 0 0)
(0 0 0)
(0 0 0)
(0 0 0)
(0 0 0)
(0 0 0)
(0 0 0)
(0 0 0)
(0 0 0)
(0 0 0)
(0 0 0)
(0 0 0)
(0 0 0)
(0 0 0)
(0 0 0)
(0 0 0)
(0 0 0)
(0 0 0)
(0 0 0)
(0 0 0)
(0 0 0)
(0 0 0)
(0 0 0)
(0 0 0)
(0 0 0)
(0 0 0)
(0 0 0)
(0 0 0)
(0 0 0)
(1044.336152 -244.4936379 774.9134694)
(0 0 0)
(0 0 0)
(0 0 0)
(0 0 0)
(-560.0332983 -0.03741718073 0.0605199019)
(0 0 0)
(0 0 0)
(0 0 0)
(0 0 0)
(0 0 0)
(0 0 0)
(0 0 0)
(0 0 0)
(0 0 0)
(0 0 0)
(0 0 0)
(0 0 0)
(0 0 0)
(0 0 0)
(0 0 0)
(0 0 0)
(0 0 0)
(0 0 0)
(0 0 0)
(0 0 0)
(0 0 0)
(0 0 0)
(0 0 0)
(0 0 0)
(0 0 0)
(0 0 0)
(0 0 0)
(0 0 0)
(0 0 0)
(0 0 0)
(0 0 0)
(0 0 0)
(0 0 0)
(0 0 0)
(0 0 0)
(0 0 0)
(0 0 0)
(0 0 0)
(0 0 0)
(0 0 0)
(0 0 0)
(0 0 0)
(0 0 0)
(0 0 0)
(0 0 0)
(0 0 0)
(0 0 0)
(0 0 0)
(0 0 0)
(0 0 0)
(0 0 0)
(0 0 0)
(0 0 0)
(0 0 0)
(0 0 0)
(0 0 0)
(0 0 0)
(0 0 0)
(0 0 0)
(0 0 0)
(0 0 0)
(-888.5378629 0.1503019974 -0.02442904564)
(0 0 0)
(0 0 0)
(0 0 0)
(0 0 0)
(0 0 0)
(0 0 0)
(0 0 0)
(0 0 0)
(0 0 0)
(0 0 0)
(0 0 0)
(0 0 0)
(0 0 0)
(0 0 0)
(0 0 0)
(0 0 0)
(0 0 0)
(0 0 0)
(0 0 0)
(0 0 0)
(0 0 0)
(0 0 0)
(0 0 0)
(0 0 0)
(0 0 0)
(0 0 0)
(0 0 0)
(0 0 0)
(0 0 0)
(0 0 0)
(0 0 0)
(0 0 0)
(0 0 0)
(0 0 0)
(0 0 0)
(0 0 0)
(0 0 0)
(0 0 0)
(0 0 0)
(0 0 0)
(0 0 0)
(0 0 0)
(0 0 0)
(0 0 0)
(0 0 0)
(0 0 0)
(0 0 0)
(0 0 0)
(0 0 0)
(0 0 0)
(0 0 0)
(0 0 0)
(0 0 0)
(0 0 0)
(0 0 0)
(0 0 0)
(0 0 0)
(0 0 0)
(0 0 0)
(0 0 0)
(0 0 0)
(0 0 0)
(0 0 0)
(0 0 0)
(-11.51945666 1213.328414 868.9631472)
(709.7301815 -483.135039 -242.0535605)
(-958.9797105 429.6448586 884.69121)
(0 0 0)
(109.8777092 463.9213491 239.2663561)
(0 0 0)
(-1652.940186 1329.643399 2219.339927)
(0 0 0)
(-48.10859018 -1692.435901 -570.1339034)
(-1488.952325 -1706.042542 519.9693666)
(0 0 0)
(0 0 0)
(0 0 0)
(0 0 0)
(0 0 0)
(0 0 0)
(0 0 0)
(0 0 0)
(0 0 0)
(0 0 0)
(0 0 0)
(0 0 0)
(0 0 0)
(0 0 0)
(0 0 0)
(0 0 0)
(0 0 0)
(0 0 0)
(0 0 0)
(0 0 0)
(0 0 0)
(-895.8244298 -0.08373491094 -0.1953525571)
(0 0 0)
(0 0 0)
(0 0 0)
(0 0 0)
(0 0 0)
(0 0 0)
(0 0 0)
(0 0 0)
(0 0 0)
(0 0 0)
(0 0 0)
(0 0 0)
(0 0 0)
(0 0 0)
(0 0 0)
(0 0 0)
(0 0 0)
(0 0 0)
(0 0 0)
(0 0 0)
(0 0 0)
(0 0 0)
(0 0 0)
(0 0 0)
(0 0 0)
(0 0 0)
(0 0 0)
(0 0 0)
(0 0 0)
(0 0 0)
(0 0 0)
(0 0 0)
(0 0 0)
(0 0 0)
(0 0 0)
(0 0 0)
(0 0 0)
(0 0 0)
(0 0 0)
(1802.279428 1768.625807 536.7519624)
(-0.06468272175 1425.374923 598.9881531)
(0 0 0)
(0 0 0)
(0 0 0)
(-1494.957008 0.04242367213 -1.221553872)
(0 0 0)
(0 0 0)
(0 0 0)
(0 0 0)
(0 0 0)
(0 0 0)
(0 0 0)
(0 0 0)
(0 0 0)
(0 0 0)
(0 0 0)
(0 0 0)
(0 0 0)
(0 0 0)
(0 0 0)
(0 0 0)
(0 0 0)
(0 0 0)
(0 0 0)
(0 0 0)
(1637.648246 -1511.753326 -148.8383901)
(0 0 0)
(0 0 0)
(1638.206095 -1511.843496 0.2992247709)
(0 0 0)
(0 0 0)
(-1173.067292 -0.07266411713 -0.4985573775)
(0 0 0)
(0 0 0)
(0 0 0)
(0 0 0)
(0 0 0)
(0 0 0)
(0 0 0)
(0 0 0)
(0 0 0)
(0 0 0)
(0 0 0)
(0 0 0)
(0 0 0)
(0 0 0)
(0 0 0)
(0 0 0)
(0 0 0)
(0 0 0)
(0 0 0)
(0 0 0)
(0 0 0)
(0 0 0)
(0 0 0)
(0 0 0)
(0 0 0)
(886.5424996 -0.01508570166 0.3184462445)
(0 0 0)
(557.0346391 -0.04022287594 0.1171839029)
(0 0 0)
(-1390.206099 0.1584620523 0.3707848649)
(0 0 0)
(0 0 0)
(0 0 0)
(0 0 0)
(0 0 0)
(0 0 0)
(0 0 0)
(0 0 0)
(0 0 0)
(0 0 0)
(0 0 0)
(0 0 0)
(0 0 0)
(0 0 0)
(0 0 0)
(0 0 0)
(0 0 0)
(0 0 0)
(0 0 0)
(0 0 0)
(0 0 0)
(0 0 0)
(0 0 0)
(0 0 0)
(0 0 0)
(0 0 0)
(-0.06466680649 1031.069483 -431.76812)
(1529.317445 -1498.801821 452.12015)
(0 0 0)
(0 0 0)
(0.07550296573 720.5154375 -301.3211868)
(0 0 0)
(-1739.794803 500.1076855 -1047.770555)
(0 0 0)
(0 0 0)
(0 0 0)
(0 0 0)
(0 0 0)
(0 0 0)
(0 0 0)
(0 0 0)
(0 0 0)
(0 0 0)
(0 0 0)
(0 0 0)
(0 0 0)
(0 0 0)
(0 0 0)
(0 0 0)
(0 0 0)
(0 0 0)
(0 0 0)
(0 0 0)
(0 0 0)
(0 0 0)
(0 0 0)
(0 0 0)
)
;

boundaryField
{
    walls
    {
        type            calculated;
        value           nonuniform List<vector> 0();
    }
    wallFilmFace_top
    {
        type            calculated;
        value           nonuniform List<vector> 0();
    }
    region0_to_wallFilmRegion_wallFilmFace
    {
        type            calculated;
        value           nonuniform List<vector> 0();
    }
    mirrorFace_top
    {
        type            calculated;
        value           uniform (0 0 0);
    }
    region0_to_wallFilmRegion_mirrorFace
    {
        type            calculated;
        value           uniform (0 0 0);
    }
    procBoundary3to2
    {
        type            processor;
        value           uniform (0 0 0);
    }
}


// ************************************************************************* //
