/*--------------------------------*- C++ -*----------------------------------*\
  =========                 |
  \\      /  F ield         | OpenFOAM: The Open Source CFD Toolbox
   \\    /   O peration     | Website:  https://openfoam.org
    \\  /    A nd           | Version:  8
     \\/     M anipulation  |
\*---------------------------------------------------------------------------*/
FoamFile
{
    version     2.0;
    format      ascii;
    class       surfaceScalarField;
    location    "0.1/wallFilmRegion";
    object      phi;
}
// * * * * * * * * * * * * * * * * * * * * * * * * * * * * * * * * * * * * * //

dimensions      [1 0 -1 0 0 0 0];

internalField   nonuniform List<scalar> 
2727
(
1.75477938e-179
-1.271100138e-165
-2.392046933e-169
2.481680778e-179
1.433422643e-187
2.131338806e-187
-2.423119531e-188
-1.461450033e-173
-3.861481096e-189
-1.659970798e-161
6.80637106e-175
1.55288237e-175
6.867573263e-229
-1.216317681e-229
-4.723757551e-215
1.858191269e-228
1.427390665e-314
2.342930592e-314
-5.296540029e-314
-2.079155443e-301
3.076326913e-315
3.542532038e-315
-3.118023244e-313
5.026426259e-315
-5.290753237e-302
9.631842737e-314
7.311822607e-313
1.149366273e-312
-8.743795955e-300
5.678966289e-107
1.819278348e-106
-7.677036642e-94
-1.080991177e-93
9.869277831e-81
4.01813483e-80
-1.040096427e-67
-2.096758871e-67
7.110490766e-55
3.679806241e-54
-5.187577531e-76
-2.178850736e-41
2.235417745e-105
1.556131776e-104
-1.17764467e-152
-5.429288274e-92
1.937616803e-188
2.019666382e-187
-2.666388639e-199
-3.619090563e-175
1.522503546e-201
3.080373578e-200
-1.390403719e-204
-5.991173812e-188
1.467312165e-217
4.38714558e-215
8.578488388e-217
-9.548361871e-203
-1.730421395e-228
4.094116857e-239
2.62109623e-240
-9.321582132e-227
-3.484471116e-252
4.198398935e-263
4.438291907e-264
-1.042552706e-250
-6.093992238e-276
6.502943792e-287
5.194904524e-288
-1.81593583e-274
-2.865152915e-289
4.561086951e-289
1.064014186e-288
-5.254408733e-276
1.727205054e-152
-1.947605487e-139
-1.145016211e-142
4.378828386e-153
3.597003174e-161
2.452897378e-160
-2.687076599e-161
-3.743277445e-147
2.284728335e-148
5.784531238e-149
-3.127752231e-162
-2.868870579e-135
5.490528032e-202
1.715533122e-202
-3.293165636e-203
-1.514605455e-188
1.027845804e-288
4.000192525e-289
-1.155543379e-288
-4.514226469e-276
1.689259209e-289
-5.013954446e-277
3.126268345e-290
-3.446447098e-288
-4.634490188e-286
-6.713702098e-287
2.318830509e-287
5.172981247e-288
-4.680213486e-275
3.380183525e-81
9.924617875e-82
-1.239579397e-68
5.565015966e-55
1.284919678e-55
-1.357208981e-42
8.334852297e-29
1.493681703e-29
-9.608688957e-51
-3.057772148e-16
1.195406646e-79
1.582718085e-80
-1.964960209e-127
-2.446486351e-67
4.066947749e-163
3.616210792e-164
-5.255207035e-175
-4.21647849e-151
7.352130044e-176
3.337542514e-177
-3.540937985e-180
-8.368321938e-164
1.316647755e-190
2.149887263e-193
2.718790646e-192
-1.68935559e-178
1.344001027e-214
-5.491687626e-204
8.862373241e-216
-1.78712134e-202
1.645575397e-238
-1.279951215e-227
1.791947079e-239
-2.392374274e-226
3.28399674e-262
-2.817574327e-251
4.09146962e-263
-5.525179824e-250
1.089730638e-263
-1.391545282e-263
1.324156946e-264
-1.712807972e-251
-1.540015326e-115
1.33327075e-125
-1.420906313e-112
2.532144565e-125
-1.650993518e-136
-1.709570296e-133
6.710012208e-136
1.103504355e-137
-4.754346515e-123
7.906586637e-135
-4.103254125e-147
-2.145521905e-133
-6.125400342e-122
-4.695698957e-136
2.441489169e-122
7.000888434e-123
-1.392058194e-109
-3.898645167e-136
1.129796198e-175
3.44534145e-176
-6.557846058e-177
-5.89053034e-163
1.42254955e-263
3.659006929e-264
-1.523693686e-263
-2.193585142e-251
8.058942055e-262
9.138659947e-262
7.240084093e-262
-9.361625983e-263
-3.065292882e-249
9.92377487e-07
7.624115031e-08
1.084000992e-13
-0.0002348273564
3.426780326e-55
-4.020013401e-49
-3.22781356e-43
-1.151397749e-102
2.966586752e-139
2.470270788e-140
-1.391644468e-127
-3.87998233e-151
6.493055634e-152
2.810902641e-153
-3.661407067e-156
-3.372596227e-140
1.48008873e-166
3.091866671e-169
-8.694026318e-155
3.019126939e-168
1.598221815e-190
-6.220725866e-180
1.090121691e-191
-9.39258687e-179
2.318841696e-214
-1.784865692e-203
-1.456397049e-202
2.98336695e-215
6.867568479e-238
-5.713319195e-227
-2.331588988e-239
-4.025810684e-226
0.004019536348
9.356824827e-05
-7.660138889e-06
-0.003442043534
-2.212464764e-05
4.106634774e-07
-0.0001732164582
1.852705832e-06
-3.319469507e-12
7.743519647e-22
-9.015390651e-09
1.914879812e-20
9.33808059e-34
-3.830114866e-28
1.104765632e-34
-9.418222761e-22
3.789469149e-47
-1.894641433e-41
6.494266443e-48
-4.73850398e-35
-1.28269437e-55
8.221533767e-61
-4.910179417e-48
3.534285037e-60
-1.097605259e-67
1.126671729e-72
3.588234361e-72
-5.89122945e-60
1.20094523e-88
-2.954279002e-81
5.154976677e-89
-2.651070197e-76
7.028439696e-110
-1.501026912e-110
6.853031557e-110
-4.134983278e-108
6.394248534e-110
-7.078496038e-97
-2.32330063e-95
1.085674544e-108
1.653428753e-108
6.866691414e-109
1.973293924e-109
-2.533399596e-96
4.886270835e-250
-4.127691903e-250
7.431107297e-251
-3.248640701e-238
8.996451062e-250
2.422096165e-249
1.677095314e-249
-8.195522275e-238
-8.480238712e-250
-3.028380016e-237
3.059380319e-226
2.234249462e-226
-3.270890737e-225
4.112855982e-227
-3.00594264e-214
0.000444956718
0.00233870484
9.300689593e-05
-0.001291225123
0.0009751472619
-0.0004691572086
0.0006837000975
-0.001076138307
9.52938765e-05
0.0001277758587
-0.0007146217808
-0.0005276729386
-3.999482998e-06
1.285796907e-09
2.846534544e-09
-6.156463014e-05
8.658320719e-23
-1.223886226e-10
-2.75667556e-16
3.265087864e-23
9.997449375e-36
5.011921115e-36
-1.615311871e-23
-7.39693713e-31
-8.051543838e-43
9.44488951e-48
-2.687931869e-35
1.413235595e-47
-3.395940607e-56
7.773907232e-64
8.425952099e-64
-2.099833001e-51
8.103291615e-85
-4.230220797e-74
9.109770105e-85
1.410516916e-85
-2.900304643e-72
8.789194852e-83
5.203016027e-83
-1.588014853e-70
5.338642375e-84
-1.190731425e-70
8.751144139e-227
-5.903735765e-226
4.50063266e-226
2.852353853e-226
-4.599970169e-214
8.141262765e-226
2.51499253e-225
2.01226546e-225
-1.102994495e-213
-5.754454607e-214
0.0004805152797
6.679912075e-05
2.822546108e-05
-0.0002540430669
0.0007132684628
-0.0001716795759
0.0003888917129
-0.0004885389963
0.0009490633975
-0.0006697040506
0.0009626872911
-0.0007876253762
-0.0008406058186
0.0006432688623
-0.001157633858
0.001082109891
4.264412612e-05
-0.0003595563595
-0.0005592046183
7.268640995e-05
2.116817795e-11
-4.141323886e-07
5.582794232e-11
-1.440110116e-05
4.191268346e-23
-1.003287456e-18
1.938585578e-23
-2.938090312e-11
4.062619094e-39
-8.063908013e-32
2.744061222e-39
-3.737935646e-27
-3.527742346e-38
1.42796767e-36
1.369243686e-35
1.57038778e-35
-7.362987536e-25
-2.842271317e-23
1.879479786e-58
-1.009919515e-46
2.093303282e-58
-1.185173207e-46
-8.393854324e-36
9.022499972e-35
1.41842275e-34
-2.216617479e-22
-1.350044231e-53
2.29071112e-88
1.405063758e-88
-2.65133256e-76
-5.530368752e-168
9.381110131e-180
-3.657445629e-192
2.527340063e-180
-2.511384776e-168
0.002936724264
0.0005632533838
-0.001633750659
-4.76718265e-10
7.237942558e-25
-3.595077746e-14
-4.974869147e-24
6.673107355e-47
-4.616683455e-71
2.350588328e-59
2.090393992e-60
-2.915020017e-48
5.033754163e-73
1.402863518e-71
-2.486482606e-60
-1.107135346e-75
-3.430431018e-100
8.054919495e-86
5.344520451e-88
-1.82920768e-74
2.330350426e-111
-8.107319801e-123
5.448589539e-110
-1.503957412e-98
4.736868528e-134
5.397031538e-134
-1.263041093e-122
-4.508443767e-146
1.15998391e-156
-2.664497309e-145
-7.078642084e-146
2.590366138e-156
1.855187315e-179
2.273137127e-179
-3.83316093e-169
-7.473285396e-168
6.397095554e-156
5.049478308e-155
-6.280948353e-142
-3.270465661e-155
-4.932047916e-166
-3.387467492e-190
5.89667642e-180
9.196179897e-180
2.763187739e-166
4.673463777e-167
-7.534787923e-153
1.746917373e-177
4.650037803e-176
-1.319488764e-162
-1.60201872e-176
6.710204939e-175
-5.55392488e-177
-1.188324898e-161
-5.889481586e-189
1.644097634e-187
-8.927052338e-174
8.492829658e-188
-3.844316922e-175
1.339084617e-188
-8.230310151e-176
3.093828327e-162
-1.140312098e-215
-1.118190383e-161
-6.186388285e-216
2.680952734e-229
-1.668773512e-216
-6.562428588e-302
-9.496497349e-203
2.997978491e-69
-1.511132945e-67
2.758703925e-70
-7.074140455e-55
6.196234302e-82
-1.254611328e-66
1.891914752e-81
1.410957277e-84
5.785722748e-84
4.238640398e-71
-6.158697649e-57
3.735332653e-72
-2.393046561e-57
3.125810633e-71
-7.347920944e-56
1.565512698e-70
3.054552391e-86
1.693004274e-85
1.431998599e-101
-2.374447284e-87
1.696201507e-102
-4.58784062e-88
2.258308657e-101
-2.360501732e-86
1.272963713e-100
1.701481593e-116
9.188514159e-116
8.255567877e-132
-1.562912829e-117
1.351143603e-132
-4.070174688e-118
1.266103039e-131
-1.117077054e-116
6.324902983e-131
1.154239269e-146
5.248560609e-146
5.09579585e-158
-1.883332742e-147
1.088181102e-158
-1.039755641e-143
1.197765704e-161
-9.986302304e-147
4.941327196e-161
3.468662639e-173
1.305144573e-172
2.248168702e-172
-3.385492187e-165
5.781538683e-173
-4.250338817e-158
9.958680645e-180
-1.42795592e-164
3.458558697e-179
1.690970513e-187
5.521540724e-187
4.563942171e-185
-1.279845939e-178
1.244567683e-185
-1.085511649e-170
3.148619182e-193
-4.728475607e-178
9.932431891e-193
3.007476588e-200
9.547430715e-200
1.002511784e-199
-2.349245389e-191
2.12360473e-200
-2.997155066e-185
4.317085943e-206
-9.178428044e-191
1.472305196e-205
3.763927037e-215
1.547982078e-214
1.075358839e-209
-2.338654443e-209
1.07651092e-211
-9.397223116e-195
3.437445139e-224
-1.735314762e-208
2.175247396e-223
2.705339831e-226
1.293075764e-224
5.018232249e-197
7.606990129e-198
-5.650668028e-208
-1.8012462e-182
-1.062601936e-212
-7.038748687e-210
4.106277045e-225
6.019258976e-212
-1.05608167e-222
5.151698146e-88
-1.840000259e-73
4.80863438e-88
1.180169658e-71
-1.31415954e-73
4.049380922e-72
8.681981717e-87
4.763302992e-87
5.145504054e-99
-1.004620226e-96
2.526463019e-99
4.581496858e-102
-1.522897167e-96
3.613448312e-102
1.891521213e-114
2.008802733e-114
2.331867297e-100
-5.946837644e-86
7.704941074e-101
4.17284751e-101
-1.529427172e-85
5.656450781e-101
7.243963359e-116
1.186633795e-115
1.638833977e-130
-6.769961836e-116
4.780214625e-131
5.91925634e-131
-2.24775411e-115
1.106682664e-130
5.009127322e-146
1.011903248e-145
8.941165679e-161
-3.753027348e-146
2.75994399e-161
3.029957706e-161
-1.269396083e-145
6.310379469e-161
2.55956727e-176
5.301706278e-176
1.489601898e-187
-2.782855297e-176
5.194685164e-188
1.905161491e-191
-8.501166873e-176
3.832211524e-191
3.332422617e-203
6.428944837e-203
5.903594767e-202
-1.361801213e-194
2.283903338e-202
7.830508149e-210
-3.682753208e-194
1.445430931e-209
1.274941873e-217
2.269339681e-217
8.377930604e-215
-3.533852407e-208
3.257108032e-215
1.40015146e-223
-8.939190428e-208
2.451771708e-223
1.367398054e-230
2.446606856e-230
9.555121527e-230
-3.631992866e-221
2.799359469e-230
9.193485945e-237
-1.013084875e-220
1.804115505e-236
7.045634784e-246
1.761710469e-245
5.818726787e-240
-1.970679547e-239
-1.658960837e-242
1.367439611e-255
-1.100733211e-238
7.02021302e-255
-2.417883098e-257
6.903182621e-256
2.545797446e-227
7.575862307e-228
-6.116469752e-238
-2.120442311e-243
-1.700772242e-240
1.272307996e-256
-1.603751015e-253
2.71152966e-243
3.473037945e-224
3.458244364e-224
-2.696734631e-231
-1.032602605e-208
-1.407267929e-239
-9.595014698e-238
1.041113111e-253
-8.139972339e-232
5.778136018e-240
9.826649641e-217
1.83020839e-216
-7.576054777e-202
-1.110887882e-202
-1.378883101e-216
-1.94396448e-231
2.3945592e-232
3.322560787e-217
-1.101655071e-201
1.300035711e-89
-1.030178425e-73
6.662351457e-89
8.39789059e-80
-9.504768136e-75
-9.406284109e-90
6.244043499e-95
-2.930962901e-105
4.40735036e-120
-3.01865955e-104
9.582108605e-120
2.835407008e-110
-9.645467221e-105
-1.122375698e-120
8.214668564e-126
-2.542056162e-136
1.724995586e-131
-1.307942877e-116
2.293029234e-131
5.353596095e-133
-7.951282411e-117
-3.668336992e-152
2.384558726e-147
-4.1727283e-168
1.542068e-161
-2.104441361e-146
1.587322531e-161
1.380685786e-162
-1.84848736e-146
-5.24831028e-184
1.375731841e-177
-7.310984709e-200
7.304788504e-192
-1.00580411e-176
7.060400961e-192
5.495143849e-193
-1.029264827e-176
-9.021657696e-216
4.73840959e-208
-9.165808391e-232
7.044230599e-219
-5.06606116e-207
7.26313954e-219
2.179372701e-223
-5.132642224e-207
-7.942027166e-248
3.699991112e-235
-1.354545136e-264
1.927553483e-233
-1.476840006e-225
2.239650354e-233
6.083570108e-242
-1.35256334e-225
-9.540622382e-281
8.462459947e-250
-5.293221769e-297
1.225712867e-246
-1.868785522e-239
1.57766946e-246
4.775660593e-256
-1.516981352e-239
-3.114429544e-313
3.512593515e-263
-0
2.937485057e-262
-6.980255299e-253
3.558476135e-262
8.228933344e-270
-5.365814051e-253
-0
2.023556671e-279
-0
-0
-4.589137382e-273
-2.695365021e-273
-0
-2.63813359e-272
-0
-1.921369478e-310
-1.672855547e-312
-3.417629826e-294
1.62646588e-259
-1.517399773e-269
-8.099260475e-294
1.101386525e-310
-3.333204901e-296
-1.290698667e-277
-2.861597645e-280
-2.262437077e-262
1.858126378e-255
-1.974752873e-245
-9.187392336e-262
4.186898413e-278
-1.638429232e-264
-3.160194093e-246
-4.611622264e-249
-7.108134338e-232
2.822450234e-230
-2.513843592e-215
-6.578582967e-231
5.64358213e-247
-9.665660223e-234
-8.415024438e-219
-6.207838337e-216
-8.897290314e-116
-1.111683445e-88
3.97203775e-104
3.795221111e-100
8.749032264e-101
-1.364088445e-113
3.043150592e-115
-2.86267402e-129
-2.40878947e-146
-1.843589683e-119
5.39092498e-135
1.531449404e-130
5.705511002e-131
-2.079716354e-144
5.079945627e-146
-1.038447818e-159
-1.515628776e-177
-1.038540852e-150
1.393469122e-166
1.176688715e-161
7.050381962e-162
-3.779371507e-175
2.025544074e-177
-1.054688618e-190
-3.474922545e-209
-1.388938896e-182
1.101062522e-198
2.754444361e-193
2.534418879e-193
-2.350010135e-206
3.127474889e-209
-4.308742442e-222
-4.298210741e-241
-7.406400093e-215
4.447971341e-231
3.106947149e-225
4.091018129e-225
-6.751533012e-238
2.799483629e-241
-6.862874266e-254
-3.753660452e-273
-2.497603579e-247
2.962301174e-264
2.34059655e-257
4.151430683e-257
-8.434481401e-270
1.828933925e-273
-2.333899148e-286
-2.514469385e-305
-1.514586217e-280
6.181752184e-297
1.320540108e-289
3.19025236e-289
-2.379270628e-302
8.496658458e-306
-1.657362972e-318
-0
-2.614133781e-313
0
4.495997377e-322
1.768755012e-321
-0
0
-0
-0
-0
0
0
0
-0
-0
-0
-0
4.032782204e-313
-1.65696229e-296
-0
0
-0
-1.176522864e-309
-0
-2.173598862e-293
2.187781132e-280
-1.725528583e-264
-1.12381131e-293
3.381210504e-309
-0
-5.825524282e-278
-0
-1.90513464e-262
6.387611181e-249
-1.734937483e-233
-1.763633574e-262
8.229301184e-278
-1.477701632e-316
-5.472926688e-247
-2.041327067e-301
-4.523428163e-232
2.01528726e-218
-2.659391015e-203
-6.857272752e-232
4.636507156e-247
-2.371860368e-286
-4.523692739e-217
-1.3702907e-271
-5.606330546e-203
8.330228195e-189
1.680393505e-189
-1.590069893e-202
2.296977374e-217
-6.538123122e-257
-1.13598705e-242
-4.223456227e-142
-3.618093593e-113
5.62686376e-129
6.638139523e-127
3.60923937e-127
-6.626265661e-142
5.598444457e-142
-6.989644133e-157
-1.902034877e-172
-3.075665622e-144
1.172053848e-159
3.250029433e-157
3.339776135e-157
-5.910261781e-172
1.373043492e-172
-1.253586699e-181
-5.083800357e-198
-3.296580435e-175
7.198468453e-191
1.942766718e-183
3.59994072e-183
-5.874453677e-168
2.07402432e-198
-6.607949718e-183
-1.468769395e-228
-1.274493451e-206
1.893976821e-222
1.155666339e-213
3.679754534e-213
-3.572763164e-198
3.641715034e-229
-1.16284901e-213
-9.770382213e-260
-2.460302529e-238
2.117140396e-254
9.060011402e-245
4.496126008e-244
-2.828201425e-229
1.643506613e-260
-4.505789644e-245
-2.761773398e-291
-2.232283149e-270
5.296937349e-287
2.595015714e-276
1.817383383e-275
-7.037959288e-261
3.341369477e-292
-7.311729152e-277
-3.952525167e-323
-4.533290629e-303
2.509161789e-319
3.634971623e-308
3.658820736e-307
-8.334270805e-293
4.940656458e-324
-6.230583594e-309
-0
-0
0
0
0
-0
0
-0
-0
0
-0
-0
0
-0
-0
-0
-0
0
-0
-0
0
-0
-0
-0
-0
0
-8.247171525e-317
-0
0
-0
-2.112405336e-317
-0
-6.008964433e-302
1.48180365e-301
-2.179603074e-286
-3.707318952e-302
4.433401236e-317
-0
-4.028399123e-287
-0
-2.76814804e-272
1.595532139e-271
-9.880564746e-257
-2.721227608e-272
5.172417023e-287
-0
-1.61210823e-257
-0
-2.411269469e-243
2.470347545e-242
-4.555212884e-243
1.248805328e-257
-0
-0
-2.792579003e-170
-8.763915442e-142
6.509342398e-157
2.177286597e-155
2.305347995e-155
-9.116900896e-170
1.79339914e-170
-2.391228818e-178
-1.843536521e-166
-3.91742177e-172
5.92863287e-182
7.835696906e-180
1.799578921e-179
-1.349758461e-164
5.411333942e-167
-1.977785786e-151
-3.98701348e-168
-1.991456635e-168
1.625714789e-183
1.125294013e-153
5.685484691e-153
-3.406944651e-138
5.376355137e-169
-1.074195306e-153
-3.107141156e-199
-6.524009121e-199
1.627790955e-214
1.314794207e-184
1.395564182e-183
-1.77207905e-169
2.13707547e-200
-1.771725471e-185
-6.182540174e-231
-3.153664562e-230
4.149605632e-246
2.640076314e-216
4.950935267e-215
-1.116532439e-201
2.718261031e-232
-5.172447124e-218
-6.152802259e-263
-5.473413902e-262
4.779315979e-278
2.475599057e-248
6.565864759e-247
-2.201538144e-234
1.974908007e-264
-7.44438262e-251
-3.296916146e-295
-4.35462714e-294
2.249310275e-310
1.262865571e-280
5.040628268e-279
-3.342264426e-267
4.814554045e-297
-7.55663416e-284
-0
-0
-0
-0
1.282742583e-311
-9.508956802e-301
-0
-0
-0
0
-0
-0
0
-0
-0
-0
-0
0
-0
-0
0
-0
-0
-0
-0
0
-0
-0
0
-0
-0
-0
-0
0
-0
-0
0
-0
-0
-0
-0
0
-0
-0
0
-0
-0
-0
-7.784721242e-154
5.321371457e-155
5.110202725e-154
-2.23660039e-139
-1.758239467e-163
-5.853245982e-170
9.786981703e-179
9.393653878e-169
2.434108426e-168
-4.267827237e-154
3.782752765e-164
-8.006111356e-149
-1.052128104e-136
-3.444916132e-165
3.067783562e-152
6.858266468e-151
6.252628781e-150
-1.85439502e-135
4.867750061e-138
-2.900724745e-122
-5.777509836e-140
-3.122790837e-139
5.659456808e-155
1.243252876e-125
1.282664144e-123
-4.707331651e-109
-1.068261207e-174
-3.461367257e-130
-1.706267678e-220
-5.308200605e-171
3.171504037e-187
-2.915764911e-222
1.181829791e-172
-1.715972567e-158
-8.090074099e-256
-3.404929096e-206
-7.547592542e-265
-1.407403042e-203
5.773231643e-220
-1.217068089e-266
4.337278833e-254
-3.232430028e-240
-5.81783387e-269
-5.61555586e-251
-5.960553624e-270
-2.492988794e-236
8.334807272e-253
-3.650886924e-272
5.096367646e-267
-3.924776577e-253
-7.948667941e-285
-4.907346971e-256
-4.04352603e-294
-3.008785173e-269
2.270956392e-286
1.487431282e-285
4.660074176e-282
-3.842577204e-268
-6.235900928e-309
-3.352932532e-280
-2.978262298e-318
0
-0
-2.966370138e-320
3.518334393e-306
-2.957686328e-292
-0
-2.545546506e-304
-0
0
-0
-0
0
-2.216756596e-316
-0
-0
-0
0
-0
-0
0
-0
-0
-0
-0
0
-0
-0
0
-0
-0
-0
-0
0
-0
-0
0
-0
-0
-0
-0
0
-0
-0
0
-0
-0
-0
-3.402304947e-125
-3.172876738e-125
8.021345225e-140
3.351996334e-126
-7.904864251e-112
-1.90612567e-134
-7.110632074e-155
4.435212558e-150
-2.063385784e-136
2.417615287e-140
-1.414491741e-133
-1.960747654e-122
-2.293173502e-120
-4.652585717e-108
1.562031658e-124
-1.61784331e-110
-3.815595656e-109
3.32450329e-121
-3.835384996e-107
-6.174410711e-96
-4.918665463e-94
-4.170022798e-116
1.677601485e-131
-9.0960499e-160
-3.769594266e-117
6.807364121e-95
-6.341775846e-81
-1.271083655e-145
-2.920545294e-102
-4.394148636e-192
1.740108318e-207
-1.456836024e-241
-3.291210238e-193
1.504899208e-144
-7.572700915e-131
-9.163172348e-228
-2.79406884e-178
-2.532915093e-237
2.052398184e-252
-1.054759937e-254
-1.265754356e-238
1.452907543e-226
-3.746761128e-213
-6.707597412e-241
-6.591358793e-224
-2.47400498e-242
8.450628735e-258
-3.368303428e-270
-5.755610194e-244
1.840978764e-239
-5.005207382e-226
-2.215507454e-256
-7.264539966e-229
-1.722799299e-266
9.650627705e-283
-3.707635219e-295
-3.119120837e-269
1.951968026e-254
-5.807686299e-241
6.404562004e-269
-5.211513743e-253
-1.369899957e-290
1.543945845e-306
-4.410667299e-318
4.666720722e-281
1.552540588e-278
-4.831823144e-265
-8.717476658e-305
-4.40928734e-277
-1.290500953e-314
0
-0
-4.015603219e-316
1.222428018e-302
-4.074443476e-289
-0
-4.447689452e-301
-0
0
-0
-0
0
-5.545993079e-313
-0
-1.017295768e-313
-1.593911415e-315
0
-0
-4.537864846e-316
0
-4.468010623e-314
-0
-4.780033865e-302
-0.0004598027634
-1.781424322e-05
-3.150596096e-05
3.315957028e-06
1.312044421e-05
-0.002633322009
-2.030509433e-21
-6.826426958e-11
1.072267707e-23
3.674087696e-23
8.685199342e-10
0.002189407264
-0.003501475047
2.285508541e-20
-1.160449338e-18
-6.830609927e-49
4.613412767e-64
4.070486458e-63
1.592870065e-61
-1.097314936e-51
1.446598569e-32
-8.665181725e-28
1.868117544e-50
-1.99607447e-36
-2.250601568e-64
-2.243467944e-71
3.483297345e-78
4.281211107e-77
9.081909943e-59
1.640388347e-57
-4.394845463e-45
1.865712428e-65
-7.090777727e-52
-4.353314739e-78
-1.665905139e-84
1.201575104e-91
8.824872048e-91
7.154748771e-72
6.486060791e-71
-1.874178994e-58
6.014011003e-79
-1.734965655e-65
-2.020868594e-92
-4.85984413e-98
7.593059966e-106
3.958189189e-105
2.484856647e-85
1.4903067e-84
-5.151767917e-72
3.960761547e-93
-7.866508144e-80
-1.009019442e-104
-3.328118259e-111
4.449024818e-118
1.784362864e-117
1.909856181e-98
8.445947612e-98
-3.91270133e-85
2.605252219e-105
-3.966014167e-92
-1.107104319e-118
-2.105037989e-123
4.549376778e-132
1.520945483e-131
1.461300797e-110
5.022588698e-110
-2.811932414e-97
3.372900712e-119
-5.297720179e-106
-6.712723828e-128
-1.19684317e-140
3.175416419e-141
7.141632991e-141
1.404705209e-127
3.254628207e-127
-5.380435241e-114
-3.30313755e-115
2.688228143e-129
4.129675729e-139
-6.918606179e-126
8.207048661e-139
-5.789086198e-129
4.279638136e-140
-1.260752101e-126
-9.681119556e-136
1.224569976e-139
4.001630037e-141
-1.121833903e-126
1.510441286e-159
-2.007614518e-149
1.326113328e-160
-1.173483091e-146
-3.333476032e-147
2.39453574e-161
1.628135036e-160
-5.470002867e-149
-4.319702838e-148
-2.128340852e-134
-1.4465794e-134
-0.004684331708
4.701120064e-05
-1.598141851e-09
6.729761269e-18
-4.990996094e-08
-1.191574979e-30
5.675608159e-38
-3.937163974e-24
-1.49088162e-39
-2.390996264e-46
5.698317908e-53
-4.23638417e-53
-1.991799007e-59
2.302504423e-66
-8.192827844e-73
1.467433046e-80
-1.940957687e-67
-8.466754522e-86
9.907544114e-93
-1.122380852e-79
-1.704770314e-93
-8.172688473e-98
1.706385774e-106
1.394700143e-05
-0.006478358956
0.00401567128
-3.150432376e-06
2.245497446e-40
-4.123311716e-27
-8.662131026e-34
7.073448104e-47
3.660090187e-46
1.007614166e-53
-1.314135173e-40
1.21527966e-59
3.454218319e-60
1.103307966e-93
-7.955304871e-81
-4.439556453e-85
-1.1071041e-101
-5.233486935e-112
2.097401914e-115
4.225137077e-117
9.36951767e-102
1.64693865e-101
2.523395029e-112
-1.9242217e-99
4.778521152e-127
-2.880014238e-113
-3.857663546e-100
6.821654597e-114
-1.115182097e-126
-4.647235063e-123
2.268107757e-122
-2.355924586e-113
1.485300356e-123
-6.432764533e-121
-4.69910057e-123
2.602700067e-134
-0.005835465401
0.0001601788915
-0.0007212676508
-1.000767424e-05
9.900205272e-12
0.000145325553
-0.0002982697196
1.08125871e-05
-0.0004348745197
-4.534217598e-15
1.429438927e-08
-1.636488995e-28
-8.53727704e-43
6.38947282e-55
1.592189979e-35
-4.708255194e-29
3.322118104e-43
-1.689092944e-30
-6.381233521e-55
4.084045031e-67
2.200209273e-48
-1.398433992e-42
3.288903981e-55
-1.697143946e-68
7.651537563e-101
-8.374824742e-87
-3.1198765e-100
3.509261825e-109
-8.091983283e-97
5.886258593e-97
-6.657193201e-87
2.1823562e-98
-2.564918461e-108
6.50718269e-122
1.191320218e-120
1.297357329e-109
-1.000765363e-95
-6.185849228e-97
3.172589612e-109
2.815997773e-108
-1.163080897e-95
-1.999388698e-95
1.333592631e-95
1.953036548e-96
-3.242625966e-83
0.003593644766
-0.001740883392
0.00115679603
0.00101686928
-0.0008259204982
-0.0008677066316
2.405891808e-06
-0.000284279204
0.001215497494
4.468917863e-10
-3.18283727e-06
6.162812605e-19
2.672007703e-18
-1.923368068e-07
-2.453954499e-30
8.99271564e-24
1.577543266e-30
-3.572173239e-18
4.3652781e-56
-8.935625658e-44
2.01028832e-35
3.774523329e-74
-1.180893944e-61
-9.456547249e-63
4.691470733e-60
-3.111903745e-49
6.75755788e-60
-1.271334001e-47
1.277046818e-58
-2.439010234e-46
1.663179033e-58
1.260333267e-59
-1.266673533e-46
0.0003258320306
-3.372890609e-05
0.0002260355728
-8.329723391e-05
0.0006511203519
-0.0005627549887
0.001054784379
-0.0003160159714
-0.002270099114
9.588892407e-05
0.001027629942
-0.0006976927112
2.957050367e-37
-4.296443047e-27
3.225831749e-37
-5.677886031e-25
9.610242486e-35
1.407386984e-34
-3.382209399e-23
-1.963238851e-22
-3.710893634e-14
5.016484088e-29
-1.319057913e-52
1.593643588e-27
2.905901317e-15
1.573359746e-24
-4.058804744e-06
-9.959882261e-62
2.984304719e-78
9.654763561e-77
5.524752028e-75
3.256842394e-63
-7.726872565e-90
-6.96278493e-49
-1.420416115e-95
-1.948320306e-91
6.082853556e-106
1.108172642e-104
-1.103041741e-88
8.541047176e-97
-9.816543922e-83
-4.421437959e-109
-4.317487734e-117
2.127954301e-123
2.287880733e-122
-1.025365658e-103
5.362935118e-110
-3.30920658e-96
-6.168512098e-123
-1.011768033e-130
3.211139394e-137
2.466400728e-136
-2.933791338e-117
1.122640943e-123
-5.448397064e-110
-2.554894293e-136
-5.601464087e-145
1.689097401e-150
1.041312949e-149
-1.749305808e-131
6.185645173e-137
-2.495597105e-123
-9.136439532e-149
-1.920192226e-157
5.252224482e-163
3.045859067e-162
-8.069894623e-144
2.750480417e-149
-1.058537561e-135
-3.143882056e-166
-5.868144713e-172
8.794136552e-181
8.76159755e-180
-4.533701355e-158
8.99402775e-167
-4.488048181e-153
8.273118017e-169
-3.442460464e-168
1.668326873e-168
-4.032131896e-168
1.055327748e-182
4.833208676e-181
-1.100501773e-167
-1.216104532e-154
-1.576929333e-41
-8.087578972e-73
-3.765804103e-103
-5.422064237e-133
-2.717215704e-150
-1.01943141e-163
-2.434965895e-176
-5.74641973e-194
-2.747987548e-195
-1.275367447e-192
-2.153970446e-194
1.914699688e-207
6.53028423e-190
-6.203844146e-190
7.40743219e-191
5.962758849e-190
-1.407292992e-189
1.862064835e-203
4.007332322e-203
-1.249581771e-175
-2.538992645e-222
-3.557124308e-217
-1.946524871e-189
7.780858258e-189
9.255383617e-189
1.995770498e-188
-1.205181789e-174
2.448715356e-202
-1.22523223e-202
-1.399360788e-200
-3.86580501e-217
8.256614151e-204
-0
-0
0
-5.818813158e-314
-0
-0
-0
0
-0
-0
1.048645712e-134
-2.548305616e-121
-1.081836847e-119
4.813826785e-108
-6.220702717e-95
-2.894050599e-93
7.638350952e-82
-3.224413651e-103
-2.899952017e-67
7.414814321e-132
-2.343984698e-179
-2.068116683e-117
2.583153143e-214
-3.530073037e-225
-5.239895223e-200
1.90910675e-227
-1.682246938e-230
-7.444235129e-213
5.333302667e-243
1.760609694e-243
-9.533148886e-228
-6.353920345e-255
7.940606645e-267
-8.376617627e-252
-5.633920161e-279
-1.747144712e-303
-7.71255335e-276
2.233185019e-314
-9.382079285e-315
-1.111599798e-299
7.233924159e-315
-7.947161605e-303
-8.821893349e-301
4.292321654e-302
2.292987856e-302
-2.496207307e-290
-2.178651617e-289
1.526795317e-314
-9.392531905e-312
3.113630865e-315
0.0004383893347
2.912592244e-36
4.190365918e-70
1.530568661e-83
2.966897714e-97
1.510421485e-110
7.579366448e-123
3.970072207e-140
3.161471922e-142
-1.025651005e-128
1.300204166e-141
-7.735240792e-129
2.752607298e-163
1.867397033e-162
-2.100127609e-153
-2.062415313e-149
-1.973226839e-149
7.483044563e-164
-2.523153801e-148
2.03298136e-161
7.032043344e-164
1.836585387e-148
1.105931284e-148
-6.272518742e-278
2.233776576e-286
-6.61491852e-274
3.143921358e-277
-6.480885899e-265
-7.040846724e-274
-1.765960653e-15
-1.860984821e-08
4.254288307e-16
-8.002361314e-33
-2.483777044e-25
-1.021762636e-72
-6.440428061e-68
3.904578582e-73
-8.741787734e-85
-4.91464345e-80
-9.613021596e-265
1.053952311e-263
2.443098352e-264
-1.472689326e-251
-5.351395545e-274
4.957532353e-264
-7.943660591e-252
-8.160358755e-262
5.720317868e-274
8.058078657e-274
-3.040258877e-263
-2.891052813e-261
4.862205618e-250
-2.823486829e-239
1.034068987e-250
-4.474798283e-238
3.08834528e-100
-7.063012966e-87
4.104510438e-108
4.880198415e-108
-2.299420926e-95
4.43504134e-109
-3.631880374e-95
8.005412752e-121
1.053117899e-121
-2.564846621e-84
9.990708713e-97
-1.109560948e-115
2.481787612e-97
-2.441615321e-71
1.481700185e-84
-8.726312589e-103
7.253735372e-239
2.025535265e-239
-5.881798449e-239
-5.614276537e-227
-0.003128472781
0.002102473848
0.0001668472388
1.978865207e-09
-0.00415959505
6.450428723e-09
0.0004822715417
3.897837856e-31
-2.35940409e-29
-1.827625709e-19
2.744299914e-65
-1.920311084e-104
8.298904412e-116
7.227813639e-117
-1.254295775e-127
3.186875208e-105
-6.160724414e-93
-5.982440733e-116
2.235292892e-128
-5.784921536e-117
1.062284313e-129
-1.754319961e-132
-1.909004899e-131
6.519369778e-143
3.8017296e-145
1.13764367e-144
-7.793912003e-120
3.658203388e-133
4.68508483e-133
6.933641017e-167
-1.894287558e-155
-2.58977524e-156
4.89891223e-168
-3.187370328e-179
1.14145362e-190
-8.646747224e-180
1.604447183e-191
-4.312269507e-168
-1.155293551e-167
8.291911297e-180
5.290897759e-214
-2.011956613e-202
-4.23055602e-203
1.209210146e-214
3.519603198e-83
4.674330827e-83
-2.543459222e-71
-7.032871614e-71
-5.820633312e-84
2.041643411e-96
-3.199398253e-90
1.645485595e-71
-6.848926655e-59
-5.570906682e-215
-9.960740094e-203
5.186397868e-215
3.716899587e-215
8.877344118e-215
-3.660079744e-203
1.264772491e-214
-4.568172382e-203
2.674922144e-203
-3.624268524e-191
-2.067495667e-26
-2.677450382e-16
1.131864493e-27
6.569334751e-55
-2.666173043e-15
-1.794638251e-25
2.812194033e-51
5.822499459e-94
-1.307184819e-82
-1.838917719e-97
6.905326201e-95
2.436739262e-108
1.310279279e-109
-6.22812467e-97
-1.988334351e-122
-4.103237791e-133
7.032410938e-144
-1.89451219e-132
8.926158062e-145
2.701192578e-156
-3.753267532e-145
-4.307887661e-145
8.505697939e-157
-3.955865938e-202
8.109206645e-214
7.753002736e-214
4.245171109e-215
-2.199808759e-202
-8.404283282e-191
4.511085024e-202
-7.479207771e-191
2.746315273e-05
6.597217672e-06
4.328977906e-06
-5.974501317e-06
0.0001814048921
-6.140842349e-05
0.0002123426191
-8.323901403e-05
0.0004756562498
-0.0005008571684
0.0009493752394
-0.0002937634826
-0.0007711013011
-0.002294087475
0.002757831479
-0.001537493981
0.002188172042
-0.0005894888749
-0.0008253990939
-0.002830114081
-0.002773314054
0.003131002323
-0.0007838663312
0.0004406532211
-0.003079647406
0.002462942926
-0.0007075285997
3.594383651e-05
-0.001219960588
0.0001611553238
-0.0002908439767
5.639296596e-15
-3.863402634e-07
2.170617704e-14
-2.035592398e-06
3.373865414e-07
3.493222747e-07
2.795573288e-07
2.547055071e-07
2.75332055e-05
-2.517616803e-05
0.0001282906506
-4.400578923e-08
0.0001413836341
-0.0003913113022
0.0008932446249
-1.330833827e-08
0.0003541717619
-0.001665412222
0.002650453956
-4.199472911e-09
0.0005480533496
-0.003701237899
0.004632321191
4.173295348e-09
0.0005899112304
-0.00526359617
0.005469822158
9.75203073e-09
0.0004295981691
-0.005172446018
0.004325130641
8.680975305e-09
6.849236938e-05
-0.002893941914
0.0009083522242
1.857469549e-09
8.173909564e-12
-3.926297471e-05
1.679628268e-10
1.143226913e-17
-3.077132325e-05
3.463524959e-05
-3.606338321e-08
0.0001561459161
-7.435772386e-12
-8.560330335e-12
1.186481951e-21
1.534907867e-21
-1.339603062e-13
-3.660738648e-23
3.639864256e-24
2.393546026e-24
-3.449206586e-15
-4.661530157e-25
5.810801638e-26
1.214313401e-26
9.194158174e-26
-5.31929703e-27
2.192843226e-29
-1.407087793e-52
-4.763160571e-27
-4.677089872e-38
9.159197588e-39
-6.873296267e-76
-5.836613325e-29
-1.302430587e-39
9.807867702e-41
2.166363422e-93
-9.935404825e-34
-1.905159071e-42
1.321785767e-45
7.195716453e-109
-8.788748729e-62
-1.116773833e-52
1.666948258e-64
-8.373910802e-145
-0.0004597477418
0.0001495114142
-9.674116917e-09
0.0009694175325
-8.532415614e-23
-2.882683799e-13
2.885872167e-24
1.769870453e-23
-2.988374243e-35
-1.254703366e-35
1.142918104e-46
5.090661853e-46
-5.449858913e-38
-3.024396829e-48
8.672643197e-50
3.264354914e-49
-3.552896329e-52
-4.825541165e-52
9.309674346e-64
2.468348252e-63
-8.583031856e-77
-1.103617436e-75
1.097318556e-87
1.492592658e-87
1.009904024e-111
-1.253897944e-99
2.415930923e-111
2.888887273e-112
1.066671553e-134
-7.443031636e-123
2.855846666e-134
-2.302132955e-146
2.147410392e-157
4.822686744e-157
-1.265792925e-145
8.778992463e-158
-1.911150583e-27
7.776311623e-41
-1.520914615e-14
2.141125939e-57
-3.670001269e-07
-1.764117081e-37
7.734713612e-51
-1.225862933e-27
2.285185021e-43
7.43151976e-59
5.268963882e-15
-1.970026533e-50
-3.776774104e-87
5.408468689e-90
-3.397205709e-74
4.12109624e-74
3.354182853e-89
-9.080221822e-77
6.310211268e-76
-1.129296997e-102
5.838983743e-116
-8.82143582e-90
3.642348154e-104
4.933882064e-119
3.876413209e-84
5.314786546e-91
-1.9342126e-116
9.0433699e-130
-1.654706598e-103
7.921979363e-134
1.775613943e-144
2.675222373e-97
1.67701253e-104
-8.244157452e-131
3.801305715e-144
-7.222081805e-118
5.280962534e-151
9.159101554e-159
6.640257065e-111
1.028604591e-118
-2.969167919e-143
1.113842601e-156
-2.93526607e-130
2.363965091e-164
2.599006269e-171
4.06676484e-124
5.380567468e-131
-1.412486522e-157
4.00369991e-171
-2.018579575e-144
5.619796633e-177
5.911928648e-186
2.154603578e-136
4.429079089e-145
-4.579453954e-167
1.451327282e-180
-7.482269902e-154
7.401373261e-195
1.81494556e-196
1.017889918e-153
1.810981612e-154
-1.737593319e-184
-1.913895919e-193
6.258601137e-194
-6.902662317e-209
-3.050244107e-217
-1.266420966e-202
-2.971635635e-175
-2.280750176e-174
3.388616114e-202
-2.631239689e-201
1.693720157e-187
-6.10272289e-174
-9.856761278e-175
-1.211882002e-160
-0
-0
-2.511354656e-314
4.62302667e-314
-5.605747024e-301
2.390410444e-314
-5.232533745e-301
-1.245494024e-314
-2.172042455e-301
-9.76298041e-302
-2.651285508e-288
-3.15017737e-302
-2.068010086e-288
1.012505053e-314
-9.418519313e-302
-9.181129472e-303
-3.320180124e-289
-0
-0
1.336879842e-311
-8.638489228e-299
-0
5.16003993e-313
6.174352005e-313
-6.270569598e-300
-8.625859286e-301
-1.789368412e-300
-1.844384517e-287
-9.210264102e-300
-2.433028897e-102
-4.714538326e-89
-1.413340432e-120
-4.370251702e-76
-2.294030354e-94
-2.082306422e-63
-1.481398987e-106
-2.002289631e-107
-2.790292174e-93
-3.763985991e-94
-1.50821467e-80
-2.846879375e-81
-3.532395061e-68
-4.761040604e-68
-3.139164239e-80
-3.783814325e-81
-4.751543681e-67
-3.166463175e-68
-2.361177647e-54
-3.537861996e-55
-2.874948328e-42
-6.641371425e-42
-1.128543632e-88
-1.094356919e-89
-3.084690674e-75
-1.742334899e-118
-1.732790755e-62
-1.986230307e-63
-5.311913753e-93
-6.19019319e-50
-9.85631175e-165
-7.020787107e-166
-9.847341974e-152
-3.041276568e-201
-4.711145892e-139
-3.840281453e-140
-2.368482923e-176
-1.776910999e-126
-9.347867144e-211
-4.189585238e-212
-3.673920013e-198
-2.358541e-214
-6.75737168e-186
-3.34168607e-187
-2.010824013e-189
-7.824470866e-174
-1.171257314e-215
-2.203002933e-217
-5.271556598e-203
-6.160455282e-230
-1.118459283e-190
-1.974619283e-192
-1.619601467e-205
-1.499164348e-178
-8.730843479e-240
4.768880413e-230
-4.108841806e-227
1.294743697e-241
-9.070193907e-215
1.369738632e-204
2.754020822e-216
-1.266683898e-202
-7.969948202e-264
1.842784847e-253
-4.088443939e-251
1.943298814e-265
-9.684341195e-239
4.29092325e-228
5.910244129e-240
-1.454289361e-226
-8.800741496e-288
1.324709884e-277
-5.1290049e-275
-1.155704688e-301
-1.351835926e-262
7.836134745e-252
1.14162679e-263
-2.283632061e-250
-1.915412296e-300
-7.866846851e-302
-8.852775088e-288
-9.52720652e-302
-2.74828747e-275
1.61520569e-275
2.989772061e-276
-5.319149493e-263
5.119996836e-289
2.604285555e-289
-2.527101203e-276
-7.458278194e-277
2.065235969e-277
-5.420167728e-264
-3.767700973e-290
-1.665977952e-159
-1.37752099e-146
-2.95034215e-133
-3.109971967e-147
-2.999850926e-134
-1.043919276e-147
1.457518519e-134
3.316953725e-135
-4.620826082e-121
-9.135113488e-122
-6.960683702e-136
-3.223197328e-134
-1.334513522e-148
-3.900104246e-149
-4.891406257e-189
-1.095737879e-135
-1.198503881e-189
-4.157425303e-190
-1.734776752e-276
-2.064576362e-176
-5.763298362e-289
-1.026177708e-275
-1.052765805e-289
-8.71712796e-276
-3.523502079e-276
-1.695840604e-276
-2.366308186e-263
9.0001108e-277
6.666360761e-277
-4.705661027e-287
-1.11013465e-263
-4.981531295e-275
-4.174011361e-286
5.869223424e-275
-3.968860119e-275
-2.842968699e-262
1.10799651e-286
-1.068307308e-29
-1.513826785e-17
-1.427726975e-17
-2.137355684e-37
4.525854845e-25
-3.261837887e-68
-7.616112336e-26
-5.266429141e-114
-5.834473496e-115
-3.743549796e-152
-1.110638312e-101
-8.389932256e-162
-5.636610812e-163
-3.830795236e-165
-6.126048469e-150
-1.864629356e-166
-4.441969243e-168
-2.764777825e-181
-1.57924032e-154
-1.635461168e-190
3.62415792e-180
7.403508784e-192
-1.42733211e-178
-2.010740871e-214
1.248861017e-203
1.932279427e-215
-1.861157796e-202
-3.589806705e-238
2.908751559e-227
4.618947563e-239
-3.761603098e-226
-1.031109432e-250
1.27296726e-250
-2.468334573e-252
-1.068267482e-238
-1.2113206e-251
-3.471268104e-264
5.710991238e-252
-6.258891898e-239
1.397331092e-264
-2.608541437e-261
-1.19677078e-274
-3.303291576e-262
-2.271919173e-113
-1.514162385e-135
-7.993417459e-121
-8.620967848e-121
-4.06365182e-122
-5.359570099e-108
1.594135138e-121
8.066536518e-122
1.037982221e-122
-2.79544807e-120
-1.40386163e-121
-7.789790485e-122
-6.51584634e-110
-1.466802564e-108
1.67728645e-110
-1.509529916e-115
-6.326329426e-123
-2.338400941e-115
-1.588378595e-163
-1.076754071e-150
-1.510267164e-102
-9.051374093e-164
4.633570092e-164
-4.461831956e-151
-1.106882782e-251
-4.095988714e-227
-1.520035531e-150
-8.904204162e-138
-1.196755004e-227
-7.680877168e-252
-9.402998742e-251
-2.392826982e-251
-8.921904855e-252
-9.769260277e-239
-9.35826504e-263
-4.044597192e-239
-7.428387818e-250
-4.656871914e-262
5.507859205e-250
-1.86061049e-238
-1.257708261e-237
3.611165531e-250
3.134647086e-250
3.682382116e-250
-2.45416141e-252
-8.328442756e-238
-7.609679972e-249
-6.150055561e-263
-3.067383167e-261
-7.500298368e-262
3.020395073e-07
-3.945883303e-05
-0.0003052992775
-4.279153746e-22
3.849075638e-10
2.868897012e-37
-2.78057975e-20
-2.965908975e-90
1.646959855e-89
-2.044237408e-128
-3.299445477e-77
-3.44102793e-139
2.992678657e-138
-2.768723588e-141
-1.865471215e-126
-8.941080413e-143
-4.311562212e-144
-1.096149361e-156
-6.440817772e-131
2.280794901e-156
8.239930845e-167
5.590153859e-168
-6.041210376e-155
1.123925197e-190
-1.055592089e-179
1.812211398e-191
-8.45675923e-179
3.20734406e-203
-2.54017112e-214
8.568860567e-215
-2.291274214e-202
-2.430557198e-226
-2.133387197e-237
1.072424545e-226
6.090958756e-238
-1.463233004e-225
-2.390223413e-249
1.327391889e-238
2.500752558e-250
-1.225639061e-237
-9.964261242e-238
-1.376740024e-237
-0.0003065502571
6.608706065e-05
-0.001192617059
5.238068512e-15
2.177971712e-22
-2.98276071e-16
3.514329072e-60
1.189436373e-68
2.354863487e-76
-0.0009645666948
-1.071219038e-06
-5.798354135e-84
-3.451616643e-72
-3.168625096e-71
-9.727245022e-83
1.58303407e-96
6.114969621e-108
-3.625527916e-95
-3.129370993e-96
-3.433992421e-83
5.324247848e-90
-1.550306901e-125
-1.324824888e-77
-4.713549004e-138
-2.833987932e-125
-1.903372867e-215
-2.580022791e-203
-1.879583019e-112
-4.972784641e-203
3.917639306e-215
-3.234443336e-227
-4.686509891e-191
-1.688288125e-226
-2.228061921e-227
7.663353489e-227
-6.482694751e-239
1.376704151e-225
9.45197945e-226
-2.699370325e-214
-9.769784149e-214
-5.837146604e-238
-1.014565582e-237
1.015858707e-08
-0.004338093468
0.0006745962383
-1.298297779e-17
1.045650441e-17
4.245765433e-19
-1.398937001e-16
8.56179635e-60
8.827706817e-72
-1.099020597e-66
-2.280018449e-104
-1.503578129e-81
1.121374466e-93
-2.43092708e-106
1.541592215e-103
-4.026932565e-92
-2.091465125e-105
5.692730901e-118
-1.138388953e-120
-5.775330763e-109
4.460440126e-122
3.305542656e-121
-6.510040276e-132
1.152634025e-144
1.67379949e-143
-1.99889638e-120
2.355482173e-156
2.305735916e-167
-8.306196449e-156
3.352996011e-168
-1.651702957e-156
1.440454548e-179
3.586561885e-179
-1.289721883e-167
-1.067632419e-190
-2.690307652e-191
1.0433051e-202
-4.148920913e-179
5.851870021e-191
-1.478742011e-238
-1.489323521e-225
8.643720277e-238
-1.09116698e-236
-1.500627136e-225
1.324292749e-226
1.219296228e-225
-1.08760841e-213
-1.980731574e-214
-2.401381264e-237
-7.469051916e-238
-0.001392501455
-0.002957703671
-4.538158358e-115
-1.804676386e-119
-7.019899836e-108
-7.65086333e-191
-4.166721822e-214
-2.896815933e-202
-0.000272560856
-0.0007254224998
8.328379065e-05
0.0004337794961
-0.000523612482
0.0007597059526
-0.0008952007156
0.0001532726392
-0.0002765097654
7.792218459e-44
-1.479391504e-31
2.022955951e-51
9.36452613e-62
-2.624070015e-49
-0.0004245534769
-6.897783519e-05
-8.125284404e-05
-0.0008619156703
0.001666913379
-0.0006379126771
-0.0006876871986
-0.000843538947
-1.264526091e-07
0.0001340020161
1.401441356e-06
-0.0001930593916
-1.117592813e-19
3.530903609e-10
9.501723207e-20
-7.977185061e-08
3.591755187e-72
-6.53631276e-59
1.014422439e-47
-8.617357414e-59
9.49943959e-71
6.937028036e-72
-7.435079156e-47
1.028997554e-82
-8.021769719e-71
-1.366440653e-70
-3.502389827e-59
-1.456779268e-46
-8.171308466e-78
-1.02597268e-65
2.435959373e-65
-1.164655259e-100
-1.92661246e-53
-1.133307833e-112
-3.171064689e-100
-2.853380679e-191
-1.299472608e-179
3.351884659e-179
7.381636421e-180
-1.128653281e-167
-1.28850819e-191
5.688310496e-180
6.93335167e-181
-4.289804043e-170
-1.28095449e-168
-1.376317636e-203
-5.761264552e-203
-2.317135313e-191
-8.219460014e-216
-9.215150479e-192
-8.503045318e-203
-8.467920808e-191
1.720681777e-202
4.940152989e-203
-0.0003749228841
0.003253634862
-0.002691100984
-0.003645648345
9.841313876e-09
0.0007435217659
2.201293915e-09
-7.486669649e-16
6.868171959e-15
-1.956419823e-15
6.54167599e-49
-2.274143406e-71
5.470749912e-58
-3.700864801e-47
8.053959447e-70
-1.239228139e-58
-2.848587599e-70
2.737091125e-82
-5.99584119e-93
-5.137424065e-82
-6.113803348e-84
8.383802276e-81
-1.697643472e-86
-4.972875501e-85
2.083777034e-96
-1.336101474e-98
-5.740496851e-74
7.203422234e-98
-1.826535119e-86
-3.856277245e-111
2.880887897e-111
5.248681681e-109
4.320722846e-122
-1.193812843e-110
-4.157938323e-121
2.092534973e-133
-9.029076641e-122
6.404914874e-123
-3.606278104e-133
2.019588204e-144
-1.067089331e-147
6.524235735e-146
1.00773511e-156
3.876681198e-156
-2.966538011e-145
-1.149418427e-167
-6.106407297e-168
2.650611069e-179
6.940698104e-168
4.28913805e-179
3.593568651e-179
-4.320421395e-168
1.305213777e-190
-3.703911756e-192
2.915307053e-202
-3.870053505e-191
2.756061466e-202
-0.003592721872
-7.607389397e-63
-1.197689331e-190
-2.411936605e-05
-2.169337607e-06
-2.316476707e-06
-3.058952415e-05
1.637427511e-06
4.02343728e-05
-7.274335528e-06
-0.0001709968367
0.0001694744464
0.0004578124096
-7.025467944e-05
-0.0004408019195
0.0009604182259
0.001683532151
-0.0002398539344
-0.0007127671721
0.002559582922
0.003454727433
-0.00046409879
-0.0007856613058
0.004196691897
0.004608477858
-0.000594869164
-0.0005466078913
0.004528803324
0.003844354369
-0.0005362841701
-6.668233611e-05
0.002501604394
0.0006705906008
-0.0002721548978
-5.418418642e-13
1.938527338e-05
1.883167846e-11
-3.471303643e-06
1.632107275e-06
-9.312616136e-06
4.594521909e-05
-5.148641174e-07
-4.462252097e-07
1.463064206e-08
1.393376531e-08
-2.131951854e-08
1.132185568e-12
1.596084976e-13
7.694879802e-13
-8.418793652e-09
4.051920853e-14
1.318918273e-14
2.749061652e-14
3.450345343e-11
4.871942086e-15
2.005418539e-15
-2.484305901e-23
7.629770424e-09
8.428481621e-16
3.209064484e-16
2.072611012e-26
1.013197391e-08
1.002363578e-16
2.280950065e-17
7.390904859e-28
5.639785125e-09
3.11144888e-18
1.898577606e-19
1.229549258e-30
3.903857956e-11
6.99304332e-21
6.727114572e-23
8.562299172e-41
1.045103403e-39
1.608072241e-29
2.424372631e-41
-1.181972623e-76
0.0001941896011
-8.423682408e-05
0.0005104703198
7.805307582e-13
-1.678427881e-08
1.151308296e-12
1.058409491e-13
3.305060082e-23
3.30756691e-23
6.685022119e-34
1.410001003e-33
2.048816208e-25
1.588238317e-35
8.541608853e-37
1.473825169e-36
-5.034071887e-43
3.636850503e-38
2.247521197e-40
2.611987183e-40
-3.681464555e-64
4.615263984e-52
6.717514997e-64
2.744871316e-64
-1.250445352e-87
9.678182764e-76
1.667017044e-87
-3.296794043e-100
6.313406348e-99
3.933955539e-99
1.81546808e-110
-3.651442053e-123
3.140966033e-131
8.426621014e-121
1.233421946e-132
-3.234694717e-146
-2.948681631e-156
2.515077689e-144
6.25182144e-156
6.316883677e-157
-1.017007592e-168
-5.233994259e-169
0.0009995877721
0.001606032192
-0.0002118678471
2.724602516e-14
-5.357663815e-09
9.587278782e-15
9.603518972e-14
6.257547349e-35
1.469525783e-25
3.48153935e-36
2.043908396e-37
1.251926973e-47
2.29626105e-49
1.146720058e-59
1.572256539e-51
2.654488727e-61
1.088292635e-62
1.370815863e-63
2.224285369e-75
2.795435919e-75
3.474107116e-87
8.414430677e-100
3.548325307e-99
3.848030746e-111
-1.364036637e-134
8.508627603e-123
3.797116461e-134
2.967569991e-134
-1.191981719e-157
1.19985262e-145
4.751272192e-157
1.485367877e-157
-2.287009872e-168
)
;

boundaryField
{
    walls
    {
        type            calculated;
        value           nonuniform List<scalar> 0();
    }
    wallFilmFace_top
    {
        type            calculated;
        value           nonuniform List<scalar> 0();
    }
    region0_to_wallFilmRegion_wallFilmFace
    {
        type            calculated;
        value           nonuniform List<scalar> 0();
    }
    mirrorFace_top
    {
        type            calculated;
        value           uniform 0;
    }
    region0_to_wallFilmRegion_mirrorFace
    {
        type            calculated;
        value           uniform 0;
    }
    procBoundary3to2
    {
        type            processor;
        value           nonuniform List<scalar> 
64
(
1.733105833e-89
6.933110025e-64
-8.270283841e-69
-9.104731143e-43
7.596175265e-19
-0.002045801666
0.0001207582223
0.0002186397795
0.0008906502857
-6.358215379e-59
-1.116014032e-65
-2.421580862e-73
-5.102582095e-73
-1.733026754e-58
-1.0492664e-56
-8.963309584e-59
-6.654174856e-65
-8.634226287e-74
-2.85221502e-85
-2.911440208e-98
-6.119062855e-112
-3.632878285e-126
-3.225901468e-140
5.323068177e-155
-9.346270809e-140
-1.12987307e-139
4.475139674e-125
-3.135023023e-133
-5.055462488e-111
-1.517626636e-110
-0.0003137825958
-0.0005316267277
-0.0007361022407
-0.001228326432
-0.002955107333
3.462772425e-42
2.39392314e-28
-3.350041137e-52
-9.85553243e-98
2.125610518e-05
2.649028481e-05
0.0002632720542
5.104460338e-05
6.850229632e-06
0.0001001756777
0.0003044045711
9.625231997e-59
-8.693224954e-12
2.401541569e-103
1.057267787e-76
-9.206679223e-51
-8.600064951e-56
2.210133083e-30
7.430675953e-08
-0.00257818053
0.0002513132268
0.0006993022943
0.0006210383223
0.0009585085824
0.0005538538077
2.551330011e-05
3.727485973e-05
0.0001980227271
0.0003885456638
)
;
    }
}


// ************************************************************************* //
