/*--------------------------------*- C++ -*----------------------------------*\
  =========                 |
  \\      /  F ield         | OpenFOAM: The Open Source CFD Toolbox
   \\    /   O peration     | Website:  https://openfoam.org
    \\  /    A nd           | Version:  8
     \\/     M anipulation  |
\*---------------------------------------------------------------------------*/
FoamFile
{
    version     2.0;
    format      ascii;
    class       volScalarField;
    location    "0.1/wallFilmRegion";
    object      T;
}
// * * * * * * * * * * * * * * * * * * * * * * * * * * * * * * * * * * * * * //

dimensions      [0 0 0 1 0 0 0];

internalField   nonuniform List<scalar> 
1342
(
300
300
300
300
300
300
300
300
300
300
300
300
300
300
300
300
300
300
300
300
300
300
300
300
300
300
300
300
300
300
300
300
300
300
300
300
300
300
300
300
300
300
300
299.9999993
300
300
300
300
300
300
300
299.9999943
299.9999891
299.9999125
300
300
300
300
300
300
300
300
300
300
299.9999953
299.9999897
299.9999892
299.9999899
299.9999371
300
300
300
300
300
300
300
299.9999972
299.9999921
299.999991
299.9999912
299.9999924
299.9999932
299.9999382
300
300
300
300
300
300
299.9999997
299.9997253
300
300
300
300
300
300
300
300
300
300
300
300
300
300
300
300
300
300
300
300
300
300
300
300
300
300
300
300
300
300
300
300
300
300
300
300
300
300
300
300
300
300
300
300
300
300
300
300
300
300
300
300
300
300
300
300
300
300
300
300
300
300
300
300
300
300
300
300
300
300
300
300
300
300
300
300
300
300
300
300
300
300
300
300
300
300
300
300
300
300
300
300
300
300
300
300
300
300
300
300
300
300
300
300
300
300
300
300
300
300
300
300
300
300
300
300
300
300
300
300
300
300
300
300
300
300
300
300
300
300
300
300
300
300
300
300
300
300
300
300
300
300
300
300
300
300
300
300
300
300
300
300
300
300
300
300
300
300
300
300
300
300
300
300
300
300
300
300
300
300
300
300
300
300
300
300
300
300
300
300
300
300
300
300
300
300
300
300
300
300
300
300
300
300
300
300
300
300
300
300
300
300
300
300
300
300
300
300
300
300
300
300
300
300
300
300
300
300
300
300
300
300
300
300
300
300
300
300
300
300
300
300
300
300
300
300
300
300
300
300
300
300
300
300
300
300
300
300
300
300
300
300
300
300
300
300
300
300
300
300
300
300
300
300
300
300
300
300
300
300
300
300
300
300
300
300
300
300
300
300
300
300
300
300
300
300
300
300
300
300
300
300
300
300
300
300
300
300
300
300
300
300
300
300
300
300
300
300
300
300
300
300
300
300
300
300
300
300
300
300
300
300
300
300
300
300
300
299.999993
299.9999932
300.000011
299.9999933
299.9999772
300
300
300
300
300
300
300
300
300
300
300
300
300
300
300
300
300
300
300
300
300
300
300
300
300
300
300
299.999993
299.9999426
300
300
300
300
300
300
299.9999927
299.9999937
300
300
300
300
300
300
300
300
300
300
300
300
300
299.9999922
299.9999899
299.9999877
299.9999893
299.9999889
300
299.9999888
300
300
300
300
300
300
300
300
300
300
300
300
300
300
300
299.9999916
299.9999898
299.9999895
299.9999897
299.9999914
299.9999104
300
299.9999455
300
300
300
300
300
300
299.999994
299.9999925
299.9999939
300
300
300
299.9999959
300
300
300
300
300
300
300
300
300
300
300
300
300
300
300
300
300
300
300
300
300
300
300
300
300
300
300
300
300
300
300
300
300
300
300
300
300
300
300
300
300
300
300
300
300
300
300
300
300
300
300
300
300
300
300
300
300
300
300
300
300
300
300
300
300
300
300
300
300
300
300
300
300
300
300
300
300
300
300
300
300
300
300
300
300
300
300
300
300
300
300
300
300
300
300
300
300
300
300
300
300
300
300
300
300
300
300
300
300
300
300
300
300
300
300
300
300
300
300
300
300
300
300
300
300
300
300
300
300
300
300
300
300
300
300
300
300
300
300
300
300
300
300
300
299.9999978
299.9999932
300
300
300
300
300
300
300
300
300
300
300
300
300
300
300
300
299.9999935
300
299.9999834
300
300
300
300
300
300
300
300
300
300
300
300
300
300
300
300
300
300
300
299.9999993
299.9999994
300
300
300
300
300
300
300
300
300
300
300
300
300
300
300
300
300
300
300
300
300
300
300
300
299.9999982
299.9999956
299.9999953
299.9999924
299.9999952
299.9999933
299.9999954
299.9999958
299.9999965
299.9999837
299.9999876
299.9999993
299.9999998
299.9999998
299.9999997
299.9999996
299.9999994
299.9999994
299.9999978
299.9999995
299.9992391
299.9995438
299.9997202
300
300
300
300
300
299.9999998
299.9995641
300
300
300
300
300
300
300
300
300
300
299.9999952
300
300
300
300
299.9999931
300
300
300
300
300
300
300
300
300
300
300
300
300
300
300
300
300
300
300
300
300
300
300
300
300
300
300
300
300
300
300
300
300
300
300
300
300
300
300
300
300
300
300
300
300
300
300
300
300
300
300
300
300
300
300
300
300
300
300
300
300
300
300
300
300
300
300
300
300
300
300
300
300
300
300
300
300
300
300
300
300
300
300
300
300
300
300
300
300
300
300
300
300
300
300
300
300
300
300
300
300
300
300
300
300
300
300
300
300
300
300
300
300
300
300
300
300
300
300
300
300
300
300
300
300
300
300
300
300
300
300
300
300
300
300
300
300
300
300
300
300
300
300
300
300
300
300
300
300
300
300
300
300
300
300
300
300
300
300
300
300
300
300
300
300
300
300
300
300
300
300
300
300
300
300
300
300
300
300
300
300
300
300
300
300
299.9999982
300
300
300
300
300
300
300
300
300
300
300
300
300
300
300
300
300
300
300
300
300
300
300
300
300
300
300
299.9999897
299.9999791
300
300
300
300
300
300
300
300
300
300
300
300
300
300
300
300
300
300
300
300
300
300
300
300
300
300
300
300
300
300
300
300
299.9999981
299.999989
299.9999966
299.9999993
299.9999425
300
300
300
300
300
300
300
300
300
300
300
300
300
300
300
300
300
300
300
300
300
300
300
300
300
299.9999919
299.9999946
299.9999903
299.9999809
299.999924
300
300
300
300
300
299.999991
299.9999892
299.9999699
300
300
300
300
300
300
300
300
300
300
300
300
300
300
300
300
300
300
300
300
300
299.9999995
299.9998284
299.9998235
300
300
300
300
300
300
300
300
300
300
300
300
300
300
300
300
300
300
300
300
300
300
299.999998
299.9999979
299.9998565
300
300
300
300
300
300
300
300
300
300
300
299.9999924
299.9999961
299.999992
299.9999906
299.9999899
299.9999904
299.9999912
300
300
300
300
299.9999932
299.9999935
299.9999933
299.9999974
299.9999913
299.999993
299.9999909
299.9999923
299.9999922
299.9999917
299.9999928
299.9999934
299.9999118
299.9999947
299.9999957
300
299.9999954
299.9999041
300
300
300
300
300
300
300
300
300
300
300
300
300
300
300
300
300
300
300
300
300
300
300
300
300
300
299.9999977
299.9999996
299.9999997
299.9998274
299.9998277
299.9998067
300
300
300
300
300
300
300
300
300
300
300
300
300
300
300
300
300
300
300
300
300
300
300
300
300
300
300
299.9999978
299.9999977
300
300
300
300
300
300
300
300
300
299.9999949
299.9999955
299.9999961
299.9999967
299.9999972
299.9999954
299.9999974
299.9999974
299.9999952
299.9999974
299.9999975
299.9999953
299.9999975
299.9999975
299.9999956
299.9999975
299.9999976
299.9999961
299.9999976
299.9999977
299.9999969
299.9999978
299.999998
299.9999826
299.999998
299.9999957
299.9999478
299.9999968
299.9999975
299.9999972
299.9999978
299.9998798
299.9999997
299.9998839
299.9998607
299.9999998
299.9998613
299.9998701
299.9999998
299.9998708
299.9998638
299.9999996
299.9998521
299.9998316
299.9999995
299.9998043
299.9997705
299.9999994
299.9997291
299.9996989
299.9999993
299.9997188
299.9998495
299.9999283
300
300
300
299.9999977
299.9999977
299.9998664
299.9999998
299.999846
299.9994046
299.99944
300
299.9996379
300
300
300
300
300
300
300
300
300
300
300
300
300
300
300
300
300
300
300
300
300
300
299.9999977
299.9999977
299.9999977
299.999849
299.9999998
299.9998421
299.9998493
300
299.9996097
300
300
300
300
300
300
300
300
300
300
300
300
300
300
300
300
300
300
300
300
300
300
300
300
)
;

boundaryField
{
    walls
    {
        type            zeroGradient;
    }
    wallFilmFace_top
    {
        type            zeroGradient;
    }
    region0_to_wallFilmRegion_wallFilmFace
    {
        type            zeroGradient;
    }
    mirrorFace_top
    {
        type            zeroGradient;
    }
    region0_to_wallFilmRegion_mirrorFace
    {
        type            zeroGradient;
    }
    procBoundary3to2
    {
        type            processor;
        value           nonuniform List<scalar> 
64
(
300
300
300
300
300
299.9999952
299.9999921
299.9999908
299.9999957
300
300
300
300
300
300
300
300
300
300
300
300
300
300
300
300
300
300
300
300
300
299.9999984
299.9999975
299.9999975
299.9999971
299.9999964
300
300.0000067
300
300
299.9999982
299.999997
299.9999914
299.9999934
299.9999983
299.9999961
299.9999957
300
299.9999982
300
300
300
300
300
299.9999668
299.999994
299.9999966
299.9999963
299.9999894
299.999996
299.9999958
299.999995
299.9999965
299.9999959
299.9999957
)
;
    }
}


// ************************************************************************* //
