/*--------------------------------*- C++ -*----------------------------------*\
  =========                 |
  \\      /  F ield         | OpenFOAM: The Open Source CFD Toolbox
   \\    /   O peration     | Website:  https://openfoam.org
    \\  /    A nd           | Version:  8
     \\/     M anipulation  |
\*---------------------------------------------------------------------------*/
FoamFile
{
    version     2.0;
    format      ascii;
    class       surfaceScalarField;
    location    "0.7/wallFilmRegion";
    object      phi;
}
// * * * * * * * * * * * * * * * * * * * * * * * * * * * * * * * * * * * * * //

dimensions      [1 0 -1 0 0 0 0];

internalField   nonuniform List<scalar> 
2727
(
-1.052768196e-05
-1.976806087e-05
6.930894826e-05
7.50020993e-05
-0.0001175215391
0.0001191411065
0.0002047703502
-2.691859078e-05
0.000143373562
-2.762447029e-05
0.0002437017742
-0.0001620700165
-0.0001879370863
0.0002927246751
-8.886309595e-05
0.0004376244691
-0.0003865898346
0.000549659767
0.0004694670762
-0.0002917626685
-0.01299593727
0.007523323996
0.02166654721
0.006573036944
-0.004874945898
0.04086315298
-0.03241183959
0.0114416551
-0.007874200752
0.0002176662416
0.0002102273612
-0.0001916609188
-0.0001374939362
0.0001824297491
0.0002226177786
-0.0001890026839
-0.0001136707304
0.000204116956
0.0002406414379
-0.0002138210805
-0.0001174615137
0.0002119822421
0.000224793169
-0.0002043420386
-0.0001422195128
0.0001937754526
0.0002472817553
-0.0001781479267
-0.0001977470142
0.0001594779507
0.0002543549593
-0.0001390107191
-0.0002394518144
0.0001170417475
0.0002423028784
-9.364125167e-05
-0.0002523882074
6.876789753e-05
0.0002217817692
-4.049805308e-05
-0.0002505514279
7.157013192e-06
0.0001726946377
2.88142012e-05
-0.0002055917478
-5.644006283e-05
0.0002131440907
6.732538656e-05
-0.0002250507194
-7.122205233e-05
0.0001711696401
9.647163501e-05
-0.0002126172273
1.198462229e-05
-6.826127604e-06
1.89211343e-06
-1.207550293e-06
-4.532057245e-06
1.625182561e-05
3.837762316e-06
-8.622144395e-06
1.912103882e-05
-4.690609653e-06
8.361139156e-06
-1.369091582e-05
0.0001042953068
-2.285423783e-05
6.810895618e-05
-0.0001426704515
0.0004110658167
-0.0001646097813
0.0003003752692
-0.0005964289606
0.005557728099
-0.001978730772
-0.0008059985774
0.001288806643
-0.00360966574
2.667846177e-05
0.006130709354
-0.001081407063
-0.003997158256
0.0001170615485
6.034694896e-05
-4.429479371e-05
8.602395111e-05
3.202602587e-05
-2.374638127e-05
7.053497418e-05
1.991457731e-05
-2.071296623e-05
-4.347907145e-05
8.712334546e-05
2.445633797e-05
-2.450331856e-05
-4.716801823e-05
0.0001413455855
2.03608207e-05
-1.389039655e-05
-8.911999809e-05
0.0001906173629
6.707334046e-06
5.229451141e-07
-0.0001314108084
0.0002199387648
-7.233864307e-06
1.384775195e-05
-0.0001676512923
0.0002341136337
-2.05454072e-05
2.568027305e-05
-0.0001948864705
0.0002098649316
-3.264745162e-05
4.357763514e-05
-0.0001968570905
0.0002194400558
-5.734770737e-05
6.743674518e-05
-0.0002021831582
0.0002067521429
-0.0001013213547
6.639040413e-05
-0.0001510349914
1.115517714e-06
-5.794236949e-07
-1.930131441e-06
3.70407743e-06
6.495181508e-08
-3.750767316e-06
1.221203477e-05
-1.077257509e-07
-1.686516843e-06
1.750293864e-05
-3.03266453e-06
-5.09914205e-06
-1.593249191e-06
1.425751505e-06
1.060286395e-05
-2.032911416e-06
-9.840789118e-06
6.723134951e-06
0.0002177606386
-3.984827643e-05
0.0001707909797
-0.0003599022243
0.000887497812
-0.0002996949537
0.0001549092609
-0.0007552057673
0.0003491583217
0.0002536003762
0.0003357236385
-0.0001195947994
-0.0005152027444
3.072155344e-05
6.162403622e-06
-3.345517739e-06
-2.416974779e-05
2.703737323e-05
2.746761332e-06
-1.825473612e-05
-4.931987133e-07
5.544084569e-05
-2.94455813e-06
-3.727537631e-05
7.64965912e-06
8.510632851e-05
-1.383029207e-05
2.153675672e-05
-5.792913114e-05
0.0001165343164
-3.070864391e-05
-8.156821544e-05
4.113513462e-05
0.0001465625817
-5.236146489e-05
6.370146577e-05
-0.0001069771414
0.0001647846333
-7.38719061e-05
-0.0001285207963
8.217654287e-05
0.0001903230207
-8.692186353e-05
4.057588561e-05
-0.0001095913912
0.0001718175636
0.0004390544065
-0.0003265333988
-0.0001132805356
0.0002379486898
-0.0001704343649
-6.881860695e-05
0.000103241366
0.0001201655328
-8.348941644e-05
-3.979759366e-05
5.85811536e-05
3.178750449e-05
5.712287875e-05
-3.838144672e-05
-2.187168571e-05
1.64545395e-05
2.526500874e-05
-1.622207082e-05
-1.135989285e-05
1.009960163e-05
-6.055834447e-06
-5.540326943e-06
7.991062866e-06
3.46004117e-06
-1.856496071e-06
3.577980657e-06
-2.519033561e-06
1.448189132e-06
9.511898221e-07
-4.793905984e-07
-9.979805673e-07
6.365808111e-07
2.551384993e-07
2.021303418e-07
-3.646583224e-07
4.595809244e-07
-1.156291057e-07
-6.939453486e-07
4.745364835e-07
1.168745077e-06
-1.308227714e-07
8.461317762e-07
-1.022852573e-07
0.001692907224
-0.0001514489138
-0.000435867736
-0.0007629251732
7.854052508e-05
0.001093486013
0.0008570311897
-0.0005329276047
-8.060745525e-05
-0.0003869093167
0.000100639933
0.0002637242194
-0.0001261580412
-5.996498692e-05
-8.927396678e-05
0.0003975618525
6.199185708e-05
-0.0002999429706
-4.465237333e-05
3.797490953e-05
0.0002223578058
-0.0001616794253
-2.674139562e-05
2.18742183e-05
-8.019577534e-05
-1.483744529e-05
0.0001151264641
5.459738015e-05
1.177989087e-05
-3.632895262e-05
-7.611956721e-06
5.963078578e-06
-3.680654329e-06
2.361428152e-05
-1.500047244e-05
2.870127641e-06
-5.641305416e-06
-1.745091772e-06
9.310100072e-06
3.325894722e-06
-1.889445859e-06
-8.639962339e-07
1.341962847e-06
1.014278966e-06
-4.900276196e-07
6.154748492e-07
-4.498839099e-07
1.710764857e-07
1.656714536e-07
5.922183929e-08
-3.254932684e-08
-1.735864943e-07
3.085356749e-07
-7.122985314e-09
-1.652973248e-07
2.28357149e-07
2.407915685e-08
-0.0001768251119
-7.284082417e-05
0.0003717255214
0.0003099515938
-0.000163239841
7.554886623e-05
0.0001547835811
7.006158593e-05
-0.0001881081615
-5.033222512e-05
3.229930901e-05
0.000231514524
-0.0001742175401
-2.178473417e-05
1.871224039e-05
0.000128211311
-9.225984783e-05
-1.218461661e-05
1.00566623e-05
6.474145876e-05
-4.432979542e-05
-6.581005414e-06
-3.338338557e-06
4.995948464e-06
2.970255911e-05
-1.95781879e-05
2.397900922e-06
-1.690334007e-06
1.279962551e-05
-8.403802138e-06
1.217610781e-06
5.611632456e-06
-3.844876661e-06
-9.720539844e-07
7.27005227e-07
2.698201892e-06
-1.896560753e-06
-7.277869746e-07
4.699660296e-07
1.314341417e-06
-8.520193006e-07
-5.862307285e-07
9.549988503e-07
1.125250824e-06
1.491159038e-06
1.536739799e-06
-1.252705975e-06
-2.260798295e-06
-6.852192568e-10
-5.682137298e-07
2.051893614e-07
4.997060058e-07
-5.948705797e-06
-3.345501601e-06
2.638912132e-05
-2.85154798e-05
2.984329346e-05
0.0002867797417
-5.973815319e-05
-0.0001696536438
2.937106918e-05
0.0001732211956
2.69614685e-05
-3.010624617e-05
-0.0001342512313
3.446091036e-06
1.956899716e-06
-1.743206831e-06
-3.236412438e-07
1.449219053e-06
-1.982202239e-07
-7.383411044e-07
8.650663571e-07
3.590071985e-06
2.891257963e-06
-1.948264411e-06
-1.676035696e-06
-5.943132915e-06
4.976552969e-06
-3.182614896e-06
9.17107402e-06
1.890957993e-05
7.783006099e-06
-1.343751555e-05
-5.356603638e-06
-2.573429125e-05
3.405997461e-05
1.133572984e-05
-8.223353577e-06
-4.398733745e-05
1.559302685e-05
-1.16796947e-05
5.557553831e-05
2.081085844e-05
-6.876165628e-05
-1.606366361e-05
8.35960338e-05
4.158903058e-05
7.578743408e-05
-2.247349353e-05
-7.738807154e-05
-2.847042338e-06
3.938139833e-05
-2.20867889e-05
4.750281181e-06
-4.39753521e-05
-5.031522895e-05
8.883573162e-05
0.0001871004702
-1.57633635e-06
6.049090786e-07
-2.706486695e-05
4.724736823e-06
7.236543843e-05
-4.51018873e-05
-1.682178793e-06
9.415674988e-05
7.369676697e-06
-5.842587358e-05
-0.0002389171817
0.0003860133396
-6.534986497e-05
0.0001161292462
-4.494414567e-05
0.0003273291337
9.425939579e-06
-6.50155712e-06
2.047168452e-05
-4.11145108e-05
-0.0001732663459
0.0004680420388
5.203677363e-05
0.0001171754654
-0.0002312821598
5.629977848e-06
7.776370142e-05
-6.424445865e-05
-2.665141537e-05
-1.334685006e-05
-5.357676494e-06
4.06562852e-06
-1.212672903e-05
2.006011597e-06
5.306277556e-06
4.856889053e-05
-3.237179354e-05
-2.717195877e-05
-9.222752754e-06
-5.607223671e-06
7.361652417e-07
-6.3677991e-06
6.879807282e-07
4.866965558e-06
2.125597322e-05
-9.578787208e-06
-1.33061971e-05
-4.012670626e-06
-4.680847004e-06
6.257926386e-07
-1.626299266e-06
6.742483618e-07
3.971530541e-06
-3.881511877e-06
1.611941787e-05
-7.617230617e-06
1.644919962e-06
-4.553931682e-06
9.341345439e-07
5.089936959e-06
1.082115778e-06
5.94714115e-06
-3.014979024e-05
4.450640648e-05
-1.275676874e-05
8.976712457e-06
-5.139744895e-06
1.406752064e-06
1.312314337e-05
1.722513136e-06
6.878766659e-06
-5.873358123e-05
7.276091153e-05
-1.562588317e-05
1.743976893e-05
-6.493997158e-06
2.017694221e-06
2.192137794e-05
2.280253533e-06
7.39863395e-06
-8.66461148e-05
0.0001004317215
-1.707436351e-05
2.653571799e-05
-7.171685784e-06
2.52998531e-06
3.120846781e-05
2.763690563e-06
7.81053078e-06
-0.0001150377637
0.0001302104939
-2.014607353e-05
3.58078822e-05
-7.6628641e-06
2.932369747e-06
4.010556623e-05
2.898309645e-06
2.191261855e-05
-0.0001599985351
0.0003153684933
-0.0001234002651
4.875371807e-05
-8.870394694e-06
2.993498938e-06
7.566145538e-05
3.888343472e-06
0.0004001268784
-0.001141121881
0.001956469629
-0.001217220326
0.000207149717
-0.0001573117714
2.058936532e-05
8.566329258e-05
0.0004897350937
3.173164653e-06
3.869043069e-07
-2.366491938e-07
6.670444482e-08
-2.286085988e-06
2.006008123e-06
4.423585287e-07
2.783764294e-06
1.882321791e-06
9.747716147e-08
-5.052992216e-08
7.875133571e-07
-3.368803573e-06
3.053672078e-06
7.544746e-07
2.162466789e-06
2.168321916e-07
1.114169239e-07
-1.039238779e-07
3.370558966e-07
-6.062104291e-07
1.360983105e-06
7.827319706e-08
1.139005807e-06
9.954401357e-09
5.387413404e-08
2.186250508e-08
7.134914206e-12
-9.196956715e-09
3.655256466e-08
1.195919745e-14
1.089127152e-11
7.796145861e-08
-2.812553636e-07
7.871257531e-07
2.259192662e-12
-3.407781265e-08
2.142884606e-14
5.799786927e-11
2.487693614e-12
2.151448687e-07
-1.513391615e-06
2.476591969e-06
4.325748083e-10
-1.376269658e-07
2.456953839e-11
1.942626712e-09
1.21002801e-10
4.107212635e-07
-3.703224709e-06
5.099149414e-06
5.2749826e-09
-3.14260568e-07
4.299802901e-10
9.869982182e-09
7.630723378e-10
5.950798028e-07
-6.52553405e-06
8.147367233e-06
2.088260698e-08
-4.942681853e-07
1.313260929e-09
3.633865661e-08
2.976295668e-09
6.837829106e-07
-9.745565205e-06
1.118859855e-05
4.67833174e-08
-6.626080167e-07
2.790273855e-09
7.479515179e-08
4.665745344e-09
3.957929495e-07
-1.31084311e-05
1.522582024e-05
4.017435143e-08
-7.189824728e-07
4.165986753e-09
7.162205614e-08
7.638346024e-11
7.694603629e-06
-2.95313048e-05
8.570164829e-05
5.975771685e-07
-1.407277607e-06
9.404022541e-09
4.783951552e-06
3.546724115e-08
0.0001699938854
-0.0002740147821
0.0005200861733
-0.0006180900334
4.986959746e-05
-7.899556837e-05
8.770103773e-06
0.0001279465399
3.950233419e-05
0.004299020688
-0.002000470295
0.0062955089
-0.006508121697
0.0007391783512
-0.001130594328
0.0003907690994
0.002771509648
0.002902590994
3.260781087e-06
-2.612845472e-08
4.410828414e-07
-1.626852487e-07
-2.676836212e-06
8.210439148e-06
5.728928361e-07
6.39548116e-06
2.89727252e-06
-7.931380806e-07
8.761978725e-07
9.644400648e-07
-3.521035795e-06
5.868694346e-06
1.153035107e-06
4.815500545e-06
2.379168942e-06
-7.79277433e-07
6.526652942e-07
1.24077267e-06
-2.338447958e-06
4.158714238e-06
1.410647081e-06
4.161267502e-06
1.621000046e-07
-2.320828336e-07
5.413669539e-10
1.267797195e-06
-1.63797482e-06
3.676069627e-06
5.626014009e-07
2.318809948e-06
2.899204108e-19
2.920470329e-21
3.59861259e-22
1.340990734e-08
-3.112291577e-12
4.368098354e-07
3.162401632e-16
1.967616074e-10
-1.860845993e-35
-1.151354481e-20
4.182208289e-19
1.157025332e-25
1.012713204e-25
2.724093085e-22
3.948833107e-34
-1.303288791e-24
2.094416937e-18
-4.4041604e-18
1.52877818e-17
1.197424013e-28
-6.327680075e-19
-2.916904866e-34
4.818296336e-28
-8.685158201e-44
6.127308092e-17
-7.378586044e-17
2.392706942e-16
1.999055454e-27
-7.381459041e-18
-2.46609773e-53
2.045604474e-26
-2.71466212e-63
1.320377628e-16
-2.684065335e-16
6.658307277e-16
9.860542265e-27
-3.045723512e-17
3.293271902e-28
5.295609638e-26
5.878605148e-27
-1.094446482e-36
-2.71416604e-16
6.699065165e-16
3.169017515e-26
-7.339505976e-17
3.60461362e-27
1.450727309e-35
1.794947157e-36
-2.691261407e-28
-1.712148917e-12
1.51828875e-08
6.350059754e-25
-3.722493511e-15
9.153686224e-26
5.841696839e-24
5.450937881e-32
5.429394457e-06
-5.533209681e-06
2.712488532e-05
2.314631748e-07
-3.976639635e-07
6.840401706e-10
3.129014909e-06
2.942315487e-07
0.00127682798
-0.0002017551897
0.001578199369
3.413737412e-05
-8.138001561e-05
1.170222885e-05
0.0004408248483
0.0005829970435
1.950913055e-05
1.066901807e-06
8.44338552e-07
-4.724778787e-06
-3.718169368e-05
0.0001289504915
1.283573684e-06
6.271935189e-05
9.515183882e-06
-1.392800578e-06
1.643942199e-06
1.923769117e-06
-1.374399511e-05
4.503878958e-05
2.33466001e-06
2.326904835e-05
7.224994951e-06
-1.890205029e-06
2.238125444e-06
2.714429583e-06
-7.772568554e-06
1.499770923e-05
3.301458031e-06
1.265788066e-05
5.078235149e-06
-2.464393025e-06
2.164845642e-06
3.79459279e-06
-6.501042218e-06
1.087926063e-05
3.86536103e-06
8.62816288e-06
5.788546633e-07
-9.719078656e-07
4.39286682e-08
3.039811452e-06
-2.992087831e-06
6.007080918e-06
1.29365679e-06
3.391140266e-06
3.668034153e-21
-1.305116841e-14
3.368947311e-24
4.631902218e-08
-5.547079281e-10
4.323041316e-07
1.135669539e-14
7.889363286e-11
4.102167655e-44
-1.24691388e-33
5.841657343e-43
3.502012979e-24
6.665733665e-26
7.369117572e-23
1.19602897e-33
2.950205492e-34
3.415924208e-62
-3.139827822e-52
1.782860742e-61
4.412436386e-43
-4.189054961e-53
1.285347306e-43
1.773130721e-52
5.956455612e-53
6.553332373e-37
-8.63280775e-38
2.241614433e-36
5.709333871e-48
-2.123596467e-38
2.195220266e-48
2.562687452e-46
1.146704965e-46
4.703666691e-46
-1.489372275e-36
1.375391942e-45
2.041708665e-46
-4.888862249e-37
9.990269535e-47
2.888074956e-55
1.504226082e-55
1.9620906e-40
-1.195862456e-35
2.605625693e-36
4.608662103e-46
-4.095253996e-36
2.598117106e-46
8.868249315e-49
6.969723301e-49
2.631358566e-10
-2.681669546e-10
2.282973114e-07
2.232211521e-20
-5.079946248e-14
2.769337261e-22
4.524527457e-10
-1.750244511e-27
8.869323793e-05
-4.384615386e-06
0.0001551799942
8.462672889e-07
-1.554451107e-06
9.073310958e-08
2.379736465e-05
1.197000362e-05
0.02788531366
-0.0024830678
-0.02073475916
0.00132190962
-0.004176804062
0.002342564677
0.02749671544
0.0001605831083
4.919465994e-06
6.435477795e-06
7.20067183e-05
-0.0002442919397
0.0002996342976
4.89863646e-05
0.0002525233029
8.926420353e-05
8.725055067e-07
1.082285737e-06
1.939995118e-05
-0.0001509221424
0.000291168289
-8.042180971e-06
0.0003150571517
2.178489129e-05
-3.242892423e-06
4.602730133e-06
6.479498354e-08
-3.139379908e-05
0.0001137129573
6.569976043e-06
3.628830384e-05
1.342419536e-05
-5.459846268e-06
5.743632452e-06
8.207145668e-06
-1.753243054e-05
2.917863985e-05
8.34080361e-06
2.042021116e-05
6.732855821e-06
-5.1618547e-06
3.784278547e-06
7.526586637e-06
-9.55178232e-06
1.380481308e-05
6.572924943e-06
1.021486131e-05
8.803611494e-08
-1.117015428e-06
4.241939961e-09
3.911301578e-06
-3.052113266e-06
6.942786715e-06
3.703570632e-07
9.715326467e-07
3.067968451e-27
-3.006410513e-17
8.13138806e-27
5.035472036e-12
-3.904937958e-14
7.285684205e-11
1.38239766e-21
1.068536846e-21
3.065820915e-46
-2.357087221e-36
7.236579136e-46
4.205962546e-31
-9.492673425e-37
2.067018915e-31
1.352816388e-40
6.480195609e-41
2.305974767e-56
-2.442860796e-55
4.804640937e-56
6.343436382e-50
-1.09535889e-55
3.060418535e-50
1.302145704e-48
1.868207286e-44
1.572771973e-56
-4.488380882e-56
3.019677605e-56
6.264080526e-48
-2.300028371e-56
3.419919493e-41
1.644113425e-46
1.396453065e-38
1.467824011e-44
-1.45550375e-42
2.005132669e-44
3.928471179e-35
-8.198596217e-43
1.113596939e-26
8.669642884e-37
6.088814124e-31
-2.209560289e-26
-1.255139264e-25
4.03534219e-19
7.961257738e-21
-4.965514487e-23
1.39363586e-16
9.883963965e-21
1.189765719e-20
7.488078737e-07
-1.940588034e-07
5.037124698e-06
1.262843714e-09
3.408260296e-10
-1.273695931e-10
2.280907765e-06
-1.623100827e-07
0.0229590068
-0.0005534621308
0.0001274575417
-0.0009993337846
0.0003055360173
0.01860978349
0.0002729264658
-0.0001619645394
0.0001181016761
0.0004741509446
-0.0003013952122
0.0002940295868
0.0003374491126
0.0003563459878
0.0005323978302
-0.0001098098849
4.513458083e-05
0.0002625907174
-0.000340650821
0.000411557055
0.0002203448886
0.0006559179124
8.375129563e-05
2.401013744e-07
9.769347632e-06
-2.43503513e-06
-0.0004067036725
0.0008339534295
-5.475062071e-07
0.0001645308152
2.714302181e-05
-1.113024465e-05
1.102743726e-05
1.182768089e-05
-4.303518566e-05
4.130472913e-05
1.38789613e-05
2.995338759e-05
1.283248783e-05
-1.00472198e-05
8.124407941e-06
1.337892437e-05
-1.763877544e-05
2.074840493e-05
9.598267973e-06
1.797859117e-05
2.904712152e-06
-5.385800446e-06
8.836173744e-07
9.912372706e-06
-1.040828623e-05
1.877961344e-05
1.594076575e-06
9.86435482e-07
1.061702232e-19
-2.071270045e-10
9.282593857e-20
5.638457839e-10
-1.079651398e-09
-9.284642579e-09
5.744321104e-19
2.475277886e-15
7.050074541e-32
-3.239559225e-29
1.15245759e-38
-2.267919275e-08
-7.000420162e-29
2.275585913e-11
-7.179169754e-06
1.340962275e-06
1.468248472e-07
-2.679033576e-36
-1.021547914e-08
-1.987732686e-05
-1.014574561e-31
1.737434396e-05
-2.231999317e-05
2.365124978e-05
1.086674565e-07
1.329339096e-08
-5.228523999e-09
-2.185935511e-05
-1.47966023e-06
2.078076622e-05
-2.150145174e-05
2.077311808e-05
1.427764088e-09
1.070167849e-09
-2.536719057e-10
-1.990923922e-05
-1.225203768e-08
2.155710621e-05
-1.862168033e-05
2.181497018e-05
9.205252099e-11
9.564374059e-11
-2.328674057e-11
-2.582362095e-05
-2.656567168e-10
2.267516062e-05
-7.667985226e-05
3.723215107e-05
4.789803745e-08
-3.33117836e-10
4.603788015e-08
-0.0003416041563
-1.755049937e-10
0.0001264366687
0.0006145755775
-0.001845649238
-9.872644352e-06
0.0003521178286
2.263283854e-05
1.692884666e-05
0.000278334828
-0.0004422799534
0.0004305904319
0.0002566319789
-0.0001171995206
8.403105112e-05
0.0002547878987
0.0002490733572
0.0007712423821
-0.0004091157806
0.0003975930364
0.0003082869891
-0.0004434624126
0.0006952723567
0.0002462370204
0.0009170556398
0.0002396833006
1.765964936e-05
-1.310513049e-05
-0.0001422224877
-0.001213692135
0.001023327009
-7.417529151e-05
4.014327056e-05
2.987168115e-05
-5.586129274e-06
7.153183683e-06
-4.116796895e-05
-4.483792603e-05
7.490040193e-06
-3.179406748e-05
4.451185165e-08
3.233453478e-05
-6.52796931e-06
-3.73021683e-06
-2.909072996e-05
-1.986861156e-05
1.269209542e-06
-7.786042706e-06
3.366486759e-06
-4.97723787e-07
1.159043407e-06
-3.857220265e-07
-3.258169534e-06
7.574643844e-07
-3.628388123e-06
-9.400576037e-07
-1.898610126e-06
-6.149478812e-09
4.933137758e-09
-4.166701101e-08
-4.325221008e-07
1.022440432e-07
-4.17115664e-07
-3.585954743e-06
-1.140460588e-07
2.995346033e-05
1.572509609e-05
-7.305562858e-05
-5.469250255e-05
-5.591640709e-07
3.721846945e-06
-0.0001597097024
7.339714026e-05
0.0001039802116
0.0001133543488
-0.0001438165741
-0.0002423104915
-7.853975473e-05
0.0001496363365
-0.0003310011009
0.0002153315753
0.0001823541733
0.0001896936759
-0.0002634602235
-0.0004546330529
-0.0001339544376
0.0003099711549
-0.0006097224116
0.000419026607
0.0003898476251
0.0003800331102
-0.0005698292279
-0.0008214778822
-0.0002631878749
0.0005477552022
-0.001230145755
0.0007392609317
0.0008795000444
0.0008468953216
-0.001158588355
-0.002083444687
-0.0005816308381
0.001081883539
-0.002959371376
0.001116023587
0.002359358076
0.00159612347
-0.003148344137
-0.006723842949
-0.001381193134
0.004733636716
-0.01839278222
0.01225546237
4.264409834e-05
0.0003319654519
-0.0002829148512
-0.0002330722544
9.251489839e-06
8.956596831e-05
0.0002572043982
-0.0002713452196
-0.0002356830997
-3.766021373e-05
1.050964677e-05
-0.0002486752715
-8.293141307e-06
0.0002576828655
2.758151823e-05
-0.0001176428919
-0.0001687123925
-0.000221574163
-1.209167776e-05
-0.0001138612221
-3.369162697e-07
-9.999848339e-06
7.898249674e-05
-6.685639473e-05
-6.658538705e-05
-0.0001740942968
-6.414566649e-06
-5.573696014e-05
-1.006607815e-05
-7.928825117e-06
4.974708293e-05
-3.756740342e-05
-4.225387738e-05
8.855349887e-06
-7.53703295e-06
-3.354401392e-05
-5.961039252e-06
-6.416842707e-06
2.595436825e-05
-1.351694123e-05
-2.833492132e-05
7.014641373e-06
-5.220796574e-06
-2.407574868e-05
-5.157273189e-06
-4.042654555e-06
7.30625409e-06
-2.007580264e-06
-1.729990708e-05
6.299215506e-06
-5.241080361e-06
-8.1019578e-06
-6.798281868e-07
2.099980431e-07
1.381922332e-06
-7.80344691e-06
-4.883480029e-06
8.483214389e-07
2.552849419e-06
-1.72985589e-05
4.626023599e-06
9.441197933e-05
5.875876749e-05
-0.0002041164439
-8.703318857e-05
-7.808783531e-06
2.410295442e-05
-0.0002130789834
8.687698613e-05
0.0002622226611
0.0003199758674
-0.0004479303498
-0.0003408967648
-0.0001837203266
0.0001737707298
-0.0004969279012
0.0002446018833
0.0004792956473
0.0005840629503
-0.0006918461834
-0.0006638845863
-0.0003692969929
0.0003126949474
-0.0006413749477
0.0002214983008
0.0005145887984
0.0007487945634
-0.000778919398
-0.0004397100544
-0.0005441794063
0.0001369641128
-0.000972307534
0.0003343425011
-0.0007131732366
0.0009213949586
-0.001015054335
0.0005818398752
-0.001452139863
-0.0006830951443
-0.0008335038062
0.001143804041
-0.001269651991
0.0007451998823
-0.001481207123
0.000775390458
-0.0006792858312
-0.001446072655
-0.0006537771117
-0.000857134218
0.001328287052
-0.00130747546
0.0009646621381
-0.001331831722
0.0008661620523
-0.0006025644843
-0.001155211875
-0.0005298909487
-0.0007125026022
0.00121685055
-0.001069542308
0.001034135349
-0.0009447970505
0.000802560813
-0.0004435697343
-0.0007287249192
-0.0003542006843
-0.0004765612508
0.0008848277516
-0.0006841588455
0.0009044645167
-0.0005283769456
0.0005990249468
-0.0002697609697
-0.0003579634062
-0.0001962156694
-0.0002495823723
0.0004892583366
-0.0003182341656
0.0006274514395
-0.00022427881
0.000356764545
-0.0001360574977
-0.0001282032378
-8.988167434e-05
-9.625404232e-05
0.000183645654
-9.08806589e-05
0.000318654058
-6.578612412e-05
0.0001617033092
-5.653474229e-05
-2.99454306e-05
-3.390524743e-05
-2.763130402e-05
3.778709992e-05
-1.447988612e-05
0.0001027493052
-1.2518729e-05
5.259603426e-05
-1.943303659e-05
-6.091327258e-06
-1.075895524e-05
-1.237881031e-05
7.174833386e-06
-3.029549805e-06
2.706637114e-05
-3.308620469e-06
1.673518553e-05
-6.976339166e-06
-5.224070164e-06
-4.229259299e-06
-1.441535836e-07
-3.876223086e-06
6.710505015e-06
1.233696348e-06
-7.113450308e-07
-3.222448447e-06
-5.127902163e-06
1.709026602e-05
-1.86011255e-06
-2.208145984e-06
1.735204229e-05
-5.47587444e-06
1.809433259e-06
-6.299382747e-06
-2.430707715e-05
-8.063651895e-07
3.880876872e-05
-6.850820392e-06
2.557263881e-06
-2.203617079e-06
-6.628665571e-06
-0.00050709169
-0.0013152944
0.001189962321
-0.001026880664
-0.0004107188719
0.0008408776746
-0.0006537814463
-0.0002891024329
-0.0001759268624
0.000482880198
-0.0003391768629
-9.328532584e-05
0.0002262415532
-0.0001429843828
8.533852807e-05
-4.790023123e-05
-4.32830796e-05
2.514231622e-05
-1.228308624e-05
-1.757181193e-05
-6.108272504e-06
5.620936443e-06
-2.729431332e-06
-0.001624629295
-0.0002155263921
0.0004639427506
-0.001350032905
-0.000296807213
-4.341532854e-05
0.0004334530898
-0.0001958269209
0.0001302392789
-0.000124240225
-2.304023834e-05
6.460574625e-05
-7.562480313e-05
-2.726128412e-06
-2.33759717e-06
6.203991778e-06
-7.040714915e-07
-2.13048473e-06
2.028046297e-06
3.225989948e-06
-9.207260863e-07
2.912941131e-06
-5.744130331e-07
-1.030647422e-06
-1.242191725e-06
-1.466543642e-06
-8.177304046e-07
-7.448114243e-07
-6.746053148e-07
-1.961025646e-06
2.23992566e-06
-4.371780768e-08
-4.634034162e-07
-1.262741718e-06
-9.702690218e-07
3.790923051e-07
-0.0001425335738
0.0001342934507
-8.886101678e-05
-5.2657594e-05
7.818885632e-05
-0.0002212889232
0.0003053340227
-0.000157830874
-2.905823462e-05
-2.970231902e-05
-0.0001106406271
-1.588717589e-05
-8.002367629e-06
1.157231568e-05
-2.169437703e-05
3.378667251e-05
-1.35377812e-05
-4.157926432e-06
-3.770470871e-06
5.403927759e-06
-8.172253012e-06
-1.967301982e-06
-4.73685135e-06
-1.627898539e-06
-5.257015954e-07
-4.833234108e-07
1.22235444e-07
7.460371286e-07
-2.143282071e-07
3.419282773e-07
1.293441307e-07
-1.278103823e-07
-3.531345738e-07
-8.026002745e-08
1.375910493e-06
-6.606164599e-08
-8.508028725e-08
-1.771929161e-08
5.550711597e-08
4.31417863e-07
-8.610669094e-08
-8.922357053e-08
-1.980169493e-08
4.79823292e-07
2.880550014e-08
7.766215986e-05
-5.62124358e-05
-0.0001088756426
2.012428474e-05
0.0001553011897
-1.385932326e-05
1.619562432e-05
-1.07389513e-05
-7.443856227e-05
-1.303327709e-05
2.071359757e-05
-8.114509107e-06
2.530301728e-06
-1.682769508e-06
-1.216637601e-06
-5.023556825e-06
-3.096287221e-06
-9.197906716e-07
9.081338763e-07
-6.216919347e-07
-1.887414875e-06
3.862961641e-07
-3.304238144e-07
1.947655746e-07
2.920283201e-07
1.243019361e-07
-2.066610044e-09
-4.197835401e-07
-1.959390075e-07
-7.614328513e-07
7.54998095e-07
5.358682597e-07
3.281897399e-07
1.646957255e-05
0.0002453394937
-0.0001816620782
-1.796246923e-06
9.031088682e-06
0.0001328006737
-9.502959202e-05
-2.467547023e-12
1.535343609e-05
1.248065765e-06
-1.128821135e-05
-1.175889132e-12
8.415435062e-07
3.19046559e-06
-1.501717793e-06
-7.024235896e-07
-1.462393014e-06
2.568025609e-06
-2.999357134e-06
1.706399693e-06
-0.0003452641094
0.004452603095
-0.002462937988
0.0001757433718
0.0004075513436
-0.0003539707178
-0.0004966692557
-0.0002729603073
0.0002324492264
0.0001534755479
2.269070156e-05
0.0003283316961
-0.0003462377301
-0.0006291361191
-0.0004328075816
-0.0004013927929
0.0005784068486
2.452654934e-05
0.000359289791
-0.0004007360939
-0.0008869341396
-0.0006060620141
-0.0007563988393
0.0009747419976
2.402111911e-05
0.0004532481478
-0.0005030806984
-0.001076804911
-0.0008205365582
-0.001225860663
0.001477685892
3.435941341e-05
0.0005355413562
-0.0005382887808
-0.001109293005
-0.001010106769
-0.001709599607
0.001928547854
4.55176625e-05
0.0005034179193
-0.0004305143444
-0.0009222176184
-0.001132068329
-0.002171106281
0.002506043572
5.668942566e-05
0.0003313949495
-0.0002339630091
-0.0005678821793
-0.001386166575
-0.003009848509
0.003724287599
9.08264566e-05
0.0001865606959
-0.0002694756203
-0.0001838813762
9.66129113e-05
4.43393219e-05
0.0003341605586
-0.0004687882894
-0.003986231222
0.00482470667
0.0003994466884
-3.028455139e-05
-2.739206585e-05
-1.353152591e-05
-9.261290075e-06
-1.039742872e-05
-1.444385414e-05
-1.645816917e-05
-1.818126913e-05
-2.409133912e-05
-0.0009667129548
-0.006239972602
0.006953149046
0.001757606453
0.0001574013071
-1.745895972e-05
6.480486502e-05
0.0001443254457
-4.518196322e-05
-0.004949798913
0.004851264771
-3.031953903e-05
-0.000404171397
-0.002427561736
0.000119032618
0.0001639675612
0.0002389305521
0.0001388357204
-5.357915081e-05
0.007709159808
-0.01354696692
0.009905624559
0.00819311137
-0.006085961577
-0.0001451281865
0.0003109632987
-0.004869596341
-0.005830756788
0.004960568089
-0.000536754355
0.0002957852109
0.0005764634148
-0.01704135252
0.001915464128
0.0005021083837
-0.000465369843
1.214028411e-05
0.0004351639392
-0.0003447173075
-2.728750497e-05
0.0002406093434
-0.0001655164293
-1.274492641e-05
0.0001146564818
-8.163864396e-05
-6.767957188e-06
6.175609032e-05
-4.980513402e-05
-4.997637912e-06
4.544218255e-05
-4.977553266e-05
1.212852514e-06
5.205177718e-05
-3.8444012e-05
1.963802629e-05
3.794493497e-05
-7.396326084e-05
3.131150147e-05
0.0001314382948
-0.0001663316722
8.456114511e-05
0.0001597265336
9.72275966e-06
7.742942719e-05
-0.0006869382543
-0.0001171070991
-0.0024127386
0.0007082081656
0.0004368391738
-0.0001061787852
-0.0007746172312
-0.003749578219
-0.01994694454
0.01537491951
0.0006492237027
0.0008604451618
0.00102403674
0.0009928979942
0.0007781551534
0.0004685511054
0.000193226032
5.045991194e-05
-2.745753341e-06
-8.35386042e-06
1.558146458e-05
-4.325984463e-06
1.046499237e-06
1.869397081e-05
-2.859251656e-06
-9.083850069e-06
-8.654863657e-06
3.369114123e-06
-1.61397494e-05
3.232666034e-05
-4.028207288e-06
1.081192034e-05
2.334618553e-06
-0.0001621199668
0.00757259759
-0.004459823367
0.0005808602066
-0.000114032077
-0.0004388226648
-0.000351115408
0.001078047195
-0.000826959153
-0.0002296628652
0.0006100390506
-2.805335778e-05
4.3989593e-05
-2.433550678e-05
-1.062257185e-05
1.271388863e-05
0.000441308717
0.001751980975
-0.0008496726636
-0.001199710727
0.0002207219539
0.004422378554
-0.001237731005
-0.002230845092
0.002619933163
0.002148312514
0.0007671160365
-0.003775578928
0.0002027279399
-0.0001304290108
0.0001333485206
-0.0001555283067
3.22873575e-07
-9.464919271e-08
4.770039288e-07
6.444604024e-07
-1.126129684e-07
1.478442936e-07
-8.632019321e-08
1.718020897e-06
3.134923966e-07
-7.812486648e-06
7.149363451e-06
5.310168789e-06
-1.18053847e-06
-8.51098143e-06
-1.605095062e-06
8.12581326e-06
0.001231812169
-0.0002655008432
-2.993446836e-05
-0.0007884741186
-1.399054639e-05
1.667396999e-05
3.164702673e-06
-8.70198965e-07
-1.006938644e-05
-1.170710615e-06
4.764350602e-06
9.577659812e-06
-7.388539058e-06
-5.065168459e-08
1.325583022e-06
-1.430620752e-05
1.881853011e-05
-3.20383609e-06
5.79742779e-06
-4.83887416e-06
-8.771195539e-06
8.614618256e-06
2.947230321e-05
-2.238983085e-05
-9.224640443e-06
1.362330746e-05
-3.226904407e-05
4.250891443e-05
-1.911221225e-05
2.584422103e-05
-1.992080466e-05
3.795996075e-05
-2.808009659e-05
5.832906394e-05
-4.425217836e-05
-3.395731945e-05
4.352879828e-05
-5.833970454e-05
7.662518254e-05
-5.458149147e-05
6.708487305e-05
-8.088597829e-05
-3.615256738e-05
0.0001002359065
9.564392714e-05
-7.075712615e-05
-8.165609874e-05
9.445734524e-05
8.914299501e-09
1.114790989e-08
-3.292699954e-09
-4.76924365e-09
-2.267690604e-08
2.586507381e-09
8.935962116e-06
-1.105982745e-06
-1.043344782e-05
-8.261407021e-05
-0.0002820458454
-0.0003064687785
0.000435170102
0.0005582547257
-0.0001935615184
0.0004869621038
-0.0002701125643
-0.0001149822254
-0.0002796957223
-3.051731019e-06
-3.234724491e-07
4.677872442e-06
1.722859023e-06
-2.976034796e-07
-1.923446779e-06
1.330101959e-06
9.050891977e-06
-6.134106151e-06
1.202292933e-05
-8.090442589e-06
1.332235266e-05
-1.702855076e-05
-9.335532991e-06
2.325083343e-05
-3.78700018e-05
2.73587303e-05
-1.853228696e-05
4.864164652e-05
2.466726751e-05
-5.054621895e-05
-1.804967882e-05
6.292345402e-05
-3.070916946e-05
0.0001001024774
4.848688867e-05
6.172459246e-05
-0.0001373646558
-1.802884531e-05
7.417714493e-05
-7.081395806e-05
2.291532584e-06
1.045369789e-06
-3.856552792e-07
-5.843881457e-07
1.526188036e-11
2.476123524e-11
-6.481490233e-12
-5.636178607e-14
1.293185423e-12
2.51698308e-12
-5.188478614e-13
-6.636533975e-35
-7.218271835e-13
4.597822101e-05
-3.15212052e-05
-3.874713529e-13
1.400443085e-12
-1.888503537e-35
-1.028092421e-12
2.174659763e-05
-2.634676752e-12
4.078881351e-12
-2.94788532e-35
1.330908686e-12
-5.737042268e-12
7.628408777e-12
-4.08942376e-35
4.209747552e-07
-1.319522401e-11
1.074814571e-07
-3.196571306e-07
7.589925423e-07
-3.514916619e-07
7.258056561e-07
-7.611671101e-07
1.749275323e-07
1.190836266e-07
-2.454069192e-08
-2.233531275e-08
-2.161426584e-14
6.760930095e-11
-5.253986197e-12
1.955544333e-11
-3.392593627e-35
1.712739058e-12
-2.742195602e-13
4.825075685e-13
-1.211903019e-35
-1.983908926e-13
8.430881642e-13
2.798445341e-13
-1.775559544e-35
-1.716614824e-12
2.8317597e-12
4.323211113e-13
-2.26342055e-35
-4.225026865e-12
5.960753757e-12
5.771058846e-13
4.924101208e-07
-7.916372585e-12
3.507708074e-06
-3.489356613e-06
1.126138982e-06
-7.437615058e-06
1.120193334e-05
-3.413865513e-06
1.676996271e-06
-1.458255052e-05
2.634304674e-05
-9.495907112e-06
-1.370174761e-08
1.867935558e-07
-1.910382625e-08
1.715714479e-07
-2.332598919e-08
-1.682604201e-08
1.465375111e-07
9.182905483e-08
-1.644014918e-07
-4.906362003e-07
1.227407577e-06
3.693970096e-07
-5.583412775e-07
-2.601286634e-06
4.917255014e-06
9.975030466e-07
-1.347780056e-06
-8.525732706e-06
1.379504711e-05
2.123270078e-06
-2.593129663e-06
-2.108529876e-05
3.071140754e-05
3.813714673e-06
-4.06566696e-06
-4.292718131e-05
5.773403731e-05
5.988961171e-06
-5.621328844e-06
-7.527194753e-05
9.599596298e-05
8.205353838e-06
-7.040740561e-06
-0.0001198793171
0.0001429303044
1.240401437e-05
-5.157832357e-07
6.051490582e-07
-8.328582921e-08
1.063866944e-06
-2.343286478e-07
-5.824421067e-08
3.034872327e-07
4.596150481e-07
-7.005299584e-07
-7.769671863e-07
1.59671682e-06
1.157481622e-06
-1.603693044e-06
-2.90414903e-06
4.86038257e-06
2.367215976e-06
-3.079065708e-06
-7.636056639e-06
1.141099883e-05
4.206982029e-06
-5.18655076e-06
-1.63494193e-05
2.261444947e-05
6.717345943e-06
-7.846628561e-06
-3.03298746e-05
3.960621209e-05
9.810482976e-06
-1.040530433e-05
-5.044876638e-05
6.285551294e-05
1.281030692e-05
-1.05932469e-05
7.728324408e-05
-8.406580272e-05
3.322250025e-05
-0.0003873750249
0.0001762631223
-0.0004631714621
-0.0003574837177
-0.0004684204724
-0.0003010219983
0.0001547743555
-0.0005570994751
-0.0002385492957
-0.0001006670125
-0.0005377234922
-0.0006657356789
-0.0003717433744
2.726806167e-05
-0.0007690072336
-4.951242798e-05
-1.000480708e-05
-0.0007702831843
-0.0008451873642
-0.0005110167286
2.179823907e-05
-0.0009944309751
2.635152126e-05
5.197089526e-05
-0.0008934570938
-0.0009004940571
-0.0007119774247
2.855604352e-05
-0.001118847533
9.212214391e-05
0.0001355068972
-0.0008594421168
-0.0007710505125
-0.0009230618114
4.03411817e-05
-0.001043083095
0.0001785109627
0.0002199490046
-0.0006442570305
-0.0004946668221
-0.001077400777
5.007320743e-05
-0.0007579791242
0.0002594900482
0.000298486795
-0.0003422232587
-0.0002073331765
-0.001215050416
6.869801727e-05
-0.0003688122289
0.0003443804638
0.0004106871181
-0.000105204842
-4.164322459e-05
-0.001255879121
0.0007538798471
-6.939693922e-05
0.0005438599372
0.001269951929
-1.514524607e-05
-7.390805165e-06
0.005047267785
0.005143716591
0.00162703296
0.001510542105
0.001885349563
0.004853927212
7.231991626e-06
6.256705148e-06
0.01160414683
0.004278397802
0.0002370962433
-2.410179586e-05
6.214202684e-06
-1.478614109e-05
0.01444148782
-0.01220676169
0.002862307659
0.0002885532868
-0.0003355604633
0.001869658492
-0.0013502387
0.007740023868
0.0002189421898
0.0004336377224
-0.0006053750233
0.0009450629775
-0.002004771466
0.002520926135
-0.001231508201
0.001365104115
-0.001713070651
0.00203363548
-0.003810197859
0.05015193666
-0.01686749555
-0.009491499344
0.01473487861
0.01058036067
-0.01000799696
0.002468656021
0.003480336624
-0.009117447746
0.00348983044
1.530637041e-05
-0.0002116221768
-0.007828118709
-0.0001547282564
-6.846253568e-05
-0.0001360202712
-1.360546169e-05
-0.006063531667
-0.0002130623548
-0.004493013481
-0.0001233541671
-5.281574507e-05
-4.210029722e-05
-0.0001003848765
-1.905675818e-05
-0.003369751317
-0.0002355197363
-0.002647680736
-0.0001112429536
-3.677780119e-05
-3.761487952e-05
-7.529843353e-05
-8.651198515e-06
-0.002219815337
-0.0002320516687
-0.0019911968
-0.0001278979618
-4.35982699e-05
-5.009303234e-05
-7.328741331e-05
-5.841465252e-06
-0.001875018473
-0.0002331315113
-0.001791956316
-0.000166430431
-5.189916592e-05
-4.99161439e-05
-0.0001109943135
-1.397945676e-06
-0.001698169522
-0.0002545190176
-0.001568341909
-0.0002230205682
-4.534882791e-05
-4.00155592e-05
-0.0001686070456
7.415904245e-06
-0.001386085806
-0.000249722034
-0.001140459543
-0.0002488745652
-3.437347174e-05
-2.836222045e-05
-0.0002079119299
2.470856749e-05
-0.0008346605557
-0.000232893411
-0.0005151021596
-0.0002512473187
-2.180954207e-05
-1.447320013e-05
-0.0002269833967
5.262361583e-05
-0.0002467839155
-0.0001933736751
-5.522175909e-05
-0.0002274693761
-7.033386726e-06
6.181812089e-06
-0.0002242638167
8.976513434e-05
0.0002076172389
-0.0001845997652
0.0005861462174
-0.0002088117915
2.347051347e-05
3.857406781e-05
-0.0002082041252
-0.0003045736461
0.001211369423
-0.0002123572765
0.001912454075
-0.0002260145535
5.025830554e-05
6.066388264e-05
-0.0002196236594
0.0003246982139
0.0001079772468
-0.0004150522529
-7.177147797e-05
9.504283986e-05
-0.000405947456
-0.0001293037052
-2.098855976e-05
-8.016309559e-06
-7.326099808e-06
-8.830777577e-06
-4.388871706e-06
1.783967991e-06
-3.502049573e-07
2.477729787e-06
-2.920590564e-06
-9.018811336e-07
3.388470727e-06
-5.758962976e-06
-4.45491695e-05
7.218285571e-06
2.931384865e-05
-5.845880754e-05
-0.0003424492735
0.0001023409081
0.0002299014049
-0.0005032048482
0.00043618539
-0.0008140998243
0.0009574852687
-0.002640525579
0.0004608657733
0.0003968988543
-0.0007971436771
0.00156361688
-0.0004372651929
0.00185604812
-0.0009060050079
-0.002925265076
-0.004536060587
0.0004332234377
0.0009215192713
-0.005508284358
-0.000848595344
-5.438217723e-05
-1.032061997e-05
-4.295427301e-05
-3.819977345e-05
-7.990428558e-06
-8.601876565e-06
-2.19427258e-05
-6.61778746e-05
-6.95735491e-06
-1.692966832e-06
-4.124029003e-05
-0.0001109331611
4.355279326e-06
1.163438743e-05
-6.99317553e-05
-0.0001506193275
2.020369806e-05
2.962320411e-05
-0.0001007943108
-0.0001819184865
3.939313324e-05
4.894408572e-05
-0.0001318097793
-0.0001997121602
5.722414803e-05
6.342752384e-05
-0.0001583334069
-0.0001963002051
6.918665674e-05
7.566014179e-05
-0.0001669208766
-0.0002250415678
0.0001023991715
3.818299048e-05
-0.0001290835489
-0.0001559673345
-0.0002492659738
0.0001365572101
-0.0001327245131
0.0001900680693
-0.0002506830088
-0.0001326157572
-0.00128800263
-7.759877016e-07
4.817218611e-07
-1.573985349e-06
-1.895065849e-06
-2.62410628e-07
-3.67790662e-07
6.405962483e-07
2.63331606e-06
1.1903853e-06
-1.770017727e-06
-2.958139913e-06
8.234467697e-07
2.493408151e-06
-1.92656975e-06
7.033842629e-06
8.690392648e-08
-8.63095142e-05
-0.0001338743601
5.632998448e-05
0.0001747421187
-0.0002977070968
-0.0006588863324
-5.043369737e-05
-0.0003011161528
0.0006575733586
-0.0009086592614
-0.0003571352171
-0.0006605020785
0.0002216129742
-0.0006763756185
-0.001611715566
0.0005856620584
7.439928348e-05
-0.000923586218
0.0008974824999
-0.0008219852045
-0.001109047074
0.0002447467091
0.001231400996
-0.0007246657078
-0.0006606880528
0.0006953129422
0.0005942412244
0.0005200303774
-7.679065156e-05
-0.0002118190752
-0.000589141245
-0.0001633916904
-0.001962140497
-9.047480074e-05
3.592828241e-05
-7.802945749e-06
-2.687873003e-05
-1.477904333e-05
-3.259706581e-06
-1.769262916e-06
-7.956080459e-06
1.405482802e-06
2.781711215e-05
6.061609566e-06
-1.414829046e-05
1.251809405e-05
4.722968713e-05
2.106366676e-05
-2.389454491e-05
-6.942114162e-05
3.191607413e-05
4.520678463e-05
-3.565618529e-05
6.094835986e-05
9.410843989e-05
7.895018084e-05
-5.00254998e-05
0.0001191042047
-9.874809057e-05
0.0001191837365
-6.728936912e-05
0.0001396676034
-0.0001308100353
0.0001654269063
-8.53636713e-05
-0.0001076439726
-0.000159525483
0.0001183331764
0.0001493766834
-0.0001333327801
-0.0001785705009
0.0001478317532
0.0001068309173
-9.77803079e-05
-0.0001470325866
-0.0001851473161
-0.0005549146292
-0.0004148104462
-4.885200138e-05
-7.610794916e-05
-5.129107932e-05
-8.439379763e-06
-2.601818935e-06
-1.319314632e-06
-5.658878225e-07
-3.48622216e-05
-5.322390709e-06
-7.315225004e-08
-3.205975584e-08
-7.321935193e-09
-1.157538232e-08
2.446157972e-08
4.841642767e-07
-1.137569898e-07
-1.210083313e-06
-7.270645539e-07
0.0004443197129
0.0001918488532
-0.0005252686862
0.0001983239152
-0.000687698415
0.0003700815179
0.0002763468284
-0.000565669491
-0.0007103222967
0.0008430438681
0.0004924343575
-0.0004618642531
-0.0009082917906
-0.0006849053478
7.584125295e-05
0.0004956554622
0.0002497145967
0.0001572785997
-0.0001149615098
-0.0001203794946
-9.743713066e-05
-0.0001050961748
-7.852374938e-07
-7.029202153e-06
3.752403602e-06
-4.192655383e-06
2.222940415e-07
6.33229235e-06
-2.752222843e-06
2.104986265e-06
1.078692159e-05
-6.641886279e-06
6.587613104e-06
-5.661669537e-06
-3.759616594e-06
1.035452554e-05
1.113508108e-05
-7.248587176e-06
-1.377062518e-05
-1.361332557e-05
2.003434111e-05
1.521319747e-05
2.881719585e-05
-2.131703685e-05
-2.347118882e-05
4.991896084e-05
3.796634206e-05
-1.580658787e-05
6.41599656e-05
5.109015355e-05
-3.160393072e-05
7.59479754e-05
-6.128207643e-05
9.295866792e-05
4.094313388e-05
-2.811119464e-05
-4.600066642e-05
-0.0001226336155
0.0001492668652
-3.292287364e-05
0.0001142781412
-0.000115584317
-0.0001181355488
0.0002371434319
-0.00018405721
-4.932044236e-05
-5.975190136e-05
0.0001361884702
-6.562847936e-05
-0.0001058065016
-0.0002161548626
-6.833350966e-05
-2.307297508e-05
-1.723580454e-05
-1.815108382e-05
-2.707028191e-05
-1.668826451e-05
-6.536097296e-05
-6.295937117e-05
-5.171237079e-05
-0.0003908967388
-4.133399032e-05
-0.0002938617687
-0.00021614316
-2.480534436e-05
-4.967734983e-05
-7.145157651e-06
-3.240296291e-05
-3.460902445e-06
-1.123040257e-06
-5.855523514e-07
-6.36187703e-07
-1.704867012e-07
-3.248991059e-07
-2.822006898e-05
-0.0003236740728
-2.964604762e-06
-4.708195539e-06
-6.661864139e-05
-6.272695237e-13
-2.365418497e-06
-8.81644793e-13
-8.094232775e-07
-8.74254689e-06
-7.138466984e-06
-4.104213503e-12
-6.468633968e-07
-5.670251065e-06
-4.377293988e-06
-6.08605726e-07
-2.21743059e-11
-2.755944228e-12
-2.304822104e-12
-3.721799057e-12
8.932631205e-09
3.237217698e-09
2.919498988e-12
1.513000919e-08
-3.597506671e-09
-5.327944182e-07
6.252815192e-07
-1.618063962e-05
1.473468988e-05
1.957638238e-05
0.0005236271436
5.45359681e-05
-0.0004730383784
0.0001532037807
-0.0003572904496
0.0001290302908
4.948596225e-05
0.0001913119751
0.0001110735364
-0.0002118729545
-6.061719418e-05
0.0001201949533
2.194659099e-05
-2.641366795e-05
-9.257948176e-05
6.202472972e-05
-4.431022633e-05
-0.0001065666579
6.285110925e-05
-6.076831114e-05
-4.248904084e-05
-8.363504095e-05
0.0001706598755
3.877689126e-05
-1.305133807e-06
8.310909287e-06
-6.373217644e-06
-4.565254811e-06
-5.589996042e-07
2.988034038e-06
-2.245940168e-07
-1.681938977e-06
1.327543097e-07
-1.227429982e-06
5.711988056e-07
1.260856812e-06
2.726296569e-06
-2.096202555e-06
3.847174481e-06
-2.350188374e-06
-3.687632608e-06
-2.881682139e-06
5.08922158e-06
2.279981418e-06
3.709369755e-06
4.819699987e-06
5.633979777e-06
-7.636681144e-06
1.107144827e-05
8.138397455e-06
-6.284551189e-06
9.463501312e-06
-6.698868647e-06
1.131092606e-05
1.523009814e-05
1.122699684e-05
1.338794308e-05
-9.891975186e-06
-1.332349138e-05
3.988251709e-05
-3.082247801e-05
1.996857812e-05
-1.560406957e-05
2.149617329e-05
2.559948592e-05
3.217452244e-05
3.981921286e-05
2.056976878e-05
-1.798220481e-05
-2.314885742e-05
-7.689299369e-05
9.106865282e-05
4.880355765e-05
5.649209258e-05
2.107081789e-05
-1.781703543e-05
0.0001459206239
-3.199075035e-05
6.301520087e-05
-2.868962989e-05
0.0001067834803
-1.24105476e-05
-4.270016502e-06
-3.632651823e-05
-9.031247222e-07
-2.5931413e-07
-3.154524971e-07
-3.747004019e-07
-7.389013093e-08
-1.364395233e-13
-8.848987201e-08
-2.298024274e-34
-9.059211763e-34
-1.937069535e-34
1.003828062e-34
-1.416401243e-35
-1.737509832e-35
1.287120633e-35
9.292586933e-36
-2.434081021e-35
5.380733503e-35
1.083081726e-34
1.513759063e-35
-3.485914034e-35
1.766770034e-34
2.607813975e-34
2.009996936e-35
-8.0037564e-24
3.636902955e-34
3.397374328e-23
4.204814356e-24
-5.529507188e-07
3.191002544e-07
9.074156456e-07
-8.759824733e-07
-8.678970342e-07
1.653302315e-06
2.79316118e-06
-1.498165604e-06
-5.524882716e-08
-4.404303369e-08
3.659297148e-08
-2.816443133e-09
-2.168976827e-09
2.388402927e-09
1.554158883e-09
1.002082053e-12
1.315166835e-07
6.037671741e-07
7.181920024e-08
2.131493444e-13
1.817686228e-06
4.383028692e-06
3.200376924e-07
3.595182627e-13
9.117383286e-06
1.700374754e-05
8.962851577e-07
5.038005101e-13
2.910025397e-05
4.642227326e-05
1.913837764e-06
5.864566018e-13
6.982593212e-05
9.990072042e-05
3.362462682e-06
-3.773526974e-06
0.0001322673447
0.0001700764584
4.801404186e-06
-2.981515181e-06
0.0002140754155
0.0002639131524
6.483518516e-06
5.838051288e-06
0.0003084790957
0.0003684319111
9.018157524e-06
3.703082108e-07
-3.881897674e-07
1.055354864e-06
3.938491142e-08
-4.779877584e-08
3.65592783e-08
1.401931297e-07
1.972154038e-07
2.22481167e-07
6.269101152e-07
4.229267853e-07
6.295235813e-07
1.388966215e-06
2.686203354e-06
1.087610714e-06
1.490351817e-06
4.727474388e-06
7.746218252e-06
2.262900843e-06
2.894414956e-06
1.198393829e-05
1.767015337e-05
4.053332704e-06
4.85400274e-06
2.502345207e-05
3.422381759e-05
6.457233114e-06
7.160110849e-06
4.539253432e-05
5.862748911e-05
9.288100526e-06
9.324094594e-06
7.433475819e-05
9.125602559e-05
1.264385005e-05
1.165791014e-05
0.0001164372937
9.980842198e-05
4.682805519e-05
-4.057983331e-05
-3.388445376e-05
2.103150397e-06
3.364762437e-06
-7.493640956e-07
3.203652896e-07
-1.106186599e-07
5.604542944e-07
7.316036638e-08
7.538106871e-07
3.503732565e-07
1.144466294e-06
8.466584664e-07
1.689502746e-06
1.658537268e-06
2.895761419e-06
3.20441533e-06
4.679042413e-06
4.179906831e-06
7.139241384e-06
5.382186278e-06
1.039795033e-05
1.458865159e-05
8.207870941e-06
1.980615078e-05
2.616268424e-05
1.148858409e-05
3.37217801e-05
1.358010841e-05
4.242557499e-05
9.336837299e-06
5.095302659e-05
5.623190087e-05
1.504744425e-05
-2.805669081e-05
)
;

boundaryField
{
    walls
    {
        type            calculated;
        value           nonuniform List<scalar> 0();
    }
    wallFilmFace_top
    {
        type            calculated;
        value           nonuniform List<scalar> 0();
    }
    region0_to_wallFilmRegion_wallFilmFace
    {
        type            calculated;
        value           nonuniform List<scalar> 0();
    }
    mirrorFace_top
    {
        type            calculated;
        value           uniform 0;
    }
    region0_to_wallFilmRegion_mirrorFace
    {
        type            calculated;
        value           uniform 0;
    }
    procBoundary3to2
    {
        type            processor;
        value           nonuniform List<scalar> 
64
(
0.0002608346485
8.042897273e-05
-0.0001006989405
-6.829965616e-05
1.121161001e-05
0.0005767471439
0.0005187878419
0.0003011420815
5.115795655e-06
8.653530887e-05
-3.176415288e-06
1.203393102e-05
-3.870893335e-06
9.543930984e-07
1.679850924e-07
3.640098597e-07
2.087191256e-06
9.258110714e-06
1.750321693e-05
6.506106969e-06
-0.0001632362016
-0.0002972585434
-0.0005490985037
-1.857793793e-06
-0.0001616036564
5.689178391e-05
2.191024886e-05
0.0005312423238
0.0002941944359
-2.609544827e-06
0.0008680034948
0.001391809743
-0.0006612632558
0.001398898599
0.001885763968
0.00609301007
0.0004763917854
-2.525722227e-05
0.0006098779155
0.0005413039723
7.145535662e-06
0.0004175318419
2.101538441e-06
3.414818118e-07
5.667771082e-07
1.681969713e-06
0.000447674737
0.0004444027378
0.009275814546
8.93433197e-05
-0.0001192767011
-8.387565169e-05
1.575184766e-05
1.562766139e-05
0.0007305403227
1.109939285e-05
9.111744565e-06
0.0005097633078
7.495633759e-06
3.365561895e-06
6.309698512e-07
1.650111912e-07
1.115449797e-06
2.038075055e-06
)
;
    }
}


// ************************************************************************* //
