/*--------------------------------*- C++ -*----------------------------------*\
  =========                 |
  \\      /  F ield         | OpenFOAM: The Open Source CFD Toolbox
   \\    /   O peration     | Website:  https://openfoam.org
    \\  /    A nd           | Version:  8
     \\/     M anipulation  |
\*---------------------------------------------------------------------------*/
FoamFile
{
    version     2.0;
    format      ascii;
    class       volVectorField;
    location    "0.4/wallFilmRegion";
    object      contactForce:contactAngle;
}
// * * * * * * * * * * * * * * * * * * * * * * * * * * * * * * * * * * * * * //

dimensions      [1 -2 -2 0 0 0 0];

internalField   nonuniform List<vector> 
1342
(
(0 0 0)
(0 0 0)
(0 0 0)
(0 0 0)
(0 0 0)
(0 0 0)
(0 0 0)
(0 0 0)
(0 0 0)
(0 0 0)
(0 0 0)
(0 0 0)
(0 0 0)
(0 0 0)
(0 0 0)
(0 0 0)
(0 0 0)
(0 786.8060389 2.326518583e-12)
(0 0 0)
(0 0 0)
(-715.3451471 -655.7330503 -1.938946896e-12)
(0 0 0)
(0 0 0)
(0 0 0)
(0 0 0)
(0 670.2445676 1.981856219e-12)
(0 0 0)
(0 0 0)
(0 0 0)
(0 0 0)
(0 0 0)
(0 0 0)
(0 0 0)
(0 0 0)
(0 0 0)
(0 0 0)
(0 0 0)
(0 0 0)
(0 0 0)
(0 0 0)
(0 0 0)
(0 0 0)
(0 0 0)
(0 0 0)
(0 273.2014425 0)
(0 0 0)
(-1098.349933 -1006.82077 0)
(0 0 0)
(0 0 0)
(0 0 0)
(0 0 0)
(0 0 0)
(0 665.7174061 0)
(0 0 0)
(0 0 0)
(0 0 0)
(0 0 0)
(0 0 0)
(0 0 0)
(0 0 0)
(0 0 0)
(0 0 0)
(0 0 0)
(0 0 0)
(0 0 0)
(0 0 0)
(0 0 0)
(0 0 0)
(0 0 0)
(0 0 0)
(0 0 0)
(0 0 0)
(0 671.1962841 0)
(-482.6146419 -442.3967567 0)
(0 0 0)
(0 0 0)
(0 0 0)
(0 0 0)
(0 0 0)
(0 0 0)
(0 363.7216951 0)
(0 0 0)
(0 0 0)
(0 0 0)
(0 0 0)
(0 0 0)
(0 0 0)
(0 0 0)
(0 0 0)
(0 0 0)
(0 0 0)
(0 0 0)
(0 0 0)
(0 0 0)
(0 0 0)
(0 0 0)
(0 0 0)
(0 0 0)
(0 0 0)
(0 0 0)
(-1180.483352 -1.199889945e-11 0)
(0 0 0)
(0 0 0)
(0 0 0)
(0 0 0)
(0 0 0)
(0 0 0)
(0 0 0)
(0 536.5565832 0)
(0 0 0)
(0 0 0)
(0 0 0)
(0 0 0)
(0 0 0)
(0 0 0)
(0 0 0)
(0 0 0)
(0 0 0)
(0 0 0)
(0 0 0)
(0 0 0)
(0 0 0)
(0 0 0)
(0 0 0)
(0 0 0)
(0 0 0)
(0 0 0)
(0 0 0)
(0 0 0)
(0 0 0)
(0 0 0)
(0 0 0)
(0 0 0)
(0 0 0)
(0 0 0)
(0 0 0)
(0 773.4992091 0)
(0 0 0)
(0 0 0)
(0 0 0)
(0 0 0)
(0 0 0)
(0 0 0)
(0 0 0)
(0 0 0)
(1714.712955 -0.00319532014 0)
(0 0 0)
(0 0 0)
(0 0 0)
(0 0 0)
(0 0 0)
(0 0 0)
(0 0 0)
(0 0 0)
(0 0 0)
(0 0 0)
(0 0 0)
(0 0 0)
(0 0 0)
(0 0 0)
(0 0 0)
(0 0 0)
(0 0 0)
(0 0 0)
(0 0 0)
(0 397.7271647 0)
(0 0 0)
(0 0 0)
(0 0 0)
(0 0 0)
(0 0 0)
(0 0 0)
(0 0 0)
(0 0 0)
(0 0 0)
(-1388.936665 -0.002588233545 0)
(0 0 0)
(0 0 0)
(0 0 0)
(0 0 0)
(0 0 0)
(0 0 0)
(0 0 0)
(0 0 0)
(0 0 0)
(0 0 0)
(0 0 0)
(0 0 0)
(0 0 0)
(0 0 0)
(0 0 0)
(0 0 0)
(0 0 0)
(0 0 0)
(0 500.3753325 0)
(0 0 0)
(0 0 0)
(0 0 0)
(0 0 0)
(0 0 0)
(0 0 0)
(0 0 0)
(0 0 0)
(0 0 0)
(0 0 0)
(0 0 0)
(0 0 0)
(0 0 0)
(0 0 0)
(0 0 0)
(0 0 0)
(0 0 0)
(0 0 0)
(0 0 0)
(0 0 0)
(0 0 0)
(0 0 0)
(0 0 0)
(0 0 0)
(0 0 0)
(0 0 0)
(0 0 0)
(0 0 0)
(0 753.4585604 0)
(0 0 0)
(0 0 0)
(0 0 0)
(0 0 0)
(0 0 0)
(0 0 0)
(0 0 0)
(0 0 0)
(0 0 0)
(0 0 0)
(0 0 0)
(0 0 0)
(0 0 0)
(0 0 0)
(0 0 0)
(0 0 0)
(0 0 0)
(0 0 0)
(0 0 0)
(0 0 0)
(0 0 0)
(0 0 0)
(1943.231476 -1.97517729e-11 0)
(0 0 0)
(0 0 0)
(0 0 0)
(0 0 0)
(0 0 0)
(0 430.3606648 0)
(0 0 0)
(0 0 0)
(0 0 0)
(0 0 0)
(0 0 0)
(0 0 0)
(0 0 0)
(0 0 0)
(0 0 0)
(0 0 0)
(0 0 0)
(0 0 0)
(0 0 0)
(0 0 0)
(0 0 0)
(0 0 0)
(0 0 0)
(0 0 0)
(0 0 0)
(0 0 0)
(0 0 0)
(1033.22972 947.1272468 0)
(0 -616.1747293 0)
(0 0 0)
(0 0 0)
(0 0 0)
(0 0 0)
(0 0 0)
(0 747.5282413 0)
(0 0 0)
(0 0 0)
(0 0 0)
(0 0 0)
(0 0 0)
(0 0 0)
(0 0 0)
(0 0 0)
(0 0 0)
(0 0 0)
(0 0 0)
(0 0 0)
(0 0 0)
(0 0 0)
(0 0 0)
(0 0 0)
(0 0 0)
(0 0 0)
(0 0 0)
(0 0 0)
(513.5622796 470.7654221 0)
(0 0 0)
(-639.46441 -586.1757081 0)
(0 0 0)
(0 0 0)
(0 0 0)
(0 0 0)
(0 0 0)
(0 512.8534373 0)
(0 0 0)
(0 0 0)
(0 0 0)
(0 0 0)
(0 0 0)
(0 0 0)
(0 0 0)
(0 0 0)
(0 0 0)
(0 0 0)
(0 0 0)
(0 0 0)
(0 0 0)
(0 0 0)
(7.370910685e-06 1238.71962 0)
(263.7608064 0 0)
(905.4463367 -829.9924738 0)
(0 0 0)
(0 0 0)
(639.6757727 586.3694572 0)
(0 0 0)
(-1059.261137 -970.9893794 0)
(0 0 0)
(0 0 0)
(0 0 0)
(0 0 0)
(0 0 0)
(0 0 0)
(0 339.2979386 0)
(0 0 0)
(0 0 0)
(0 0 0)
(0 0 0)
(0 0 0)
(0 0 0)
(0 0 0)
(0 0 0)
(0 0 0)
(0 0 0)
(0 0 0)
(0 0 0)
(0 0 0)
(0 0 0)
(0 0 0)
(0 769.932076 0)
(0 0 0)
(531.0834417 0 0)
(484.8488572 0 0)
(0 0 0)
(0 -300.5805441 0)
(0 0 0)
(0 0 0)
(0 0 0)
(0 0 0)
(0 0 0)
(0 0 0)
(0 0 0)
(0 373.1898597 0)
(0 0 0)
(0 0 0)
(0 0 0)
(0 0 0)
(0 0 0)
(0 0 0)
(0 0 0)
(0 0 0)
(0 0 0)
(0 0 0)
(0 0 0)
(0 0 0)
(0 0 0)
(0 0 0)
(0 0 0)
(0 742.8972202 0)
(0 0 0)
(-527.0580777 0 0)
(-622.9085951 0 0)
(-700.4271304 0 0)
(-1016.745612 -932.0168096 0)
(0 0 0)
(1732.176004 3.491960166e-11 0)
(0 0 0)
(0 0 0)
(0 0 0)
(0 0 0)
(0 0 0)
(0 383.2410165 0)
(0 0 0)
(0 0 0)
(0 0 0)
(0 0 0)
(0 0 0)
(0 0 0)
(0 0 0)
(0 0 0)
(0 0 0)
(0 0 0)
(0 0 0)
(0 0 0)
(0 0 0)
(0 0 0)
(0 0 0)
(0 500.3232112 0)
(0 -460.6635211 0)
(0 0 0)
(0 0 0)
(0 0 0)
(0 0 0)
(0 0 0)
(0 1351.266502 0)
(0 0 0)
(0 0 0)
(0 0 0)
(0 0 0)
(0 0 0)
(0 512.3421212 0)
(0 0 0)
(0 0 0)
(0 0 0)
(0 0 0)
(0 0 0)
(0 0 0)
(0 0 0)
(0 0 0)
(0 0 0)
(0 0 0)
(0 0 0)
(0 0 0)
(0 0 0)
(0 0 0)
(0 0 0)
(0 568.5402185 0)
(0 0 0)
(681.5688028 0 0)
(586.2123103 0 0)
(-1.034568633e-05 -1738.642202 0)
(0 0 0)
(0 0 0)
(0 634.4064746 0)
(397.6522201 -364.5145364 0)
(0 0 0)
(0 0 0)
(0 0 0)
(0 0 0)
(0 332.0535397 0)
(0 0 0)
(0 0 0)
(0 0 0)
(0 0 0)
(0 0 0)
(0 0 0)
(0 0 0)
(0 0 0)
(0 0 0)
(0 0 0)
(0 0 0)
(0 0 0)
(0 0 0)
(0 0 0)
(0 0 0)
(0 749.3048906 0)
(0 0 0)
(0 0 0)
(-905.1624021 -829.7322004 0)
(0 0 0)
(0 0 0)
(0 0 0)
(0 347.9854754 0)
(0 0 0)
(254.3344406 0 0)
(522.3717167 0 0)
(1014.385292 -929.8531827 0)
(0 0 0)
(0 723.0556187 0)
(0 0 0)
(0 0 0)
(0 0 0)
(0 0 0)
(0 0 0)
(0 0 0)
(0 0 0)
(0 0 0)
(0 0 0)
(0 0 0)
(0 0 0)
(0 0 0)
(0 0 0)
(0 0 0)
(0 0 0)
(0 767.0775974 0)
(0 0 0)
(-459.116439 -420.8567373 0)
(0 0 0)
(0 0 0)
(0 0 0)
(0 0 0)
(0 537.496278 0)
(0 0 0)
(0 0 0)
(0 0 0)
(-609.8312563 -559.011987 0)
(0 0 0)
(0 376.545663 0)
(0 0 0)
(0 0 0)
(0 0 0)
(0 0 0)
(0 0 0)
(0 0 0)
(0 0 0)
(0 0 0)
(0 0 0)
(0 0 0)
(1017.896563 -1.03463031e-11 0)
(0 0 0)
(0 0 0)
(0 0 0)
(0 0 0)
(0 685.1935005 0)
(0 -520.0666929 0)
(0 0 0)
(0 0 0)
(0 0 0)
(0 0 0)
(0 0 0)
(0 597.4265665 0)
(0 0 0)
(0 0 0)
(-942.1057612 -863.5969462 0)
(0 0 0)
(0 0 0)
(0 437.0251412 0)
(0 0 0)
(0 0 0)
(0 0 0)
(0 0 0)
(0 0 0)
(0 0 0)
(0 0 0)
(0 0 0)
(0 0 0)
(1089.754538 998.9416584 0)
(-881.050013 -807.6291771 0)
(0 0 0)
(0 0 0)
(0 0 0)
(0 0 0)
(0 661.4092808 0)
(-866.2364564 -794.0500836 0)
(0 0 0)
(0 0 0)
(0 0 0)
(0 0 0)
(0 0 0)
(0 706.167281 0)
(0 0 0)
(0 -447.3316558 0)
(0 0 0)
(0 0 0)
(0 0 0)
(0 558.4575793 0)
(0 0 0)
(0 0 0)
(0 0 0)
(0 0 0)
(0 0 0)
(0 0 0)
(0 0 0)
(0 0 0)
(947.0438985 868.123572 0)
(0 -482.8212815 0)
(0 0 0)
(0 0 0)
(0 0 0)
(0 0 0)
(0 0 0)
(-1208.768999 -3.685921804e-11 0)
(0 0 0)
(0 0 0)
(0 0 0)
(0 0 0)
(0 0 0)
(0 0 0)
(0 346.4270488 0)
(0 0 0)
(0 -298.5441044 0)
(0 0 0)
(0 0 0)
(0 0 0)
(0 607.3719774 0)
(0 0 0)
(0 0 0)
(0 0 0)
(0 0 0)
(0 0 0)
(0 0 0)
(0 0 0)
(0 0 0)
(0 390.2275882 0)
(-499.3726307 -457.758244 0)
(0 0 0)
(0 0 0)
(0 0 0)
(0 0 0)
(0 0 0)
(0 0 0)
(0 0 0)
(0 0 0)
(0 0 0)
(0 0 0)
(736.9056631 675.4968603 0)
(565.3919735 0 0)
(0 0 0)
(0 0 0)
(0 -279.3922865 0)
(0 0 0)
(0 0 0)
(0 0 0)
(0 666.1838473 0)
(0 0 0)
(0 0 0)
(0 0 0)
(0 0 0)
(0 0 0)
(0 0 0)
(0 0 0)
(0 0 0)
(0 1396.300066 0)
(0 0 0)
(0 0 0)
(0 0 0)
(0 0 0)
(0 0 0)
(0 0 0)
(0 0 0)
(0 0 0)
(0 0 0)
(0 0 0)
(0 0 0)
(0 265.1976296 0)
(0 0 0)
(-480.2604193 0 0)
(-583.0707374 0 0)
(-420.8878625 -385.8138733 0)
(0 0 0)
(0 0 0)
(0 0 0)
(0 301.3837506 0)
(0 0 0)
(0 0 0)
(0 0 0)
(0 0 0)
(0 0 0)
(0 0 0)
(0 0 0)
(0 0 0)
(-1483.118073 -3.014999695e-11 0)
(0 0 0)
(0 0 0)
(0 0 0)
(0 0 0)
(0 0 0)
(0 0 0)
(0 0 0)
(0 0 0)
(0 0 0)
(0 0 0)
(5.685382407e-06 955.4621586 0)
(-405.8275042 0 0)
(-489.3401911 -448.5618435 0)
(0 0 0)
(0 0 0)
(0 0 0)
(0 0 0)
(0 0 0)
(0 0 0)
(0 642.3309109 0)
(0 0 0)
(0 0 0)
(0 0 0)
(0 0 0)
(0 0 0)
(0 0 0)
(0 0 0)
(0 0 0)
(0 0 0)
(0 0 0)
(0 0 0)
(0 0 0)
(0 0 0)
(0 0 0)
(0 0 0)
(0 0 0)
(0 0 0)
(0 0 0)
(0 0 0)
(0 0 0)
(0 0 0)
(0 0 0)
(0 0 0)
(0 0 0)
(0 0 0)
(0 0 0)
(0 0 0)
(0 0 0)
(0 376.2239574 0)
(0 0 0)
(0 0 0)
(0 0 0)
(0 0 0)
(0 0 0)
(0 0 0)
(0 0 0)
(0 0 0)
(0 0 0)
(0 0 0)
(0 0 0)
(0 0 0)
(0 0 0)
(0 0 0)
(0 0 0)
(0 0 0)
(0 0 0)
(0 0 0)
(0 0 0)
(0 0 0)
(0 0 0)
(0 0 0)
(0 0 0)
(0 0 0)
(0 0 0)
(0 0 0)
(0 0 0)
(0 0 0)
(0 671.0591739 0)
(0 0 0)
(0 0 0)
(0 0 0)
(951.7385048 -0.001773522558 0)
(0 0 0)
(0 0 0)
(0 0 0)
(0 0 0)
(0 0 0)
(0 0 0)
(0 0 0)
(0 0 0)
(0 0 0)
(0 0 0)
(0 0 0)
(0 0 0)
(0 0 0)
(0 0 0)
(0 0 0)
(0 0 0)
(0 0 0)
(0 0 0)
(0 0 0)
(0 0 0)
(0 0 0)
(0 0 0)
(0 0 0)
(0 0 0)
(0 363.3345362 0)
(0 0 0)
(0 0 0)
(0 0 0)
(0 0 0)
(0 0 0)
(0 0 0)
(0 0 0)
(0 0 0)
(0 0 0)
(0 0 0)
(0 0 0)
(0 0 0)
(0 0 0)
(0 0 0)
(0 0 0)
(0 0 0)
(0 0 0)
(0 0 0)
(0 0 0)
(0 0 0)
(0 0 0)
(0 0 0)
(0 0 0)
(0 0 0)
(0 0 0)
(0 0 0)
(0 0 0)
(0 0 0)
(0 574.3400823 0)
(0 0 0)
(0 0 0)
(0 0 0)
(0 0 0)
(0 0 0)
(0 0 0)
(0 0 0)
(0 0 0)
(0 0 0)
(0 0 0)
(0 0 0)
(0 0 0)
(0 0 0)
(0 0 0)
(0 0 0)
(0 0 0)
(0 0 0)
(0 0 0)
(0 0 0)
(0 0 0)
(0 0 0)
(0 0 0)
(0 0 0)
(0 0 0)
(0 0 0)
(0 0 0)
(0 0 0)
(0 0 0)
(0 419.163825 0)
(589.6649442 540.5261978 0)
(343.2912885 0 0)
(543.512645 0 0)
(237.3976909 0 0)
(306.3211559 0 0)
(417.2911111 0 -1.131069817e-12)
(420.748081 0 0)
(665.9579252 0 0)
(428.3940396 0 0)
(232.8392663 0 0)
(458.6800948 0 0)
(442.9098634 0 0)
(336.5976548 0 0)
(676.4082962 0 0)
(578.9620879 0 0)
(299.9401529 0 0)
(625.070834 0 0)
(497.3796113 0 0)
(490.3484217 0 0)
(322.364954 0 0)
(246.5948911 0 0)
(527.0301751 0 0)
(450.0357185 0 0)
(284.557271 0 0)
(305.616796 0 0)
(470.5488978 0 0)
(431.1558852 0 0)
(711.4073127 0 0)
(0 0 0)
(-1654.365657 -129.0050783 -311.8397899)
(0 0 0)
(0 0 0)
(0 0 0)
(0 0 0)
(0 0 0)
(0 0 0)
(0 0 0)
(0 0 0)
(0 0 0)
(0 0 0)
(0 0 0)
(0 0 0)
(0 0 0)
(0 0 0)
(0 0 0)
(0 0 0)
(0 0 0)
(0 0 0)
(0 0 0)
(0 0 0)
(0 0 0)
(0 0 0)
(0 0 0)
(30.70129455 -1832.932139 -71.25760659)
(0 0 0)
(-0.0425514334 -932.4411966 -41.64881792)
(0 0 0)
(0 0 0)
(0 0 0)
(0 0 0)
(0 0 0)
(0 0 0)
(0 0 0)
(0 0 0)
(0 0 0)
(0 0 0)
(0 0 0)
(0 0 0)
(0 0 0)
(0 0 0)
(0 0 0)
(0 0 0)
(0 0 0)
(0 0 0)
(0 0 0)
(0 0 0)
(0 0 0)
(9.754035924 1104.94791 -1321.235894)
(0 0 0)
(0 0 0)
(0 0 0)
(0 0 0)
(0.03449508347 710.6302168 -40.37794294)
(-0.004345432585 -522.2351306 -35.5365489)
(-5024.375768 3725.304787 -449.3297846)
(0.1359590666 -577.0704415 -56.5563123)
(-1610.413261 673.7065247 -340.753979)
(0 0 0)
(-6137.880609 4963.843957 -5020.203188)
(-283.5804899 457.8304225 -141.7081537)
(-465.9211113 441.2992614 -182.4020848)
(0 0 0)
(-2415.205457 946.7825214 -717.6122467)
(-1890.928255 1692.888683 -836.6117292)
(0.05955455217 -1716.629168 1586.040493)
(-1325.02989 1197.251838 -926.9009232)
(0 0 0)
(0 0 0)
(0 0 0)
(-3792.73977 1096.57363 1123.668577)
(-2071.298683 1625.186783 -1714.364896)
(0 0 0)
(-2944.905829 1494.917459 -2482.491729)
(-460.9545164 388.2853847 -634.6307434)
(2.926340177e-12 1154.030123 1148.491667)
(-1843.385288 -1394.649423 99.64582386)
(-3513.180103 -1774.015849 -2945.776604)
(-568.3214734 -659.5798583 -629.3893113)
(0 0 0)
(-1612.820565 1926.958162 488.4219756)
(-3009.682736 -859.1764385 -2693.187187)
(0 0 0)
(-965.2601311 -33.84709435 -2651.863967)
(0 0 0)
(180.2263238 2054.566451 -3.25039609)
(-1868.073374 1690.368423 -3.330775936)
(0 0 0)
(0 0 0)
(0 0 0)
(0 0 0)
(2.913027752 611.5047749 -0.9740067999)
(397.9375872 -0.6321528002 -397.9365525)
(0 0 0)
(0 0 0)
(-1154.855526 -0.4423751805 -0.0001039828868)
(0 0 0)
(0.06409823069 -844.9369622 1.345901856)
(-511.5041347 -2.057886175 -1453.935254)
(0 0 0)
(0 0 0)
(0 0 0)
(0 0 0)
(-1450.054852 1414.148578 -2.252458896)
(300.284159 -0.478770991 -300.2840971)
(-573.4256018 0.0739445376 -3.176875099e-05)
(0 0 0)
(0 0 0)
(0 0 0)
(-1441.582962 0.1748954174 -0.0004226973028)
(851.4179113 -1.352540304 -851.4181058)
(-1006.5624 0.1196463872 -0.0005428164999)
(0 0 0)
(0 0 0)
(0 0 0)
(0 0 0)
(725.8031627 -1.157113701 -725.8024996)
(0 0 0)
(0 0 0)
(-1008.520229 0.1792305237 -0.0003358958403)
(0 0 0)
(0 0 0)
(1563.290106 -1786.079539 -1552.959182)
(0 0 0)
(-861.4023712 1.398246032 -0.002571620662)
(1304.177884 -10.96430659 0.01707545749)
(-16.1776987 991.0256467 5.12170064)
(0 0 0)
(-1169.85426 13.11006703 -0.02087125387)
(0 0 0)
(0 0 0)
(0 0 0)
(0 0 0)
(0 0 0)
(0 0 0)
(0 0 0)
(0 0 0)
(0 0 0)
(0 0 0)
(0 0 0)
(0 0 0)
(0 0 0)
(0 0 0)
(0 0 0)
(0 0 0)
(0 0 0)
(0 0 0)
(0 0 0)
(0 0 0)
(0 0 0)
(0 0 0)
(0 0 0)
(0 0 0)
(0 0 0)
(0 0 0)
(0 0 0)
(0 0 0)
(0 0 0)
(0 0 0)
(0 0 0)
(0 0 0)
(0 0 0)
(0 0 0)
(0 0 0)
(0 0 0)
(0 0 0)
(0 0 0)
(0 0 0)
(0 0 0)
(0 0 0)
(-0.101395014 -748.7395763 -3.821035412)
(0 0 0)
(0 0 0)
(0 0 0)
(0 0 0)
(0 0 0)
(0 0 0)
(0 0 0)
(0 0 0)
(0 0 0)
(0 0 0)
(0 0 0)
(0 0 0)
(0 0 0)
(0 0 0)
(0 0 0)
(0 0 0)
(0 0 0)
(0 0 0)
(0 0 0)
(0 0 0)
(0 0 0)
(0 0 0)
(0 0 0)
(0 0 0)
(0 0 0)
(0 0 0)
(0 0 0)
(0 0 0)
(0 0 0)
(0 0 0)
(0.0007687088904 25.62657902 1070.698506)
(0 -748.7858311 689.7688506)
(0 0 0)
(0 0 0)
(0 0 0)
(0 0 0)
(0 0 0)
(0 0 0)
(0 0 0)
(0 0 0)
(0 0 0)
(0 0 0)
(0 0 0)
(0 0 0)
(0 0 0)
(0 0 0)
(0 0 0)
(0 0 0)
(0 0 0)
(0 0 0)
(0 0 0)
(0 0 0)
(0 0 0)
(0 0 0)
(0 0 0)
(0 0 0)
(1.792108517e-12 -1400.015192 1296.357721)
(0 0 0)
(0 0 0)
(0 0 0)
(0 0 0)
(0 0 0)
(0 0 0)
(0 0 0)
(0 0 0)
(3.875335038e-12 1520.596829 1557.73352)
(0 0 0)
(0 0 0)
(0 0 0)
(-654.5734143 51.92828367 -126.7471759)
(-41.14592236 -972.5839834 -2628.914671)
(0 0 0)
(-3.088412658 -416.6615686 -1299.614828)
(0 0 0)
(-0.4905966154 -480.8023576 -1553.407351)
(0 0 0)
(0 0 0)
(-365.168936 -31.49477441 -972.51413)
(1264.794656 1244.125699 -1.983093655)
(-1517.364524 26.29038394 -0.04155848841)
(0 0 0)
(806.3410194 -1.285612638 -806.3385158)
(-519.7940222 -0.7822871296 0.0009341908586)
(0 0 0)
(419.9518587 -0.6696009147 -419.9512372)
(-1895.604579 -1846.372043 2.940251578)
(0 0 0)
(677.0590061 -1.075517703 -677.0586822)
(0 0 0)
(0 0 0)
(457.9298124 -0.7301389444 -457.9295884)
(0 0 0)
(0 0 0)
(627.0531453 -0.9997582053 -627.0535484)
(-957.7976346 933.233303 -1.485938981)
(0 0 0)
(508.9053266 -0.811388306 -508.9041063)
(-486.410223 0.2555336625 -0.0005529505787)
(0 0 0)
(0 0 0)
(0.01355633188 2.553316598 -552.7595705)
(0 0 0)
(0 0 0)
(-633.2632277 632.7906599 -37.75071853)
(0 0 0)
(0 0 0)
(0 0 0)
(0 0 0)
(0 0 0)
(0 0 0)
(0 0 0)
(0 0 0)
(0 0 0)
(0 0 0)
(0 0 0)
(0 0 0)
(0 0 0)
(0 0 0)
(0 0 0)
(0 0 0)
(0 0 0)
(0 0 0)
(0 0 0)
(-0.05978920806 -736.2289796 782.3436827)
(0 0 0)
(0 0 0)
(0 0 0)
(0 0 0)
(0 0 0)
(0 0 0)
(0 0 0)
(-2188.073224 -1238.586617 2188.449661)
(0 0 0)
(0 0 0)
(0 0 0)
(0 0 0)
(0 0 0)
(0 0 0)
(0 0 0)
(0 0 0)
(-4570.448592 2107.935716 -3509.813684)
(0 0 0)
(0 0 0)
(0 0 0)
(0 0 0)
(0 0 0)
(0 0 0)
(0 0 0)
(1.76115062e-12 -1426.291126 1312.137554)
(0 0 0)
(0 0 0)
(0 0 0)
(0 0 0)
(-1488.721649 -1568.798225 489.9064109)
(0 0 0)
(0 0 0)
(0 0 0)
(-2056.778914 607.2165606 -1850.752049)
(0 0 0)
(0 0 0)
(0 0 0)
(0 0 0)
(0 0 0)
(0 0 0)
(0 0 0)
(0 0 0)
(0 0 0)
(0 0 0)
(0 0 0)
(0 0 0)
(0 0 0)
(0 0 0)
(0 0 0)
(0 0 0)
(-2361.332721 -547.1677168 991.2022196)
(0 0 0)
(0 0 0)
(0 0 0)
(0 0 0)
(-0.2623179879 510.9951185 -512.6257805)
(0 0 0)
(0 0 0)
(-2119.343109 -2112.184593 3.366133843)
(-1090.37027 -22.81681986 -965.1623432)
(0 0 0)
(-5.818237515 -315.5970233 -935.1066357)
(0 0 0)
(0 0 0)
(0 0 0)
(0 0 0)
(0 0 0)
(-0.9441846595 -348.2922704 -1113.918782)
(0 0 0)
(0 0 0)
(0 0 0)
(0 0 0)
(0 0 0)
(0 0 0)
(0 0 0)
(0 0 0)
(0 0 0)
(-0.3041017217 -585.0189743 -583.1580092)
(0 0 0)
(-1836.351929 30.86530683 -1607.602358)
(0 0 0)
(-0.2475792186 -488.9494669 -487.3925821)
(0 0 0)
(0 0 0)
(0 0 0)
(0 0 0)
(0 0 0)
(0 0 0)
(0 0 0)
(0 0 0)
(0 0 0)
(0 0 0)
(0 0 0)
(0 0 0)
(0 0 0)
(0 0 0)
(0 0 0)
(0 0 0)
(0 0 0)
(0 0 0)
(0 0 0)
(0 0 0)
(0 0 0)
(0 0 0)
(0 0 0)
(0 0 0)
(0 0 0)
(0 0 0)
(0 0 0)
(0 0 0)
(0 0 0)
(0 0 0)
(0 0 0)
(0 0 0)
(0 0 0)
(0 0 0)
(0 0 0)
(0 0 0)
(0 0 0)
(0 0 0)
(0 0 0)
(0 0 0)
(0 0 0)
(0 0 0)
(0 0 0)
(0 0 0)
(0 0 0)
(0 0 0)
(0 0 0)
(0 0 0)
(0 0 0)
(0 0 0)
(0 0 0)
(0 0 0)
(0 0 0)
(0 0 0)
(0 0 0)
(0 0 0)
(0 0 0)
(0 0 0)
(0 0 0)
(0 0 0)
(0 0 0)
(0 0 0)
(0 0 0)
(0 0 0)
(0 0 0)
(0 0 0)
(0 0 0)
(0 0 0)
(0 0 0)
(0 0 0)
(0 0 0)
(0 0 0)
(0 0 0)
(0 0 0)
(0 0 0)
(0 0 0)
(0 0 0)
(0 0 0)
(0 0 0)
(0 0 0)
(0 0 0)
(0 0 0)
(0 0 0)
(0 0 0)
(0 0 0)
(0 0 0)
(0 0 0)
(0 0 0)
(0 0 0)
(0 0 0)
(0 0 0)
(0 0 0)
(0 0 0)
(0 0 0)
(0 0 0)
(0 0 0)
(0 0 0)
(0 0 0)
(0 0 0)
(0 0 0)
(0 0 0)
(0 0 0)
(0 0 0)
)
;

boundaryField
{
    walls
    {
        type            calculated;
        value           uniform (0 0 0);
    }
    wallFilmFace_top
    {
        type            calculated;
        value           uniform (0 0 0);
    }
    region0_to_wallFilmRegion_wallFilmFace
    {
        type            calculated;
        value           uniform (0 0 0);
    }
    mirrorFace_top
    {
        type            calculated;
        value           uniform (0 0 0);
    }
    region0_to_wallFilmRegion_mirrorFace
    {
        type            calculated;
        value           uniform (0 0 0);
    }
    procBoundary2to0
    {
        type            processor;
        value           uniform (0 0 0);
    }
    procBoundary2to1
    {
        type            processor;
        value           uniform (0 0 0);
    }
    procBoundary2to3
    {
        type            processor;
        value           uniform (0 0 0);
    }
}


// ************************************************************************* //
