/*--------------------------------*- C++ -*----------------------------------*\
  =========                 |
  \\      /  F ield         | OpenFOAM: The Open Source CFD Toolbox
   \\    /   O peration     | Website:  https://openfoam.org
    \\  /    A nd           | Version:  8
     \\/     M anipulation  |
\*---------------------------------------------------------------------------*/
FoamFile
{
    version     2.0;
    format      ascii;
    class       volVectorField;
    location    "1.6/wallFilmRegion";
    object      U;
}
// * * * * * * * * * * * * * * * * * * * * * * * * * * * * * * * * * * * * * //

dimensions      [0 1 -1 0 0 0 0];

internalField   nonuniform List<vector> 
1369
(
(0.04125111255 0.0415167806 0)
(0.09388591399 -0.07285358416 0)
(0.04137443802 -0.1439227323 0)
(0.0158799785 -0.198044071 0)
(-0.005837907207 -0.237879708 0)
(-0.001099542546 -0.253729835 0)
(-0.03293418076 -0.2437519065 0)
(-0.09909621701 -0.2242999394 0)
(-0.1938100057 -0.2140899319 0)
(-0.324189256 -0.2123082466 0)
(-0.4678690044 -0.2272247515 0)
(-0.5608782635 -0.3010545218 0)
(-0.5409336834 -0.3878114383 0)
(-0.5074669966 -0.4273816235 0)
(-0.4736722503 -0.4338877341 0)
(-0.4319335856 -0.4316101248 0)
(-0.384339088 -0.4229543551 0)
(-0.3346390157 -0.4075870065 0)
(-0.2872574078 -0.3906462813 0)
(-0.2289592579 -0.3943838026 0)
(-0.2065702505 -0.4683096755 0)
(-0.2971528548 -0.6138253926 0)
(-0.5404565947 -0.7229793781 0)
(-0.9480756991 -0.658682127 0)
(-1.369049462 -0.3579850801 0)
(-0.3236376049 0.3315820276 0)
(-0.3729155287 0.4973917398 0)
(-0.7972411029 0.1377515921 0)
(-1.649273661 -0.2772083892 0)
(-1.930547787 -0.01460916947 0)
(-1.355155923 0.3056942001 0)
(-1.084987087 0.5556078217 0)
(-1.02641504 0.5586547232 0)
(-0.9434186902 0.3814702246 0)
(-0.7244887386 0.1939936884 0)
(-0.4641674745 0.1044653248 0)
(-0.3617503231 0.1175656851 0)
(-0.3683965196 0.1591754921 0)
(-0.4650704316 0.1736376531 0)
(-0.5818171185 0.1618012932 0)
(-0.815668899 0.2459908652 0)
(-0.8494353194 0.3154015984 0)
(-0.847967223 0.3646816253 0)
(-0.8499803048 0.4009118766 0)
(-0.8520130901 0.4280409691 0)
(-0.8449033252 0.4436719544 0)
(-0.8212050444 0.4395701661 0)
(-0.7362235115 0.3449637063 0)
(-0.5355675036 0.1968925231 0)
(-0.3821205365 0.1854435536 0)
(-0.2685493047 0.213800117 0)
(-0.2011817739 0.2414652369 0)
(-0.1523534986 0.2565187301 0)
(-0.1160303889 0.2276705233 0)
(-0.06470045069 0.2133750478 0)
(-0.00744741684 0.2050686591 0)
(0.02987921371 0.1838523268 0)
(0.04970432246 0.1457509396 0)
(0.0507264091 0.07545166661 0)
(0.08023549227 0.00150566822 0)
(-0.04755200232 0.06252095336 0)
(0.08610785753 0.06772993163 0)
(0.1074194119 0.03813577917 0)
(0.1120848277 -0.008690785363 0)
(0.08707880251 -0.02276373811 0)
(0.03772393504 -0.1008175126 0)
(0.000887816333 -0.1672679937 0)
(0.07468117515 -0.1785657761 0)
(0.1978198907 -0.1295152838 0)
(0.3438221784 -0.07992467069 0)
(0.4933930894 -0.2481411861 0)
(0.5782129079 -0.6487311156 0)
(0.5459131903 -0.7265010236 0)
(0.5370645374 -0.6458152566 0)
(0.4934587787 -0.6338538959 0)
(0.4422581153 -0.5597949917 0)
(0.1486572237 -0.4822286991 0)
(-0.4902710312 -0.44306599 0)
(-0.6531591167 -0.5170713661 0)
(-0.298927309 -0.6486533809 0)
(-0.08466453527 -0.8398991385 0)
(-0.2854679109 -1.024599608 0)
(-0.6654785952 -1.055154862 0)
(-1.134391828 -0.6825825245 0)
(-1.364257597 -0.1503032939 0)
(-0.5924226287 0.7074758958 0)
(-0.1909535781 0.5610305659 0)
(0.6440014959 0.07279677912 0)
(1.114567421 -0.6106317747 0)
(1.076605125 -0.003400925494 0)
(-0.78157889 0.03030353825 0)
(-0.57498701 0.3645813753 0)
(-0.7764761316 0.3369180962 0)
(-0.6797802903 0.04564427359 0)
(-0.4764697464 -0.1002368533 0)
(-0.344995595 -0.1302527892 0)
(-0.228028941 -0.1838156399 0)
(-0.1226634304 -0.1274430107 0)
(0.4761254763 0.1106041001 0)
(-0.7404970403 -0.2926344311 0)
(-1.211589405 0.4010149218 0)
(-1.201194827 0.6321609697 0)
(-1.138966874 0.8477937301 0)
(-1.065124284 1.03919793 0)
(-0.9973560054 1.16995633 0)
(-0.9511540243 1.205165221 0)
(-0.9431856572 1.121115549 0)
(-0.6950609763 0.3313435255 0)
(-0.1636040042 -0.08112428089 0)
(0.4065664945 0.03327029996 0)
(0.2870069416 0.1406442684 0)
(0.2184323064 0.2018921051 0)
(0.09728971344 0.06554417857 0)
(0.06373307524 -0.1813154434 0)
(0.1299406284 -0.1165061323 0)
(0.1417375689 -0.03081633067 0)
(0.1235602976 -0.04208201688 0)
(0.0955298286 -0.05565222677 0)
(0.07059319935 -0.07293824126 0)
(0.02818585466 -0.06472772293 0)
(-0.09810190497 -0.02595292359 0)
(0.1356905997 0.07773698399 0)
(0.1192092874 0.08017257562 0)
(0.121445048 0.0762090195 0)
(0.1246795166 0.06923974649 0)
(0.06343720005 0.04241339962 0)
(-0.02374254648 0.00568778864 0)
(-0.07793622818 -0.00324985176 0)
(-0.0774112572 -0.03107663933 0)
(-0.08403347535 -0.03846233181 0)
(-0.0552350593 0.03072133228 0)
(-0.103278812 0.1098584056 0)
(-0.1822693911 0.1214944655 0)
(-0.4109381023 0.1184656127 0)
(-0.9619297569 -0.7587403539 0)
(-0.9944675992 -0.5332469217 0)
(-1.115441468 -0.4231490361 0)
(-1.338292317 -0.4527165923 0)
(-1.650444016 -0.5914961763 0)
(-1.603930018 -0.9691834725 0)
(-0.9078431201 -1.622834646 0)
(-0.9441955174 -1.514916382 0)
(-1.006879038 -1.160284786 0)
(-1.072850802 -0.683250229 0)
(-1.101718462 -0.1396879324 0)
(0.4936655825 -0.07600171142 0)
(0.4298505941 -0.34110119 0)
(1.035199705 -0.6483461443 0)
(1.001456592 -0.43988409 0)
(0.2368259962 -0.1185630876 0)
(-1.176874174 -0.1901601654 0)
(-1.250273447 0.004115053838 0)
(-1.25110504 0.1018028627 0)
(-0.7644870876 -0.006769078896 0)
(-0.6685767903 -0.009168828926 0)
(-0.6001464445 -0.1203182166 0)
(-0.591206944 -0.4755294534 0)
(-0.5230387607 -0.3314994764 0)
(-0.4351052858 -0.188046698 0)
(-1.182163291 -0.4739034042 0)
(-1.296969923 0.4623954879 0)
(-1.273869917 0.6926667493 0)
(-1.236745179 0.918169218 0)
(-1.205856206 1.119589209 0)
(-1.191561708 1.259083784 0)
(-1.204768608 1.299228691 0)
(-1.247830612 1.224978137 0)
(-0.8902713799 0.07471190062 0)
(-0.173865564 -0.15564993 0)
(-0.08774271644 0.005555129417 0)
(-0.1123106615 -0.06058704387 0)
(-0.1003658006 -0.01145738754 0)
(-0.05811403171 -0.008651503367 0)
(-0.0007924125954 -0.082214644 0)
(0.0505075091 -0.1114875671 0)
(0.08121423596 -0.1243597748 0)
(0.09979064996 -0.1229662728 0)
(0.08405629492 -0.1143690393 0)
(0.04394396688 -0.1152127737 0)
(-0.06037897716 -0.06692575847 0)
(-0.2123597953 -0.05099157103 0)
(0.08079828276 0.05620143742 0)
(0.1247933323 0.06952902673 0)
(0.1437885857 0.1166913334 0)
(0.1667535051 0.116761684 0)
(0.1520555717 0.1222521444 0)
(0.1472131154 0.1172645491 0)
(0.1452983988 0.1183389502 0)
(0.1100133563 0.130892131 0)
(0.1017580203 0.1157715569 0)
(0.106213427 0.1247029201 0)
(0.1401988734 0.1511711731 0)
(0.2060432093 0.113373622 0)
(-0.8739999205 -0.8421321875 0)
(-0.9023370794 -0.7050899806 0)
(-0.9871871147 -0.4638567296 0)
(-1.13360306 -0.4273666653 0)
(-1.360806594 -0.4978844789 0)
(-1.656361841 -0.6616351004 0)
(-1.392190175 -1.272795522 0)
(-0.7478033483 -1.977142751 0)
(-0.7391742413 -1.735530862 0)
(-0.7299293671 -1.306771946 0)
(-0.7241275426 -0.7906617908 0)
(-0.7194029452 -0.1438153519 0)
(-0.1080092162 0.8402640443 0)
(-0.2058800477 0.2259605282 0)
(-0.680578503 -0.4562290877 0)
(-0.9009509003 -0.2228609248 0)
(0.9613840911 -0.05810025156 0)
(-0.745803871 -0.04947190173 0)
(-0.7994419291 0.3731649306 0)
(-0.9544138193 0.4698280613 0)
(-0.8183595332 0.1057228036 0)
(-0.7299359201 0.08594376962 0)
(-0.7185444961 0.09104970488 0)
(-0.9003754879 -0.8060195551 0)
(-1.053102035 -1.019494125 0)
(-1.07146578 -0.8132810001 0)
(-1.098015236 -0.4691120602 0)
(-1.102274963 0.4714255053 0)
(-1.075347495 0.7002968009 0)
(-1.024750555 0.9242514519 0)
(-1.01271665 1.115608341 0)
(-1.04804093 1.24146526 0)
(-1.107324633 1.269643466 0)
(-1.180989132 1.209658622 0)
(-1.278038586 0.7386455877 0)
(0.1146847194 -0.1471585999 0)
(0.03549703958 -0.1669181585 0)
(0.008876885099 -0.1634517936 0)
(0.02368620524 -0.1378545133 0)
(0.1174650398 -0.1369280964 0)
(0.1414026632 -0.1558339532 0)
(0.1309542923 -0.1709899191 0)
(0.1288978921 -0.1676609846 0)
(0.121677152 -0.1531927472 0)
(0.0896131635 -0.1219951909 0)
(0.003216219075 -0.1148951811 0)
(-0.1116074367 -0.02261046486 0)
(-0.2734240147 -0.07314119341 0)
(-0.1586402518 0.1298599145 0)
(0.01495442137 0.04696555614 0)
(0.1237032792 0.08995878632 0)
(0.1771360733 0.1193218556 0)
(0.1785583577 0.1338467967 0)
(0.1642043867 0.1368756055 0)
(0.1330657273 0.1430671249 0)
(0.0868191106 0.1536743435 0)
(0.03470861817 0.1470407947 0)
(-0.0005238132449 0.1520855222 0)
(-0.02934869735 0.190367224 0)
(-0.05814660841 0.2166652507 0)
(-0.8366242588 -0.455919436 0)
(-0.8874126188 -0.5871947897 0)
(-0.9926802438 -0.4661381343 0)
(-1.14203029 -0.4853861314 0)
(-1.366746961 -0.5577989482 0)
(-1.682268346 -0.6273200427 0)
(-1.899725177 -0.5083034731 0)
(-0.9780223976 -0.4370734779 0)
(-0.9906335533 -0.3858355709 0)
(-0.8319934377 0.3064322417 0)
(0.8192213127 -0.2401926134 0)
(0.9169165754 -0.2976800204 0)
(-1.084584809 -0.9272883822 0)
(-1.226603305 -0.7145257867 0)
(-1.302995641 -0.4398573025 0)
(-1.190204371 -0.1315007526 0)
(1.388623177 -0.07857674174 0)
(-0.001309384277 0.1327136383 0)
(-0.3581352912 0.6200174084 0)
(-0.5785708227 0.7752284168 0)
(-0.8658948207 0.4590022311 0)
(-0.6363033897 0.1053414105 0)
(-0.6954869716 0.3631425014 0)
(-0.7893130306 -0.2128343132 0)
(-0.9594224907 -0.9696170857 0)
(-0.99014511 -0.7501187717 0)
(-1.008643888 -0.2920173681 0)
(-0.9126602927 0.4548007697 0)
(-0.8841241601 0.7024663943 0)
(-0.7620428281 0.8942429321 0)
(-0.7895306544 1.017287813 0)
(-0.9152808252 1.092355602 0)
(-1.037427956 1.104353397 0)
(-1.131110288 1.065231566 0)
(-1.218378247 0.5400069254 0)
(-0.1395287686 -0.1259857775 0)
(-0.06487757798 -0.1809261828 0)
(-0.02635844911 -0.1905906717 0)
(0.007741289582 -0.1818907967 0)
(0.05675014231 -0.1677916621 0)
(0.1100280338 -0.1641516967 0)
(0.1388812512 -0.173025585 0)
(0.1415452241 -0.1687230314 0)
(0.1287170909 -0.152161789 0)
(0.07855132124 -0.1212808486 0)
(0.04511398824 -0.02911205106 0)
(-0.1977206316 0.0222908406 0)
(-0.2929603885 -0.1009337568 0)
(-0.2459200138 0.1697649594 0)
(-0.1527820684 0.07517828643 0)
(0.05003357424 0.06741073183 0)
(0.1650094064 0.09778050771 0)
(0.1883617738 0.1207959038 0)
(0.1823224955 0.132228238 0)
(0.1563253329 0.1462412041 0)
(0.1215279541 0.1617913745 0)
(0.08708247799 0.168376107 0)
(0.06461908985 0.1811889846 0)
(0.05200197576 0.2006706708 0)
(0.007109147309 0.1891789374 0)
(-0.8117166908 -0.5887538554 0)
(-0.8794342455 -0.5386186331 0)
(-0.9795811797 -0.5167522835 0)
(-1.145429549 -0.5811942858 0)
(-1.361295631 -0.6379251038 0)
(-1.669744463 -0.6658271001 0)
(-1.761199748 -0.5020613179 0)
(-0.9096374054 -0.4461263722 0)
(-0.8650010226 -0.3770174601 0)
(0.4598007503 -0.3136522496 0)
(1.086339837 -0.4064529642 0)
(1.235619406 -0.3569734665 0)
(-1.011537746 -1.120103868 0)
(-1.016433453 -0.8332591052 0)
(-1.018145539 -0.4770662957 0)
(-0.693679036 -0.09130526526 0)
(1.664396274 -0.07466890536 0)
(0.9755652083 0.292134397 0)
(0.2276613508 0.7117432363 0)
(-0.2487134204 0.8921728112 0)
(-0.6009083808 0.8721093402 0)
(-0.5452501857 0.263973981 0)
(-0.6832091779 0.4831205943 0)
(-0.7339892761 0.2955923158 0)
(-0.8768177923 -0.5552086388 0)
(-0.9132604487 -0.4384757581 0)
(-1.02290254 0.424175742 0)
(0.7369436612 0.4536674615 0)
(0.7869330392 0.4633764489 0)
(0.2329272268 0.5290024042 0)
(-0.3916153893 0.6192614083 0)
(-0.8315536241 0.7270205475 0)
(-1.056583357 0.8098397661 0)
(-1.143530097 0.8678150722 0)
(-1.173932096 0.9066760984 0)
(-0.3396387959 0.1933610065 0)
(0.03934811915 -0.189016806 0)
(0.06122029264 -0.1834636481 0)
(0.0820495779 -0.1928592216 0)
(0.0986939485 -0.1745967278 0)
(0.1164617695 -0.155592571 0)
(0.1419943913 -0.1522620426 0)
(0.1455978446 -0.1477715603 0)
(0.1318631599 -0.1373294713 0)
(0.06787202536 -0.04481534378 0)
(-0.10176062 -0.0113489426 0)
(-0.2953045198 -0.01361848628 0)
(-0.2931217734 -0.1244245194 0)
(-0.2312894888 0.1848154992 0)
(-0.1686057288 0.05546837467 0)
(-0.05790598883 0.0614900626 0)
(0.1234861974 0.06388497912 0)
(0.1717475532 0.0943262977 0)
(0.17425889 0.1115656021 0)
(0.1506517916 0.1271577247 0)
(0.120285578 0.1394069839 0)
(0.07491695714 0.1310210097 0)
(0.06120073878 0.1421151313 0)
(0.05386559048 0.175263095 0)
(0.02649604116 0.1829400897 0)
(-0.786905009 -0.4418146106 0)
(-0.8564712295 -0.5647579417 0)
(-0.9636342507 -0.6060232259 0)
(-1.120868577 -0.6839596207 0)
(-1.354652884 -0.7313815804 0)
(-1.730739579 -0.6801987625 0)
(-1.585107583 -0.4923274716 0)
(0.7072073369 -0.3625225139 0)
(0.3634697253 -0.7260197771 0)
(0.189076312 -0.9082943543 0)
(0.6912274337 -0.676334707 0)
(1.115166665 -0.4925240241 0)
(-0.7520718582 -1.034793186 0)
(-0.7414219109 -0.8852999809 0)
(-0.9081250773 -0.5476610646 0)
(-0.8901742126 -0.1294158115 0)
(1.159434115 0.1628490346 0)
(0.4718318112 0.5204084788 0)
(0.02988064625 0.7736070868 0)
(-0.3030325807 0.9286000295 0)
(-0.5638728882 0.9145544027 0)
(-0.5896508247 0.2588697724 0)
(-0.7046370814 0.5317076687 0)
(-0.7501513626 0.403506735 0)
(-0.8760849046 -0.5895867761 0)
(-0.9161702497 -0.445076414 0)
(-0.8839124658 0.3818833173 0)
(1.014924819 0.4672167131 0)
(0.869765889 0.4099264317 0)
(0.3282134456 0.4518689374 0)
(-0.2734030261 0.5488785832 0)
(-0.8269192105 0.6930487613 0)
(-1.065464443 0.7956179887 0)
(-1.121351777 0.8634730314 0)
(-1.121233021 0.9291648229 0)
(-1.094179435 0.7392779538 0)
(-0.09020286997 0.0251164898 0)
(0.08477140358 -0.1650633561 0)
(0.1012486257 -0.1633749063 0)
(0.1247644635 -0.1621605947 0)
(0.1264660523 -0.130254322 0)
(0.1484726895 -0.1171113169 0)
(0.1539778672 -0.09651141937 0)
(0.1329924619 -0.08681217095 0)
(0.05117090417 0.02357861832 0)
(-0.2233134561 -0.05865807752 0)
(-0.330476463 -0.02455470676 0)
(-0.2887416204 -0.1452816879 0)
(-0.2018649739 0.1751635878 0)
(-0.1410200396 -0.0007215603897 0)
(0.001433394723 0.04043336776 0)
(0.09997863453 0.0004783067011 0)
(0.1546056412 0.05310484189 0)
(0.1621581358 0.07178098108 0)
(0.1434777501 0.09506977081 0)
(0.1297991474 0.1055669434 0)
(0.1022582477 0.121329618 0)
(0.09504277549 0.1342159646 0)
(0.0926447854 0.1617597931 0)
(-0.3408481806 -0.2495858043 0)
(-0.7466572026 -0.6146644977 0)
(-0.7970901139 -0.6080377156 0)
(-0.9121305632 -0.6970542929 0)
(-1.075741321 -0.7797551551 0)
(-1.411033017 -0.7996527433 0)
(-1.993810184 -0.6604132758 0)
(-1.414286233 -0.4814940906 0)
(0.7737306726 -0.3513309916 0)
(0.9162564547 -0.3557072129 0)
(0.3906264803 -0.2946964842 0)
(-0.2618646098 -0.04969002999 0)
(0.8645612229 -0.4536457865 0)
(-0.2022675121 -0.1681696074 0)
(0.2641320096 -0.623676904 0)
(0.8267858437 -0.4010700723 0)
(0.7474776798 -0.2260336113 0)
(0.9267204332 0.1316337923 0)
(-0.934624183 -0.607452361 0)
(-0.9655555534 -0.3433095508 0)
(-0.8888254609 0.09671520904 0)
(-0.5277345416 0.1241617439 0)
(-0.5374616132 0.4162181958 0)
(-0.7115235773 0.6465215366 0)
(-0.8106815702 0.4710721955 0)
(-0.8505012778 -0.6287278523 0)
(-0.888415467 -0.4400161088 0)
(-0.6809785407 0.1759063755 0)
(0.7537782919 0.3541868458 0)
(0.5549718861 0.3096108127 0)
(0.06415537393 0.3699874415 0)
(-0.7484240699 0.5735100741 0)
(-1.060821147 0.72708972 0)
(-1.096070015 0.8023297093 0)
(-1.087224278 0.8716075338 0)
(-1.062253539 0.9466022209 0)
(-1.027941103 1.025606917 0)
(-0.6868121849 0.7015255623 0)
(-0.0107506501 0.03172460668 0)
(0.1342142412 -0.1203039843 0)
(0.1038935949 -0.1149512411 0)
(0.1581325884 -0.1050450947 0)
(0.1724484592 -0.08069385855 0)
(0.1606597045 -0.04101898908 0)
(0.112433153 0.01780529856 0)
(0.01581209334 0.03386963973 0)
(-0.2371318145 -0.07879736985 0)
(-0.3117285299 -0.02461318339 0)
(-0.2741972404 -0.1682182411 0)
(-0.1717696518 0.05983514308 0)
(-0.1101266741 -0.09604012447 0)
(-0.07306696279 0.02343603025 0)
(-0.07932991863 -0.05530460197 0)
(0.02249318026 -0.0009939485351 0)
(0.0670003418 0.0170917332 0)
(0.05993716527 0.05810771453 0)
(0.06706936863 0.06928890485 0)
(0.09692549174 0.1062790121 0)
(0.09056974285 0.133677619 0)
(0.09380629435 0.1566625122 0)
(-0.7470996181 -0.3182405873 0)
(-0.6773573881 -0.5741178568 0)
(-0.7244246201 -0.6369265803 0)
(-0.8299680764 -0.7512251114 0)
(-1.031155041 -0.8367529351 0)
(-1.589007624 -0.8212718844 0)
(-2.284883577 -0.6070936745 0)
(-1.22979013 -0.4664526402 0)
(0.7848198446 -0.3223338405 0)
(0.8152032353 -0.2856408983 0)
(-0.07976047603 0.2073964022 0)
(-0.5020937427 0.5165701223 0)
(-0.4798591643 0.4489596062 0)
(-0.2740332108 0.1456231161 0)
(0.5013127534 -0.6032337775 0)
(0.9182483828 -0.4306912341 0)
(0.9594010343 -0.2535745599 0)
(-0.8283530631 -0.9723185057 0)
(-0.8502741242 -0.6957315921 0)
(-0.8420358613 -0.3788552009 0)
(-0.4182736113 -0.01552090405 0)
(-0.3679337016 0.0169020898 0)
(-0.4347771409 0.143694202 0)
(-0.5012470834 0.3425226215 0)
(-0.6550593605 0.4328955723 0)
(-0.784936069 -0.6787176423 0)
(-0.8134501224 -0.4277231253 0)
(-0.5748034281 -0.2447686691 0)
(-0.7724558875 -0.5410580291 0)
(-0.8985081388 0.2049839508 0)
(-1.035640424 0.5516016109 0)
(-1.083825573 0.6625209722 0)
(-1.077230365 0.7336686177 0)
(-1.05524808 0.8075650439 0)
(-1.026788371 0.889744275 0)
(-0.9888432206 0.9724896533 0)
(-0.9450297606 1.0483975 0)
(-0.9003217213 1.111858534 0)
(-0.4427633536 1.09253772 0)
(-0.03985155315 0.1149010313 0)
(0.1504445033 -0.04760261245 0)
(0.1643320951 -0.02326244919 0)
(0.161598737 -0.03951057341 0)
(0.1653524812 0.01537520848 0)
(0.1325328993 0.06240293307 0)
(0.03823096747 0.01342273588 0)
(-0.2149789795 -0.08789932176 0)
(-0.2672741074 -0.01851087323 0)
(-0.240899752 -0.2150641852 0)
(-0.1167188464 -0.1684835784 0)
(-0.01674025696 -0.2408405406 0)
(0.02509034567 -0.1885971887 0)
(0.05932071321 -0.1686956008 0)
(0.07536570749 -0.1039651251 0)
(0.08957555134 -0.07348766572 0)
(0.09867261258 -0.02424823451 0)
(0.09704940803 0.01061791178 0)
(0.1193847767 0.07926489516 0)
(0.1138543698 0.1378145426 0)
(0.08590424764 0.1693807623 0)
(-0.6863111092 -0.4358817924 0)
(-0.5871059615 -0.5174539654 0)
(-0.6284699415 -0.617376296 0)
(-0.7267258284 -0.7385775292 0)
(-0.99351914 -0.8223876463 0)
(-1.741844557 -0.8291212806 0)
(-2.334211256 -0.5658838822 0)
(-1.093023718 -0.4529880866 0)
(-0.4886116669 0.4433401548 0)
(-0.4004883194 0.5863568978 0)
(-0.4540688666 0.5566229835 0)
(-0.5244125518 0.7192469941 0)
(-0.5731036281 0.8095399473 0)
(-0.5888243907 0.8124755998 0)
(-0.6387375686 0.9032210893 0)
(0.3960446138 0.03097857817 0)
(1.131369602 -0.2237589658 0)
(0.7472114424 -0.3602543584 0)
(0.5385117428 -0.1764445823 0)
(0.5436775316 -0.15941958 0)
(0.8558517393 0.1521063175 0)
(-0.1514281208 -0.1095620615 0)
(-0.2172605393 -0.1587495396 0)
(-0.1048648595 -0.1890977872 0)
(0.1637433775 -0.2814420726 0)
(0.5459076703 -0.2859474041 0)
(0.553628584 -0.3444058229 0)
(-0.3253421535 -0.4101911705 0)
(-0.7463079233 -0.6778502193 0)
(-0.9551192594 -0.46106376 0)
(-1.144808975 0.5340404597 0)
(-1.068335036 0.6437942797 0)
(-1.020504417 0.7341426764 0)
(-0.9861842462 0.8243539478 0)
(-0.9521873702 0.9179919619 0)
(-0.9019850779 0.9970549596 0)
(-0.8470573765 1.056740227 0)
(-0.7899000735 1.090561618 0)
(-0.7370991884 1.093972012 0)
(-0.600050608 1.122948202 0)
(0.1055709359 0.4028315682 0)
(0.1254778961 0.07488966858 0)
(0.1927712648 0.02811691227 0)
(0.1890123077 0.08681510591 0)
(0.1667217351 0.07448113954 0)
(0.08635888009 0.01770743879 0)
(-0.2013479604 -0.1245429 0)
(-0.2262424502 -0.01396008183 0)
(-0.2371611935 -0.3083876258 0)
(-0.2505206253 -0.414171933 0)
(-0.2016505107 -0.5883603683 0)
(-0.1773315791 -0.5729227388 0)
(-0.1099852873 -0.5116030604 0)
(-0.05446327413 -0.4260585906 0)
(0.02168522232 -0.3155959484 0)
(0.1024590364 -0.1922880534 0)
(0.1387084375 -0.08977827319 0)
(0.1489016027 0.02870909497 0)
(0.1401700159 0.07527045246 0)
(-0.7161761429 -0.4611464236 0)
(-0.5510050356 -0.3460771253 0)
(-0.4724913833 -0.407140248 0)
(-0.5099792533 -0.5196426932 0)
(-0.6072091273 -0.6371991831 0)
(-0.9192149366 -0.7534687122 0)
(-1.695883941 -0.8822294255 0)
(-2.12009573 -0.5436308655 0)
(-0.9494623199 -0.4806368553 0)
(-0.7426262297 0.583672527 0)
(-0.7028639561 0.7867764041 0)
(-0.6855067754 0.910324991 0)
(-0.6716295327 1.022169734 0)
(-0.6443733167 1.068573513 0)
(-0.5621247522 0.9997935596 0)
(-0.4431854773 0.7986839955 0)
(-0.3105488648 0.6015491941 0)
(1.222107999 -0.2095421791 0)
(0.8660547201 -0.1988030295 0)
(0.6317324174 -0.139418767 0)
(0.4928584599 -0.1385634016 0)
(1.008023496 0.1554553604 0)
(-0.1082852165 -0.1058032151 0)
(-0.1086942353 -0.2137721741 0)
(-0.05727731808 -0.2034238668 0)
(0.1721573594 -0.2569847717 0)
(0.4062768622 -0.2094730698 0)
(0.643053392 -0.202071098 0)
(0.1827169788 -0.1721842245 0)
(-0.7122906889 -0.6346413975 0)
(-0.8558478799 -0.5418518182 0)
(-1.020887154 0.5571977201 0)
(-0.9648853437 0.6597750757 0)
(-0.9322496318 0.7543731611 0)
(-0.9063620177 0.8517178788 0)
(-0.8719200198 0.952244369 0)
(-0.7884779948 0.9950757979 0)
(-0.7118029825 1.007209851 0)
(-0.6388140501 0.9817258817 0)
(-0.5754062399 0.9106002067 0)
(-0.5507641497 0.8868898787 0)
(-0.5618427381 0.9365776552 0)
(-0.1231676545 1.054264291 0)
(0.1809568085 0.2461384524 0)
(0.1565985746 0.2183139346 0)
(0.1697069022 0.161133101 0)
(0.03140588727 -0.01231412574 0)
(-0.2599550317 -0.179044634 0)
(-0.2432961657 -0.01840452502 0)
(-0.2941290743 -0.3932733096 0)
(-0.7931625933 -0.7084087259 0)
(-0.8138980696 -1.152236964 0)
(-0.7846938244 -1.086271336 0)
(-0.7494516188 -1.043758256 0)
(-0.7101908535 -0.9986342985 0)
(-0.6918217456 -0.9467002522 0)
(-0.7175775585 -0.8749449039 0)
(-0.7409301247 -0.7630306759 0)
(-0.6618626356 -0.6169282052 0)
(-0.6139679688 -0.4850745628 0)
(-0.463936946 -0.3786316834 0)
(-0.4126576236 -0.3102331699 0)
(-0.4057802884 -0.2854138376 0)
(-0.3776794642 -0.342094589 0)
(-0.4860401602 -0.4846259492 0)
(-0.7960234892 -0.7361504416 0)
(-1.455104324 -0.9874108694 0)
(-1.725996308 -0.5343799445 0)
(-0.7760309985 -0.4820098223 0)
(-0.7251027845 0.5971815132 0)
(-0.7415177161 0.8846589069 0)
(-0.7433329188 1.089936407 0)
(-0.7307973392 1.23051819 0)
(-0.6715971223 1.246142259 0)
(-0.4757219238 1.074965953 0)
(-0.02216081734 0.6331119836 0)
(0.2769989371 0.3487454022 0)
(1.259828128 -0.2086507577 0)
(0.8894125758 -0.1666928452 0)
(0.7026257105 -0.1182888057 0)
(0.5555069132 -0.1100815853 0)
(0.9905676355 0.1615876632 0)
(0.1461651635 -0.121160343 0)
(-0.1141723271 -0.3018027238 0)
(-0.1800135124 -0.3304220253 0)
(-0.1222974962 -0.3323781962 0)
(0.03669390123 -0.3460677014 0)
(0.6120454577 -0.09789039932 0)
(0.6882758057 -0.0156039163 0)
(-0.6541060093 -0.5211432786 0)
(-0.7783443381 -0.5575034166 0)
(-0.9001135098 0.5612027946 0)
(-0.8685972939 0.6684467333 0)
(-0.8485735468 0.7734743181 0)
(-0.8269870012 0.8832739874 0)
(-0.782796063 0.9918317421 0)
(-0.5902009304 0.860874298 0)
(-0.5064536496 0.8045972312 0)
(-0.4439280735 0.7253842329 0)
(-0.4076513092 0.6109812504 0)
(-0.4022068225 0.567923729 0)
(-0.4201746504 0.6164491602 0)
(-0.4509900221 0.7280043093 0)
(-0.4804128163 0.850421768 0)
(-0.4008418208 0.9339612168 0)
(-0.3238886689 0.9417948154 0)
(-0.3958948846 0.3098473937 0)
(-0.3249813579 -0.1756747071 0)
(-0.2831034358 0.01307886357 0)
(-0.680671923 -0.8246990676 0)
(-0.5862575674 -0.6389557536 0)
(-0.4450220571 -0.4670334522 0)
(-0.3579007591 -0.4092822862 0)
(-0.379880702 -0.4085958336 0)
(-0.4963411782 -0.4018584515 0)
(-0.5884805872 -0.3724921719 0)
(-0.3108609522 -0.2879111406 0)
(-0.4313703192 -0.5517508277 0)
(-0.6782869342 -0.9404373781 0)
(-1.092612044 -1.116926552 0)
(-1.228470686 -0.5300119293 0)
(0.7691369725 -0.4477299404 0)
(0.06877127852 0.5507740792 0)
(0.4584468929 -0.2783138365 0)
(0.5314069775 -0.3752276625 0)
(0.4006060651 -0.3642257433 0)
(0.2783639454 -0.313553147 0)
(0.2929095181 0.06730648979 0)
(0.3082601384 0.217742818 0)
(0.5130627589 0.205896147 0)
(1.183878752 -0.1937983844 0)
(0.8359698697 -0.1394395457 0)
(0.5829484882 -0.1141938417 0)
(0.3590699653 -0.1097849492 0)
(0.281965389 0.04969712804 0)
(-0.293199403 -0.1691147978 0)
(-0.2660368491 -0.3228283972 0)
(-0.2014564648 -0.3570422511 0)
(-0.1133699308 -0.361589482 0)
(0.03296766265 -0.3380575757 0)
(0.3616105099 -0.2327064713 0)
(0.7560864319 -0.05275040159 0)
(-0.5513692048 -0.3275780092 0)
(-0.703283635 -0.5153316504 0)
(-0.7769528931 0.5501057396 0)
(-0.7713014563 0.6774488781 0)
(-0.7613813937 0.8009729544 0)
(-0.7372448765 0.9290591602 0)
(-0.6626607845 1.034390985 0)
(-0.3012498524 0.4485196378 0)
(-0.287377843 0.4486946133 0)
(-0.2901509106 0.4237186656 0)
(-0.3092835961 0.3754001562 0)
(-0.3235330722 0.313080846 0)
(-0.3356704115 0.3356188083 0)
(-0.3574685493 0.4239285901 0)
(-0.3842163474 0.5433795859 0)
(-0.4236413437 0.6388325034 0)
(-0.4919360329 0.6472845672 0)
(-0.5625038262 0.370325168 0)
(-0.3348766322 -0.1686206495 0)
(-0.2875621109 0.04830980371 0)
(-0.484203017 -0.5199376162 0)
(-0.7076061332 -0.537983463 0)
(-0.8194088433 -0.4906382197 0)
(-0.3570630978 -0.5771736663 0)
(-0.4531744198 -1.099599464 0)
(-0.5547883179 -1.526129825 0)
(-0.6391762731 -1.249787549 0)
(-0.6512973462 -0.5255302949 0)
(-0.598097565 0.9070753285 0)
(-0.5628211782 1.382324797 0)
(-0.4404517803 1.426031704 0)
(-0.09168009533 0.2127926999 0)
(-0.08010913512 -0.1421338146 0)
(-0.09461208818 -0.140401404 0)
(-0.09854639311 -0.1142009331 0)
(-0.07382539087 -0.07888332043 0)
(0.03468868462 -0.04128669003 0)
(0.651663611 -0.1252246857 0)
(0.6306954735 -0.09384142999 0)
(0.5148226449 -0.03988301811 0)
(0.346907428 -0.08587511744 0)
(0.2602360087 -0.03171791423 0)
(-0.07189302218 -0.1616929365 0)
(-0.3486876525 -0.2601965658 0)
(-0.3751983846 -0.2444434223 0)
(-0.2765695882 -0.2694591763 0)
(-0.107689626 -0.245523272 0)
(0.2343107917 -0.2059066111 0)
(0.6326357226 -0.1034692912 0)
(-0.4295499739 -0.1168741969 0)
(-0.5869508273 -0.3302080576 0)
(-0.6252694819 0.5253715271 0)
(-0.6604953233 0.6941277131 0)
(-0.6555709502 0.8488193601 0)
(-0.6019783495 0.9974658011 0)
(-0.4418388692 1.03486723 0)
(-0.1797593059 0.1906203598 0)
(-0.1853642516 0.2182301523 0)
(-0.2428580536 0.2492705078 0)
(-0.3451001175 0.2257164692 0)
(-0.3717683443 0.2256024119 0)
(-0.348731686 0.2238662391 0)
(-0.3167645787 0.2384418421 0)
(-0.3346851073 0.3253180583 0)
(-0.3719795833 0.4088214069 0)
(-0.4977272786 0.4954178679 0)
(-0.6066157896 0.5513005634 0)
(-0.3324818191 -0.1627201466 0)
(-0.277000176 0.08325902136 0)
(-1.097940325 -0.5652244258 0)
(-0.3259903017 -0.3150921008 0)
(-0.3126106952 -0.3100771898 0)
(0.1097158271 -0.5375944135 0)
(0.7839203329 -0.7738251251 0)
(0.9222004289 -0.5320878673 0)
(0.6232791433 0.5670173456 0)
(0.3211244106 0.01721169891 0)
(-0.01819816778 -0.03621418617 0)
(-0.02131942716 -0.08951035337 0)
(-0.0663816733 -0.09337399198 0)
(-0.05987967744 -0.0980287929 0)
(-0.05904783829 -0.0988706419 0)
(-0.03422517772 -0.1015912587 0)
(0.01613568894 -0.09543000808 0)
(0.2393504852 -0.07101029811 0)
(0.4319627058 -0.07571587096 0)
(0.3506710075 -0.1137151591 0)
(0.2525416078 -0.1306953661 0)
(0.1957531523 -0.1219538689 0)
(0.4324483884 -0.1131812508 0)
(0.2841135505 0.06281947514 0)
(-0.2700229532 -0.08791359851 0)
(-0.386035979 0.04596825315 0)
(-0.3976401217 -0.008435116245 0)
(-0.3065075607 0.1188151703 0)
(0.2071676035 -0.1159953166 0)
(-0.3607662004 0.0198091521 0)
(-0.3434324251 0.2187741112 0)
(0.4282064187 0.5123955569 0)
(0.6224331799 0.6022788745 0)
(0.611975005 0.6816762686 0)
(0.4250418088 0.8135832226 0)
(0.09276695044 0.7791829102 0)
(-0.1828523553 0.1082983614 0)
(-0.2083575461 0.121089172 0)
(-0.3086518927 0.1564844124 0)
(-0.3875166393 0.1826278435 0)
(-0.4131845858 0.2061254788 0)
(-0.4069093103 0.2254964123 0)
(-0.3767994912 0.2421840433 0)
(-0.3363470162 0.2656757734 0)
(-0.3876675771 0.3544394914 0)
(-0.556528349 0.5014454779 0)
(-0.7079031461 0.6214638092 0)
(-0.3504005359 -0.1271855434 0)
(-0.2578305202 0.1184540082 0)
(1.165644446 -0.6034217823 0)
(1.463564736 -0.5038149546 0)
(0.9664220984 0.06838300712 0)
(0.2698613211 -0.09678194472 0)
(0.1149457952 -0.04002897498 0)
(-0.02013987627 -0.0008837372465 0)
(-0.07373420478 0.01480035118 0)
(-0.03654546099 -0.03238944731 0)
(-0.05137273916 -0.06267728311 0)
(-0.03461520447 -0.08393280056 0)
(-0.004614637858 -0.1024297401 0)
(0.09637508713 -0.09134764369 0)
(0.2661941038 -0.07267297846 0)
(0.2654485604 -0.1380762382 0)
(0.1849313332 -0.2080339581 0)
(0.2529012768 -0.147997818 0)
(0.6513931178 -0.09527932802 0)
(0.5602986122 -0.05109218841 0)
(-0.1248778764 -0.186916785 0)
(-0.2483315224 0.3119859543 0)
(-0.3375355375 0.2235651541 0)
(-0.3566958394 0.2462797915 0)
(-0.4392458252 0.03881822575 0)
(-0.3667569526 0.01539091188 0)
(-0.9236991343 0.2723458743 0)
(0.5617407249 0.4437690751 0)
(0.7254444918 0.5557038387 0)
(-1.213454768 0.6327023449 0)
(0.5861455078 0.6696675642 0)
(0.1478952917 0.5402576191 0)
(-0.2218212916 0.0556968131 0)
(-0.2744576376 0.09717938176 0)
(-0.3526075074 0.1474164252 0)
(-0.4164745103 0.1847000761 0)
(-0.4440145855 0.2176179836 0)
(-0.4461166646 0.2481049269 0)
(-0.4337155538 0.2789549837 0)
(-0.4101666627 0.3131017907 0)
(-0.4671586704 0.3896914382 0)
(-0.6658146261 0.5238355735 0)
(-0.8037019118 0.670915686 0)
(-0.4420056574 0.01083223636 0)
(-0.2406324041 0.1518938185 0)
(0.8454540284 -0.1754001539 0)
(0.2032519552 -0.09604610181 0)
(0.09793610585 -0.08207184328 0)
(-0.04998160337 0.05650796388 0)
(-0.08766706037 0.1030199765 0)
(-0.0586257281 0.001986814404 0)
(0.01373903453 -0.05087005427 0)
(0.01934829269 -0.07084822592 0)
(-0.001956517961 -0.08088584649 0)
(0.02205440399 -0.06799877213 0)
(0.1366048245 -0.08037740475 0)
(0.1665265254 -0.1415788276 0)
(0.2175021853 -0.2141409847 0)
(0.4075112464 -0.1390140883 0)
(0.7849879111 -0.05871981298 0)
(0.5555087206 -0.06494288215 0)
(-0.05535118836 -0.1718149945 0)
(-0.239426704 0.2240630371 0)
(-0.2875642041 0.1815837092 0)
(-0.46429731 0.2373563438 0)
(-0.3964075012 0.1561961467 0)
(-0.3727863558 -0.02047494365 0)
(-2.261868277 0.4688695798 0)
(0.3376693835 0.4454423783 0)
(0.8215222054 0.5345286018 0)
(-2.513376256 0.6402236343 0)
(-0.6784519698 0.6913708655 0)
(-0.001895518246 0.4903535998 0)
(-0.234801877 0.02161200601 0)
(-0.3237775234 0.09980848705 0)
(-0.3995534468 0.1598321749 0)
(-0.4561783164 0.20340457 0)
(-0.4857622993 0.2435468098 0)
(-0.4923184582 0.2833760831 0)
(-0.4873180961 0.321480174 0)
(-0.4756279246 0.3576412079 0)
(-0.5831496751 0.4421263764 0)
(-0.7794301618 0.5741026739 0)
(-0.9052498396 0.7266360913 0)
(-0.6007362422 0.2570838361 0)
(-0.2428354615 0.1917888391 0)
(-0.01474185004 0.3190761798 0)
(0.01688805861 0.1726876949 0)
(0.06503910738 -0.04912402556 0)
(0.06274153506 -0.06765798145 0)
(0.05956153184 -0.06631016661 0)
(0.04511778401 -0.0789392284 0)
(0.04017434304 -0.09347939263 0)
(0.02431109607 -0.09910951939 0)
(0.09653829543 -0.1002484319 0)
(0.3707971598 -0.0932161073 0)
(0.7590373619 -0.04034474767 0)
(0.4426253959 -0.13423125 0)
(0.02204615768 -0.1372759034 0)
(-0.08961314352 0.1207390044 0)
(-0.1559941105 0.1402966548 0)
(-0.6352735053 0.1306636653 0)
(-0.4838244514 -0.425787362 0)
(-0.3708578418 -0.3401148091 0)
(-2.728403311 0.5102078917 0)
(-0.8938447674 0.3377041239 0)
(0.7910799472 0.5022944042 0)
(-2.352141124 0.6473633652 0)
(-1.503601378 0.9498799949 0)
(-0.002461200208 0.5069109015 0)
(-0.2055850566 0.0421181569 0)
(-0.3833026381 0.1155279628 0)
(-0.4941720288 0.1882749366 0)
(-0.5495825504 0.2439651468 0)
(-0.5760392859 0.2953306847 0)
(-0.5789526705 0.3481372026 0)
(-0.5680034013 0.3787269767 0)
(-0.5523079458 0.4038612736 0)
(-0.7063876962 0.500252676 0)
(-0.9011125035 0.6422152924 0)
(-1.008851745 0.8011619371 0)
(-0.7639753214 0.5050877167 0)
(-0.2672268609 0.2533747834 0)
(0.06587279751 -0.07831782436 0)
(0.06722297258 -0.06160480044 0)
(0.07498175882 -0.05018316828 0)
(0.04490580659 -0.04478430332 0)
(-0.03068369293 -0.01561771974 0)
(-0.07295729402 -0.05222084672 0)
(-0.03635116034 -0.08237620373 0)
(0.08359366845 -0.0643722875 0)
(0.3652610718 -0.01914239424 0)
(0.1267754413 -0.05490517277 0)
(-0.07793789276 0.02027236553 0)
(-0.03170729802 0.060274627 0)
(-0.04651456812 -0.01125209883 0)
(-0.5030339404 0.1295424597 0)
(-0.3317069836 -0.3878393344 0)
(-0.08864603795 -0.3211706565 0)
(-2.880110513 0.5198639481 0)
(-0.7971992794 -0.007896388123 0)
(0.2233315469 0.3744218049 0)
(-1.609900116 0.6520060599 0)
(-1.087127944 1.312177163 0)
(-0.05718786212 0.7291864625 0)
(-0.01980014265 0.1994955795 0)
(-0.2773725716 0.1898460638 0)
(-0.5039771665 0.2529470169 0)
(-0.6274777756 0.3368276826 0)
(-0.6710527281 0.4072401106 0)
(-0.682393118 0.4776761896 0)
(-0.7136061402 0.4142266418 0)
(-0.6784274899 0.4154051541 0)
(-0.8593945573 0.549507513 0)
(-1.028735495 0.7296831191 0)
(-1.089007029 0.9064252537 0)
(-0.8808075616 0.7078154923 0)
(-0.2854741209 0.3250716512 0)
(0.09393691272 -0.01546341331 0)
(0.09642099333 0.03883469436 0)
(0.01501428142 0.062743975 0)
(-0.09971685696 0.07968435939 0)
(-0.1153314035 0.0582564761 0)
(-0.126557028 0.02596784437 0)
(-0.04879874034 -0.006744454011 0)
(0.147495638 -0.04385142612 0)
(0.02872122998 0.01807543644 0)
(-0.02774489689 0.08773738269 0)
(0.2916772502 -0.1979256761 0)
(-0.1174006321 0.00170598163 0)
(-0.3312965217 0.05104386411 0)
(-0.9891380902 -0.4631338978 0)
(-1.226378233 0.4808577577 0)
(-2.661154401 0.4829526129 0)
(-0.6035160764 -0.7630679726 0)
(-0.2387516622 -1.533453513 0)
(-0.3641387933 0.6599313537 0)
(-0.2579012262 1.858075932 0)
(-0.03269938575 1.819073725 0)
(0.04779408747 1.119765974 0)
(-0.1108475974 0.5275425455 0)
(-0.5370906185 0.3639563091 0)
(-0.7292262875 0.4742104792 0)
(-0.7417520903 0.5430136715 0)
(-0.7195909253 0.5982508697 0)
(-0.7843368071 0.1769949982 0)
(-0.7963920147 0.281037456 0)
(-0.9506095665 0.5726964742 0)
(-1.041490299 0.8366129791 0)
(-1.054160073 1.038916409 0)
(-0.8946149038 0.8594127777 0)
(-0.2778611404 0.395609578 0)
(-0.1234354085 -0.005186057397 0)
(-0.103144234 0.1152553102 0)
(-0.1052516169 0.1145562817 0)
(-0.09666407697 0.1254332974 0)
(-0.1403593963 0.07565028467 0)
(-0.289440223 -0.08186506715 0)
(-0.1836672299 0.07342025382 0)
(0.116437594 -0.00060872974 0)
(-0.2608450429 0.1995197281 0)
(-0.1273468789 0.1484775522 0)
(-0.07689668368 -0.03126291457 0)
(-0.07388134591 0.07457065914 0)
(-0.1991770624 0.0131177823 0)
(-0.8274545093 -0.515560997 0)
(-0.9991131718 0.4717721445 0)
(-2.237110805 0.5453680036 0)
(-1.271024314 0.7845164639 0)
(-0.2087177174 0.5216185406 0)
(1.578120228 0.5519826123 0)
(0.5817950873 0.4745724643 0)
(0.03662231189 0.2747241273 0)
(-0.2592016064 0.2083741149 0)
(-0.484310956 0.2467775673 0)
(-0.6717619013 0.3985910758 0)
(-0.7783271401 0.5522539594 0)
(-0.757978254 0.6250518857 0)
(-0.7311157643 0.6625209264 0)
(-0.8707936948 -0.01700985374 0)
(-1.041484518 0.1853587272 0)
(-0.9964074686 0.6404514595 0)
(-0.9284221522 0.9323763768 0)
(-0.8780526385 1.126148448 0)
(-0.7785949392 0.9572145921 0)
(-0.2457125359 0.4774488348 0)
(-0.1449057107 0.1798076885 0)
(-0.112013301 0.1853944743 0)
(-0.08775546575 0.1553462059 0)
(-0.1126194347 0.07449750022 0)
(-0.1241464753 -0.06156404345 0)
(-0.06024791841 -0.04378881065 0)
(-0.05775476498 0.003913377405 0)
(-0.2471377628 0.2200768739 0)
(-0.1553840936 0.2398491571 0)
(-0.09523363526 0.1250135384 0)
(0.09432012833 -0.08592726046 0)
(-0.1647896221 -0.04720469919 0)
(-0.5896027588 -0.6662907688 0)
(-0.6773342166 -0.06236081149 0)
(-1.644512864 0.5524251826 0)
(-1.104009313 0.9571615167 0)
(-0.7689133168 0.9064237484 0)
(0.2990157173 0.508863842 0)
(-0.3991565426 0.3463545737 0)
(-0.5215770768 0.2647304657 0)
(-0.5543065577 0.2718406748 0)
(-0.5634352125 0.3145070585 0)
(-0.6370450785 0.4324399992 0)
(-0.7262970968 0.5851389525 0)
(-0.7436328661 0.6750038439 0)
(-0.7213642334 0.6629064625 0)
(-0.9784027083 0.01647729997 0)
(-1.242203457 0.4181915875 0)
(-1.033647675 0.7620721029 0)
(-0.8200694137 0.9851375072 0)
(-0.7001678513 1.168458508 0)
(-0.6118804162 1.024552115 0)
(-0.194896371 0.6003711819 0)
(-0.02093373998 0.3245268937 0)
(-0.06330921179 0.2340914794 0)
(-0.08255715587 0.1615646278 0)
(-0.07229299659 0.1174331187 0)
(0.1226928447 -0.2613003473 0)
(0.03274069822 -0.2832648557 0)
(0.09276779009 -0.2907182733 0)
(0.03755838294 0.180739649 0)
(0.01946204439 0.3847639261 0)
(0.01765855443 0.3798132921 0)
(0.002330614739 0.219381941 0)
(0.130526169 0.01222644669 0)
(-0.3805173084 -1.094544555 0)
(-0.4757070807 -0.667231614 0)
(-1.000441873 0.566735766 0)
(-0.9389301908 1.19731067 0)
(-0.8281252254 1.499918891 0)
(-0.6654554698 1.245833994 0)
(-0.6194000837 0.8582446114 0)
(-0.6427969167 0.5631108969 0)
(-0.6474684852 0.4236569503 0)
(-0.6020827051 0.4360260913 0)
(-0.5756470357 0.4882657791 0)
(-0.6259000422 0.5886733417 0)
(-0.6822473516 0.6865413733 0)
(-0.6732280908 0.5886016587 0)
(-1.100798662 0.3461051346 0)
(-1.308298757 0.7173697328 0)
(-1.082769396 0.9195578903 0)
(-0.7970528808 1.04089775 0)
(-0.5894177257 1.186539246 0)
(-0.4542959796 1.073671791 0)
(-0.1218265736 0.7709264322 0)
(0.03664566014 0.06565346322 0)
(-0.04546946619 0.06953820931 0)
(-0.04418646479 0.08795838972 0)
(-0.0173427497 0.07270466998 0)
(0.1012074064 -0.06423964082 0)
(-0.171249303 0.04481825156 0)
(0.08542466535 -0.150559873 0)
(0.3505098669 0.1182082458 0)
(0.09350527518 0.04359474123 0)
(0.07738175459 0.05070343727 0)
(-0.07615204711 -0.1146740756 0)
(-0.1213776547 -0.5564011339 0)
(-0.2209162335 -1.30112769 0)
(-0.2230088729 -0.7863646067 0)
(-0.263387297 0.5515010865 0)
(-0.2599693199 1.255061048 0)
(-0.8678537821 1.433494514 0)
(-0.4837128995 1.840863241 0)
(-0.4830640301 1.674652847 0)
(-0.6046319721 1.205412702 0)
(-0.671706708 0.7581144578 0)
(-0.619614792 0.6034042146 0)
(-0.5420560794 0.605989878 0)
(-0.5186206682 0.6339710824 0)
(-0.5639565698 0.6874660678 0)
(-0.5884767196 0.5333864885 0)
(-1.112764366 0.7891918793 0)
(-1.265340927 0.993825864 0)
(-1.066485966 1.079490314 0)
(-0.7765869609 1.123542146 0)
(-0.5126083995 1.210646084 0)
(-0.3013147217 1.078258687 0)
(0.0008475578987 0.7493897273 0)
(-0.0449603125 0.07634404452 0)
(0.009649838023 0.05310489609 0)
(-0.07389824326 0.04257002687 0)
(-0.0654746139 0.06076050122 0)
(-0.2817004759 0.1110045991 0)
(-0.02076170678 0.01531359043 0)
(0.234749615 0.05263326929 0)
(-0.09984834029 0.05570979695 0)
(-0.0248641187 0.03814392019 0)
(-0.06959003816 0.03471623045 0)
(-0.1071284588 -0.03251923805 0)
(-0.2577047033 -0.4754765927 0)
(-0.2333114474 0.5057062881 0)
(0.9152461898 0.5690454108 0)
(0.6420915771 0.6858726043 0)
(-2.160974824 0.5719874801 0)
(-1.512775822 0.9827337929 0)
(-0.9171362405 0.823100463 0)
(-0.7267040385 0.6436719186 0)
(-0.6522108812 0.678083018 0)
(-0.5747675758 0.7287668532 0)
(-0.5009010665 0.7581771962 0)
(-0.4480474664 0.7713558738 0)
(-0.441010271 0.7825613962 0)
(-0.4896792167 0.8098879895 0)
(-0.8534500961 1.001242512 0)
(-1.041236857 1.126382975 0)
(-0.9536572095 1.178470674 0)
(-0.7018779821 1.194586924 0)
(-0.3941179547 1.232059893 0)
(0.008284853476 0.7002422238 0)
(0.07336688359 0.6053537107 0)
(0.03901943135 0.07807290246 0)
(0.02715607927 0.02965698416 0)
(-0.03373024231 -0.101277236 0)
(-0.2748279896 0.1513231799 0)
(-0.1228106998 0.243810948 0)
(0.05238570556 -0.02802564342 0)
(-0.02113252694 0.1327622588 0)
(-0.05327732828 0.1735278654 0)
(-0.06998357369 0.08801926447 0)
(-0.1024242565 0.02554699352 0)
(0.1056775292 -0.3226572877 0)
(0.4442260752 0.4839368219 0)
(1.522439294 0.5684520898 0)
(1.056041195 0.5455608635 0)
(-1.829172597 0.6145922552 0)
(-1.519581222 1.622329605 0)
(-1.119014332 2.122542151 0)
(-0.7052672124 1.591252903 0)
(-0.5386670043 0.9682974246 0)
(-0.4816419694 0.8951063557 0)
(-0.4303787707 0.9242715013 0)
(-0.3853989972 0.9500030957 0)
(-0.3551189462 0.9676536656 0)
(-0.3516749171 0.9817724638 0)
(-0.5184390701 1.088648482 0)
(-0.7309977717 1.187512521 0)
(-0.7918838046 1.233973679 0)
(-0.6052527904 1.253141907 0)
(-0.2856452672 1.264349968 0)
(0.1820149476 0.830032239 0)
(0.0104488939 0.6519164382 0)
(0.04503819049 0.1208321281 0)
(-0.01864110647 0.09906106907 0)
(0.2167695458 -0.08704686273 0)
(0.2489873598 0.05737858714 0)
(0.08962479738 0.0910943417 0)
(0.06252580808 0.02173889661 0)
(0.0951094153 0.1202988979 0)
(-0.01972345344 0.1475043028 0)
(-0.07396636262 0.0591805345 0)
(-0.08263805296 0.02189223485 0)
(-0.05382408099 -0.3888383308 0)
(0.5835338072 -0.681950905 0)
(1.011453059 -0.9798859422 0)
(-0.008806854758 -1.645377619 0)
(-0.1776797071 0.6231489085 0)
(-0.1798859969 2.05515883 0)
(-0.1864122489 3.060970429 0)
(-0.2170848328 3.331967821 0)
(-0.2912027168 2.454587523 0)
(-0.3442464417 1.234338827 0)
(-0.3262614064 1.077071229 0)
(-0.3014384435 1.11928053 0)
(-0.2797077953 1.160627283 0)
(-0.2634067705 1.194108657 0)
(-0.3275668227 1.243272996 0)
(-0.4868726784 1.279705539 0)
(-0.6407255335 1.291763071 0)
(-0.5643277413 1.327653288 0)
(-0.1072571718 1.314465296 0)
(0.3080938212 0.5911777067 0)
(0.04939181505 0.7157514958 0)
(0.09557486125 0.120321418 0)
(-0.08709539154 0.0950419944 0)
(0.03365357913 0.03896965896 0)
(0.1747405249 0.06118745952 0)
(0.08451797394 0.01419589561 0)
(0.05568223886 -0.0188014897 0)
(0.1000415996 0.09306250243 0)
(-0.01835599768 0.09541870687 0)
(-0.09765320786 -0.007642823654 0)
(-0.06740755559 -0.04637888405 0)
(-0.0573344222 -0.2759002616 0)
(0.06637219258 -0.3825869859 0)
(1.888694031 -0.2016314997 0)
(0.8686469547 -1.132016688 0)
(1.695931855 0.6212653911 0)
(1.280020348 1.481789453 0)
(0.6365523277 1.426062639 0)
(-0.1595301728 0.9531507537 0)
(-0.2380394874 1.004168045 0)
(-0.2275730239 1.090760101 0)
(-0.2174102323 1.171590734 0)
(-0.209252768 1.245706773 0)
(-0.2018974973 1.310163185 0)
(-0.194058445 1.364907876 0)
(-0.2323056104 1.394468798 0)
(-0.3442981587 1.37868358 0)
(-0.5000297155 1.341734888 0)
(-0.6121724343 1.343237129 0)
(-0.1384842078 1.361047796 0)
(0.2556471324 0.873020269 0)
(0.08736979663 1.053861021 0)
(0.07438392785 -0.00607255025 0)
(0.1531442876 0.1170163401 0)
(0.07286977121 0.08955329237 0)
(-0.05674056619 -0.07937922583 0)
(-0.06104239364 -0.20598939 0)
(-0.1709382448 -0.1938520942 0)
(-0.2545649699 -0.1658587081 0)
(2.202248792 0.1791432652 0)
(0.675770983 -0.07817060003 0)
(2.731000554 0.6080231528 0)
(1.663962165 0.9556069687 0)
(0.1678446169 0.7675998338 0)
(-0.1116230516 0.8929788902 0)
(-0.1197695325 1.027353792 0)
(-0.120896155 1.137862049 0)
(-0.1258396918 1.236000304 0)
(-0.1332018057 1.324890364 0)
(-0.1391229886 1.402532687 0)
(-0.1398904097 1.468315804 0)
(-0.1785666515 1.465797751 0)
(-0.2720599889 1.400035868 0)
(-0.3802068176 1.333472945 0)
(-0.478248774 1.318957119 0)
(-0.5448630654 1.422443323 0)
(-0.4685540306 1.206001474 0)
(-0.06840436416 1.103253735 0)
(0.0855188359 0.07692543318 0)
(0.1479963879 0.07508526801 0)
(0.01646907127 -0.03176124524 0)
(-0.001505922515 0.0007646872115 0)
(-0.04340583375 0.006041819611 0)
(-0.1397751074 0.05572189435 0)
(-0.3216430641 -0.01211903047 0)
(1.909618124 0.174009204 0)
(0.2109339917 0.3993332649 0)
(1.186680478 0.5230884501 0)
(-0.1390274938 -0.6130402061 0)
(-0.3457494873 0.7163150703 0)
(-0.3028074441 0.8182637477 0)
(-0.2473385751 0.8926935397 0)
(0.1149876075 0.2630765795 0)
(0.1664313876 0.9158337866 0)
(0.1716115058 1.1320071 0)
(0.09686873922 1.098611197 0)
(-0.00496765086 1.027278641 0)
(-0.1514109077 0.9838797295 0)
(-0.2402823799 1.019352031 0)
(-0.2868440416 1.095964465 0)
(-0.3075072797 1.199662491 0)
(-0.3139235701 1.34789427 0)
(-0.2992849278 1.035489039 0)
(-0.1209147877 1.05901488 0)
)
;

boundaryField
{
    walls
    {
        type            noSlip;
    }
    wallFilmFace_top
    {
        type            slip;
    }
    region0_to_wallFilmRegion_wallFilmFace
    {
        type            slip;
    }
    mirrorFace_top
    {
        type            slip;
    }
    region0_to_wallFilmRegion_mirrorFace
    {
        type            slip;
    }
    procBoundary0to1
    {
        type            processor;
        value           nonuniform List<vector> 
52
(
(-0.3212039934 -0.3999215739 0)
(-0.7956831915 -0.6567658551 0)
(-0.777331582 -1.112092246 0)
(-0.7688950185 -1.064305898 0)
(-0.7565026276 -1.025680931 0)
(-0.7407427278 -0.9842880398 0)
(-0.7196751006 -0.9285426315 0)
(-0.7196751006 -0.9285426315 0)
(-0.5262796806 -0.6884655775 0)
(-0.3836603102 -0.4733109886 0)
(-0.3163483289 -0.4080516837 0)
(-0.3369792897 -0.4433159477 0)
(-0.3369792897 -0.4433159477 0)
(-0.6511422832 -0.6818852186 0)
(-0.940317943 -0.6842544227 0)
(-0.940317943 -0.6842544227 0)
(-1.188744614 -0.6135263136 0)
(-0.3840794159 0.007414951476 0)
(-0.408210832 0.1051366272 0)
(0.2172271525 -0.3473300442 0)
(0.2172271525 -0.3473300442 0)
(1.102164551 -0.441066335 0)
(1.583845168 -0.4252785954 0)
(1.583845168 -0.4252785954 0)
(0.7378378139 -0.1300008338 0)
(0.1548686275 0.04793205876 0)
(-0.007521528869 0.2143737172 0)
(-0.02083405681 0.3267324218 0)
(-0.02083405681 0.3267324218 0)
(0.06105921499 -0.03638832722 0)
(0.0718940301 -0.05147976457 0)
(0.0718940301 -0.05147976457 0)
(0.08749119357 -0.06544211678 0)
(0.08749119357 -0.06544211678 0)
(0.02512053135 -0.05052366339 0)
(-0.2747066062 -0.1095157516 0)
(-0.2747066062 -0.1095157516 0)
(0.009659506822 -0.1555278033 0)
(0.3056779288 -0.05642825854 0)
(0.01148361567 0.1105158765 0)
(0.01148361567 0.1105158765 0)
(-0.08824078912 0.03624438906 0)
(-0.08824078912 0.03624438906 0)
(0.04733677046 0.0364100292 0)
(0.1355823398 0.02828948486 0)
(0.0974584093 -0.06663140666 0)
(0.1432834118 0.02786563971 0)
(0.09503460609 0.1483589161 0)
(0.1358745541 0.1467796902 0)
(0.09835563577 0.05983947412 0)
(0.09835563577 0.05983947412 0)
(0.1287156305 0.08144869444 0)
)
;
    }
    procBoundary0to2
    {
        type            processor;
        value           nonuniform List<vector> 
26
(
(-0.004160802909 0.04920245799 0)
(0.04619025847 0.06354676279 0)
(-0.01564521074 0.01577292941 0)
(-0.0561572308 -0.05265245762 0)
(-0.0618562997 0.03314592237 0)
(-0.07105938388 0.1599176335 0)
(-0.2874092336 0.003101114707 0)
(0.7644268723 -0.119201779 0)
(0.07131417795 -0.5198830035 0)
(0.4727334032 0.5050629353 0)
(0.2300202902 0.5310845353 0)
(0.3608852744 0.5784885862 0)
(0.3621789341 0.6698533166 0)
(0.1540316612 0.8197718276 0)
(0.2336921427 -0.1133553419 0)
(0.5665243884 0.532083708 0)
(-0.08610817212 0.7820838893 0)
(-0.3392199882 0.7066605943 0)
(-0.4175446914 0.6959082261 0)
(-0.2586476523 0.7617971174 0)
(-0.1230589056 0.888279424 0)
(-0.04416749309 1.034894103 0)
(-0.006882458735 1.183845028 0)
(0.01092660702 1.357543075 0)
(0.03109313881 0.8897571439 0)
(-0.08039260893 1.073575852 0)
)
;
    }
}


// ************************************************************************* //
