/*--------------------------------*- C++ -*----------------------------------*\
  =========                 |
  \\      /  F ield         | OpenFOAM: The Open Source CFD Toolbox
   \\    /   O peration     | Website:  https://openfoam.org
    \\  /    A nd           | Version:  8
     \\/     M anipulation  |
\*---------------------------------------------------------------------------*/
FoamFile
{
    version     2.0;
    format      ascii;
    class       volScalarField;
    location    "1.8/wallFilmRegion";
    object      rho;
}
// * * * * * * * * * * * * * * * * * * * * * * * * * * * * * * * * * * * * * //

dimensions      [1 -3 0 0 0 0 0];

internalField   nonuniform List<scalar> 
1369
(
994.5114678
994.5114678
994.5114679
994.511468
994.511468
994.5114681
994.5114681
994.5114681
994.5114682
994.5114682
994.5114682
994.5114683
994.5114682
994.5114682
994.5114682
994.5114682
994.5114682
994.5114682
994.5114682
994.5114683
994.5114683
994.5114683
994.5114683
994.5114682
994.5114664
994.5114622
994.5114682
994.5114682
994.5114682
994.5114683
994.5114683
994.5114683
994.5114683
994.5114682
994.5114682
994.5114683
994.5114683
994.5114682
994.5114682
994.5114682
994.5114682
994.5114682
994.5114682
994.5114682
994.5114682
994.5114682
994.5114681
994.5114681
994.5114681
994.5114682
994.5114682
994.5114682
994.5114682
994.5114682
994.5114682
994.5114682
994.5114682
994.5114682
994.5114683
994.5114683
994.5114679
994.5114678
994.5114678
994.5114679
994.5114679
994.5114679
994.511468
994.5114681
994.5114681
994.5114681
994.5114681
994.511468
994.5114679
994.5114679
994.5114677
994.5114676
994.5114678
994.511468
994.5114681
994.5114682
994.5114683
994.5114683
994.5114683
994.5114683
994.511468
994.5114665
994.5114682
994.5114682
994.5114681
994.5114683
994.5114682
994.5114681
994.5114682
994.5114683
994.5114683
994.5114684
994.5114683
994.5114681
994.5114681
994.5114682
994.5114682
994.5114682
994.5114681
994.5114681
994.511468
994.5114681
994.5114681
994.5114681
994.5114681
994.5114681
994.5114681
994.5114682
994.5114682
994.5114682
994.5114682
994.5114683
994.5114683
994.5114683
994.5114683
994.5114683
994.5114679
994.5114679
994.5114678
994.5114678
994.5114678
994.5114678
994.5114678
994.5114679
994.5114679
994.5114679
994.5114679
994.5114679
994.5114678
994.511468
994.5114677
994.5114676
994.5114677
994.5114678
994.511468
994.5114681
994.5114682
994.5114683
994.5114683
994.5114683
994.5114683
994.5114679
994.5114682
994.5114681
994.5114682
994.5114684
994.5114682
994.5114682
994.5114683
994.5114683
994.5114682
994.5114683
994.5114683
994.5114683
994.5114683
994.5114683
994.5114683
994.5114682
994.5114682
994.5114681
994.511468
994.5114681
994.5114681
994.5114681
994.5114681
994.5114681
994.5114681
994.5114682
994.5114682
994.5114683
994.5114683
994.5114683
994.5114683
994.5114683
994.5114682
994.5114681
994.5114679
994.5114679
994.5114678
994.5114678
994.5114678
994.5114678
994.5114678
994.5114678
994.5114678
994.5114678
994.5114678
994.5114678
994.5114679
994.5114681
994.5114678
994.5114678
994.5114678
994.5114672
994.5114675
994.5114678
994.511468
994.5114681
994.5114681
994.5114677
994.5114682
994.5114682
994.5114682
994.5114682
994.5114684
994.5114684
994.5114683
994.5114683
994.5114683
994.5114681
994.5114676
994.5114683
994.5114681
994.5114673
994.511468
994.5114682
994.5114682
994.5114682
994.5114681
994.5114681
994.511468
994.5114679
994.511468
994.5114681
994.5114682
994.5114682
994.5114682
994.5114682
994.5114683
994.5114683
994.5114683
994.5114683
994.5114682
994.5114682
994.5114681
994.5114681
994.5114679
994.5114678
994.5114678
994.5114678
994.5114678
994.5114678
994.5114678
994.5114678
994.5114678
994.5114678
994.5114678
994.5114678
994.5114679
994.5114681
994.5114679
994.5114678
994.5114678
994.5114652
994.5114656
994.5114667
994.5114673
994.5114677
994.5114676
994.5114658
994.5114673
994.5114683
994.5114684
994.5114684
994.5114684
994.5114684
994.5114684
994.5114684
994.5114684
994.5114683
994.5114683
994.5114684
994.5114679
994.5114663
994.5114679
994.5114681
994.5114681
994.5114681
994.5114681
994.5114681
994.511468
994.5114679
994.5114679
994.5114681
994.5114682
994.5114682
994.5114682
994.5114682
994.5114683
994.5114683
994.5114683
994.5114682
994.5114682
994.5114682
994.5114681
994.511468
994.5114679
994.5114678
994.5114678
994.5114678
994.5114678
994.5114678
994.5114678
994.5114678
994.5114678
994.5114678
994.5114678
994.5114677
994.5114678
994.5114679
994.5114678
994.5114676
994.5114656
994.5114382
994.5114487
994.511454
994.5114575
994.5114598
994.5114613
994.5114657
994.511468
994.5114684
994.5114684
994.5114628
994.5114668
994.5114683
994.5114674
994.5114684
994.5114684
994.5114683
994.5114683
994.5114683
994.5114671
994.5114652
994.5114677
994.511468
994.5114681
994.5114681
994.5114681
994.5114681
994.511468
994.5114679
994.5114678
994.5114678
994.5114681
994.5114681
994.5114682
994.5114682
994.5114683
994.5114683
994.5114682
994.5114682
994.5114682
994.5114681
994.511468
994.511468
994.5114679
994.5114678
994.5114678
994.5114678
994.5114678
994.5114678
994.5114678
994.5114678
994.5114678
994.5114678
994.5114678
994.5114677
994.5114678
994.5114678
994.5114678
994.5114676
994.5114671
994.5114544
994.5114564
994.5114621
994.5114642
994.511465
994.5114657
994.5114675
994.5114685
994.5114684
994.5114684
994.5114554
994.5114667
994.5114683
994.5114668
994.5114684
994.5114685
994.5114682
994.5114679
994.5114677
994.5114654
994.5114636
994.5114673
994.5114679
994.5114679
994.511468
994.511468
994.511468
994.5114679
994.5114678
994.5114678
994.5114678
994.5114679
994.5114681
994.5114681
994.5114682
994.5114682
994.5114682
994.5114682
994.5114682
994.5114681
994.511468
994.511468
994.511468
994.5114679
994.5114678
994.5114677
994.5114677
994.5114678
994.5114678
994.5114678
994.5114678
994.5114678
994.5114678
994.5114677
994.5114677
994.5114678
994.5114678
994.5114678
994.5114678
994.5114676
994.5114658
994.5114602
994.5114638
994.5114656
994.5114664
994.5114669
994.511468
994.5114687
994.5114685
994.5114684
994.5114454
994.5114657
994.5114683
994.5114675
994.5114686
994.5114686
994.5114685
994.5114679
994.5114659
994.5114638
994.5114611
994.5114664
994.5114676
994.5114678
994.5114679
994.5114679
994.511468
994.5114679
994.5114679
994.5114678
994.5114678
994.5114678
994.5114678
994.511468
994.5114681
994.5114682
994.5114682
994.5114682
994.5114682
994.5114681
994.511468
994.511468
994.511468
994.5114679
994.5114678
994.5114677
994.5114677
994.5114678
994.5114678
994.5114678
994.5114678
994.5114678
994.5114677
994.5114677
994.5114677
994.5114678
994.511468
994.511468
994.511468
994.5114679
994.5114674
994.5114622
994.511464
994.5114659
994.5114668
994.5114672
994.5114681
994.5114688
994.5114686
994.5114684
994.5114618
994.5114665
994.511468
994.5114688
994.5114689
994.5114688
994.5114687
994.5114683
994.5114656
994.5114629
994.511459
994.5114637
994.5114675
994.5114676
994.5114677
994.5114678
994.5114678
994.5114679
994.5114679
994.5114679
994.5114678
994.5114678
994.5114676
994.5114677
994.5114679
994.5114682
994.5114682
994.5114682
994.5114682
994.5114681
994.511468
994.511468
994.511468
994.5114679
994.5114678
994.5114677
994.5114677
994.5114677
994.5114677
994.5114677
994.5114677
994.5114677
994.5114677
994.5114677
994.5114678
994.511468
994.5114682
994.5114681
994.5114681
994.511468
994.5114675
994.5114674
994.5114679
994.511466
994.5114666
994.5114668
994.511467
994.5114685
994.5114687
994.511468
994.5114679
994.5114673
994.5114673
994.5114689
994.5114689
994.5114689
994.5114688
994.5114686
994.5114665
994.5114639
994.5114608
994.5114575
994.5114675
994.5114673
994.5114674
994.5114674
994.5114677
994.5114678
994.5114679
994.5114679
994.5114679
994.5114678
994.5114676
994.5114675
994.5114678
994.5114681
994.5114682
994.5114682
994.5114682
994.5114681
994.511468
994.511468
994.511468
994.511468
994.5114679
994.5114678
994.5114678
994.5114678
994.5114677
994.5114677
994.5114677
994.5114677
994.5114678
994.5114678
994.5114678
994.511468
994.5114681
994.5114675
994.5114675
994.5114688
994.5114705
994.5114708
994.5114709
994.5114693
994.5114668
994.5114676
994.5114682
994.5114685
994.5114687
994.511468
994.5114691
994.5114681
994.511468
994.5114689
994.5114689
994.5114689
994.5114687
994.5114686
994.5114678
994.5114656
994.5114637
994.511465
994.5114674
994.5114657
994.5114663
994.511467
994.5114675
994.5114677
994.5114679
994.5114679
994.5114679
994.5114679
994.5114677
994.5114675
994.5114677
994.5114679
994.5114681
994.5114681
994.5114682
994.5114681
994.511468
994.5114679
994.511468
994.5114681
994.511468
994.5114679
994.5114679
994.5114678
994.5114678
994.5114678
994.5114678
994.5114678
994.5114678
994.5114677
994.5114678
994.511468
994.5114681
994.5114671
994.5114679
994.511469
994.5114705
994.5114708
994.5114709
994.5114698
994.5114678
994.5114683
994.5114686
994.5114687
994.5114687
994.5114687
994.5114693
994.5114686
994.5114673
994.5114687
994.5114689
994.5114688
994.5114687
994.5114687
994.5114686
994.5114667
994.5114649
994.5114668
994.5114664
994.5114577
994.5114226
994.5114667
994.5114673
994.5114676
994.5114678
994.5114679
994.511468
994.511468
994.5114679
994.5114678
994.5114678
994.5114679
994.5114679
994.511468
994.5114681
994.5114681
994.511468
994.511468
994.511468
994.511468
994.5114676
994.5114673
994.5114671
994.5114676
994.5114679
994.5114681
994.5114667
994.5114684
994.511469
994.5114699
994.5114708
994.5114709
994.511469
994.5114679
994.5114684
994.5114687
994.5114688
994.5114688
994.5114689
994.5114693
994.5114691
994.5114679
994.5114679
994.5114687
994.5114687
994.5114687
994.5114688
994.5114688
994.5114685
994.5114681
994.5114678
994.5114663
994.5114617
994.5114453
994.5114673
994.5114674
994.5114676
994.5114678
994.5114679
994.511468
994.511468
994.511468
994.5114679
994.5114679
994.511468
994.511468
994.511468
994.511468
994.5114681
994.511468
994.511468
994.511468
994.5114669
994.5114677
994.5114679
994.5114647
994.511468
994.5114691
994.5114461
994.510783
994.5107971
994.5110529
994.511468
994.5114687
994.5114688
994.5114688
994.5114688
994.5114689
994.5114693
994.5114691
994.5114688
994.5114682
994.5114662
994.5114682
994.5114686
994.5114688
994.5114689
994.5114687
994.5114687
994.5114683
994.5114672
994.5114649
994.5114676
994.5114679
994.5114678
994.5114677
994.5114678
994.5114679
994.5114679
994.511468
994.511468
994.5114679
994.511468
994.5114681
994.5114681
994.5114681
994.511468
994.511468
994.511468
994.5114679
994.511468
994.5114674
994.511463
994.5114608
994.5114572
994.5114533
994.5107704
994.5107885
994.5111415
994.5114681
994.5114688
994.5114689
994.5114689
994.5114688
994.5114687
994.5114687
994.5114666
994.5114671
994.5114671
994.5114672
994.5114684
994.5114685
994.5114688
994.511469
994.5114685
994.5114685
994.5114684
994.511468
994.5114666
994.5114682
994.5114682
994.5114681
994.511468
994.5114678
994.5114678
994.5114678
994.5114679
994.511468
994.5114679
994.511468
994.5114682
994.5114682
994.5114682
994.5114682
994.5114681
994.511468
994.5114679
994.5114681
994.5114591
994.5107595
994.5107789
994.5114661
994.5114682
994.5114688
994.511469
994.5114689
994.5114689
994.5114688
994.5114686
994.5114675
994.511467
994.5114672
994.511468
994.5114683
994.5114683
994.5114688
994.5114691
994.5114686
994.511468
994.511468
994.5114682
994.5114675
994.5114684
994.5114684
994.5114683
994.5114682
994.5114679
994.5114678
994.5114678
994.5114679
994.511468
994.5114679
994.5114681
994.5114682
994.5114683
994.5114683
994.5114682
994.5114682
994.5114681
994.511468
994.5114681
994.5108455
994.5114684
994.5114688
994.511469
994.511469
994.5114691
994.5114689
994.5114689
994.5114686
994.5114682
994.5114676
994.511468
994.5114683
994.5114685
994.5114681
994.5114687
994.5114691
994.511469
994.5114687
994.5114685
994.5114687
994.5114681
994.5114685
994.5114685
994.5114684
994.5114683
994.5114681
994.5114678
994.5114677
994.511468
994.5114681
994.5114678
994.5114681
994.5114682
994.5114683
994.5114683
994.5114682
994.5114682
994.5114681
994.5114681
994.5114681
994.5114691
994.5114691
994.5114691
994.5114691
994.5114687
994.5114685
994.5114681
994.5114685
994.5114685
994.5114688
994.511468
994.5114685
994.5114691
994.5114691
994.511469
994.5114688
994.5114688
994.5114686
994.5114686
994.5114685
994.5114685
994.5114684
994.5114682
994.5114678
994.5114675
994.5114679
994.5114679
994.5114672
994.5114679
994.5114681
994.5114682
994.5114682
994.5114682
994.5114681
994.5114681
994.511468
994.5114681
994.5114695
994.5114691
994.5114688
994.5114689
994.5114684
994.511469
994.511469
994.511469
994.5114688
994.5114688
994.511469
994.5114692
994.5114693
994.5114691
994.5114688
994.5114689
994.5114686
994.5114685
994.5114685
994.5114684
994.5114683
994.511468
994.5114674
994.5114664
994.5114656
994.5114656
994.5114667
994.5114676
994.5114679
994.511468
994.511468
994.5114679
994.5114678
994.5114678
994.511468
994.5114691
994.5114691
994.5114691
994.5114688
994.5114691
994.5114692
994.5114691
994.5114693
994.5114691
994.5114685
994.5114691
994.5114694
994.5114694
994.5114692
994.511469
994.5114687
994.5114685
994.5114684
994.5114684
994.5114683
994.5114681
994.5114675
994.5114658
994.511463
994.5114642
994.5114668
994.5114677
994.511468
994.511468
994.5114679
994.5114678
994.5114676
994.5114675
994.511468
994.5114693
994.5114698
994.5114692
994.5114692
994.5114693
994.5114693
994.5114691
994.5114692
994.511469
994.5114674
994.511469
994.5114696
994.5114694
994.5114689
994.5114687
994.5114685
994.5114684
994.5114684
994.5114684
994.5114684
994.5114682
994.5114678
994.5114669
994.5114658
994.5114661
994.5114673
994.5114678
994.5114679
994.5114679
994.5114677
994.5114675
994.5114671
994.5114671
994.511468
994.5114703
994.5114696
994.5114692
994.5114693
994.5114695
994.5114694
994.5114693
994.5114692
994.5114692
994.5114696
994.5114697
994.5114693
994.5114682
994.5114682
994.5114683
994.5114683
994.5114683
994.5114684
994.5114683
994.5114682
994.5114681
994.5114675
994.511467
994.511467
994.5114677
994.5114679
994.5114679
994.5114678
994.5114677
994.5114675
994.5114668
994.5114672
994.511468
994.5114699
994.5114692
994.5114693
994.5114694
994.51147
994.5114694
994.5114692
994.5114692
994.5114691
994.5114694
994.5114695
994.5114693
994.5114682
994.5114682
994.5114683
994.5114683
994.5114683
994.5114683
994.5114683
994.5114682
994.5114681
994.5114679
994.5114677
994.5114675
994.5114679
994.5114681
994.5114681
994.5114681
994.511468
994.5114679
994.5114673
994.5114674
994.511468
994.5114695
994.5114691
994.5114692
994.5114697
994.5114704
994.5114695
994.5114694
994.5114694
994.5114692
994.5114693
994.5114693
994.5114692
994.5114682
994.5114681
994.5114683
994.5114683
994.5114683
994.5114683
994.5114683
994.5114682
994.5114682
994.5114681
994.511468
994.5114677
994.5114681
994.5114682
994.5114682
994.5114682
994.5114682
994.5114681
994.5114677
994.5114676
994.511468
994.5114691
994.5114692
994.5114696
994.5114697
994.5114697
994.5114694
994.5114691
994.5114691
994.5114692
994.5114693
994.5114693
994.5114683
994.511468
994.5114683
994.5114683
994.5114683
994.5114683
994.5114682
994.5114682
994.5114682
994.5114682
994.5114681
994.5114676
994.5114682
994.5114683
994.5114683
994.5114683
994.5114682
994.5114682
994.511468
994.5114677
994.511468
994.5114696
994.5114697
994.5114698
994.5114699
994.5114697
994.5114692
994.511469
994.5114692
994.5114693
994.5114691
994.5114684
994.5114677
994.5114683
994.5114683
994.5114683
994.5114683
994.5114683
994.5114683
994.5114682
994.5114682
994.5114682
994.5114679
994.5114682
994.5114683
994.5114683
994.5114683
994.5114683
994.5114683
994.5114681
994.5114678
994.511468
994.5114697
994.5114696
994.5114697
994.5114699
994.5114697
994.5114694
994.5114692
994.5114692
994.5114689
994.5114687
994.5114686
994.5114673
994.511468
994.5114684
994.5114683
994.5114683
994.5114683
994.5114683
994.5114683
994.5114682
994.5114682
994.5114679
994.5114682
994.5114683
994.5114683
994.5114683
994.5114683
994.5114683
994.5114682
994.5114679
994.5114679
994.5114696
994.5114696
994.5114699
994.5114699
994.5114699
994.5114697
994.5114694
994.5114697
994.5114691
994.5114689
994.5114688
994.5114685
994.5114683
994.5114684
994.5114684
994.5114682
994.511468
994.5114676
994.5114673
994.5114674
994.5114676
994.5114677
994.511468
994.5114682
994.5114683
994.5114683
994.5114682
994.5114681
994.5114677
994.5114677
994.5114679
994.5114698
994.5114697
994.5114696
994.511469
994.5114689
994.511469
994.5114687
994.5114684
994.5114684
994.5114684
994.5114683
994.5114682
994.511468
994.5114677
994.5114676
994.5114676
994.5114677
994.511468
994.5114682
994.5114682
994.5114682
994.5114682
994.511468
994.5114675
994.5114677
994.5114679
994.51147
994.5114699
994.5114697
994.5114691
994.5114691
994.5114689
994.5114685
994.5114684
994.5114684
994.5114684
994.5114684
994.5114684
994.5114683
994.5114681
994.5114679
994.5114677
994.5114678
994.511468
994.5114682
994.5114682
994.5114682
994.5114681
994.511468
994.5114675
994.5114678
994.511468
)
;

boundaryField
{
    walls
    {
        type            zeroGradient;
    }
    wallFilmFace_top
    {
        type            zeroGradient;
    }
    region0_to_wallFilmRegion_wallFilmFace
    {
        type            zeroGradient;
    }
    mirrorFace_top
    {
        type            zeroGradient;
    }
    region0_to_wallFilmRegion_mirrorFace
    {
        type            zeroGradient;
    }
    procBoundary0to1
    {
        type            processor;
        value           nonuniform List<scalar> 
52
(
994.5114681
994.5114681
994.5114681
994.5114681
994.5114681
994.5114681
994.511468
994.511468
994.5114679
994.5114674
994.511467
994.5114664
994.5114664
994.5114655
994.511466
994.511466
994.5114643
994.5114633
994.5114618
994.5114598
994.5114598
994.5114634
994.5107424
994.5107424
994.5114685
994.5114687
994.511469
994.5114692
994.5114692
994.5114691
994.5114692
994.5114692
994.5114692
994.5114692
994.5114692
994.5114696
994.5114696
994.5114694
994.5114693
994.5114692
994.5114692
994.5114694
994.5114694
994.5114696
994.5114697
994.5114697
994.5114694
994.5114699
994.51147
994.51147
994.51147
994.5114702
)
;
    }
    procBoundary0to2
    {
        type            processor;
        value           nonuniform List<scalar> 
26
(
994.5114697
994.5114699
994.5114697
994.5114695
994.5114692
994.5114689
994.5114685
994.5114684
994.5114684
994.5114684
994.5114683
994.5114679
994.5114671
994.5114671
994.5114674
994.5114677
994.511468
994.511468
994.5114682
994.5114682
994.5114683
994.5114683
994.5114683
994.5114681
994.5114679
994.511468
)
;
    }
}


// ************************************************************************* //
