/*--------------------------------*- C++ -*----------------------------------*\
  =========                 |
  \\      /  F ield         | OpenFOAM: The Open Source CFD Toolbox
   \\    /   O peration     | Website:  https://openfoam.org
    \\  /    A nd           | Version:  8
     \\/     M anipulation  |
\*---------------------------------------------------------------------------*/
FoamFile
{
    version     2.0;
    format      ascii;
    class       volScalarField;
    location    "0.9/wallFilmRegion";
    object      rho;
}
// * * * * * * * * * * * * * * * * * * * * * * * * * * * * * * * * * * * * * //

dimensions      [1 -3 0 0 0 0 0];

internalField   nonuniform List<scalar> 
1369
(
994.5114678
994.5114675
994.5114671
994.5114667
994.5114669
994.5114671
994.5114668
994.5114678
994.5114675
994.5114667
994.5114655
994.5114653
994.5114653
994.5114659
994.5114682
994.5114667
994.5114674
994.5114679
994.5114678
994.5114674
994.5114658
994.5114642
994.5114643
994.5114655
994.5114679
994.5114684
994.5114675
994.5114679
994.5114682
994.5114684
994.5114684
994.5114678
994.5114676
994.511466
994.5114645
994.5114658
994.5114681
994.5114684
994.5114684
994.5114684
994.5114683
994.5114684
994.5114684
994.5114684
994.5114683
994.5114683
994.5114682
994.5114678
994.5114678
994.5114674
994.5114662
994.511465
994.5114661
994.5114674
994.511468
994.5114684
994.5114682
994.5114683
994.5114684
994.5114684
994.5114683
994.5114683
994.5114681
994.5114664
994.5114661
994.511466
994.5114662
994.5114678
994.5114669
994.5114652
994.5114656
994.5114673
994.511468
994.5114682
994.5114683
994.5114683
994.5114684
994.5114684
994.5114684
994.5114683
994.5114683
994.5114682
994.5114668
994.5114672
994.5114673
994.5114672
994.5114637
994.5114606
994.5114668
994.5114665
994.5114678
994.5114671
994.5114655
994.5114671
994.5114679
994.5114682
994.5114683
994.5114684
994.5114684
994.5114684
994.5114684
994.5114683
994.5114683
994.5114683
994.5114682
994.5114674
994.511468
994.5114682
994.5114681
994.5114615
994.5114598
994.5114683
994.5114688
994.5114691
994.5114691
994.5114678
994.5114668
994.5114665
994.5114679
994.5114682
994.5114683
994.5114684
994.5114684
994.5114684
994.5114684
994.5114684
994.5114683
994.5114683
994.5114683
994.5114683
994.5114677
994.5114684
994.5114688
994.5114686
994.5114534
994.5114626
994.5114687
994.5114689
994.5114692
994.5114684
994.5114658
994.5114678
994.5114672
994.5114677
994.5114682
994.5114683
994.5114683
994.5114684
994.5114684
994.5114684
994.5114684
994.5114683
994.5114683
994.5114683
994.5114683
994.5114683
994.5114678
994.5114683
994.5114688
994.511469
994.5114691
994.511469
994.511469
994.511469
994.5114696
994.5114681
994.5114685
994.5114678
994.5114679
994.5114681
994.5114682
994.5114683
994.5114684
994.5114684
994.5114684
994.5114683
994.5114683
994.5114683
994.5114683
994.5114683
994.5114683
994.5114683
994.5114675
994.5114679
994.511468
994.5114684
994.5114695
994.5114697
994.5114697
994.5114698
994.5114676
994.5114675
994.5114689
994.5114692
994.5114678
994.511468
994.5114681
994.5114682
994.5114683
994.5114684
994.5114684
994.5114684
994.5114683
994.5114683
994.5114683
994.5114682
994.5114682
994.5114682
994.5114678
994.5114648
994.5114524
994.5114359
994.5114656
994.5114662
994.511467
994.5114677
994.5114693
994.5114696
994.5114646
994.5114689
994.511469
994.5114678
994.5114672
994.5114674
994.5114679
994.5114682
994.5114683
994.5114683
994.5114682
994.5114672
994.5114678
994.5114681
994.5114682
994.5114683
994.5114682
994.5114682
994.5114681
994.5114683
994.511468
994.5114677
994.5114675
994.5114676
994.5114686
994.5114696
994.5114696
994.5114582
994.5114684
994.5114685
994.5114678
994.5114671
994.5114673
994.5114676
994.511468
994.5114682
994.5114682
994.5114681
994.5114666
994.5114675
994.5114679
994.5114681
994.5114682
994.5114683
994.5114682
994.5114681
994.5114684
994.5114683
994.5114682
994.5114681
994.511468
994.5114686
994.5114693
994.5114693
994.5114596
994.511468
994.5114686
994.5114692
994.5114679
994.5114677
994.5114678
994.5114677
994.5114678
994.511468
994.5114682
994.5114681
994.511466
994.5114673
994.5114678
994.5114681
994.5114682
994.5114682
994.5114682
994.5114615
994.5114674
994.5114671
994.5114673
994.5114676
994.5114678
994.511468
994.5114686
994.5114687
994.511468
994.5114684
994.5114686
994.5114691
994.511461
994.5114679
994.5114679
994.511468
994.511468
994.5114678
994.5114677
994.511468
994.5114679
994.5114643
994.5114663
994.5114674
994.5114679
994.5114681
994.5114682
994.5114681
994.5114608
994.5114661
994.5114652
994.5114665
994.5114674
994.5114674
994.511467
994.5114684
994.5114684
994.5114681
994.5114683
994.5114686
994.511469
994.5114422
994.5114679
994.5114681
994.5114681
994.5114681
994.511468
994.5114676
994.5114674
994.5114674
994.5114654
994.5114661
994.511467
994.5114676
994.5114679
994.511468
994.511468
994.5114675
994.5114669
994.5114661
994.511468
994.5114682
994.5114679
994.5114675
994.5114675
994.5114678
994.5114677
994.5114679
994.5114667
994.511468
994.5114648
994.5114679
994.5114681
994.5114681
994.5114681
994.511468
994.5114678
994.5114672
994.5114671
994.5114669
994.5114673
994.5114676
994.5114678
994.5114678
994.5114676
994.5114676
994.5114668
994.5114676
994.5114675
994.5114672
994.5114671
994.5114674
994.5114676
994.5114678
994.5114679
994.5114679
994.5114678
994.5114677
994.5114674
994.5114667
994.5114522
994.5114641
994.5108283
994.5108814
994.5114683
994.5114679
994.5114681
994.5114681
994.5114681
994.5114681
994.5114681
994.511468
994.5114678
994.5114678
994.5114679
994.511468
994.5114681
994.511468
994.511467
994.511466
994.5114653
994.511465
994.5114643
994.5114633
994.5114621
994.5114616
994.5114607
994.511459
994.5114561
994.5114571
994.5114673
994.511467
994.5114667
994.5114665
994.5114662
994.511462
994.5114541
994.5113901
994.511468
994.511468
994.5114681
994.5114681
994.511468
994.511468
994.511468
994.5114681
994.5114681
994.511468
994.5114681
994.5114682
994.5114683
994.5114682
994.5114666
994.5114635
994.511463
994.5114629
994.5114631
994.5114632
994.5114642
994.5114663
994.5114674
994.511468
994.511465
994.5114575
994.5114672
994.5114679
994.5114688
994.5114689
994.5114682
994.5114631
994.5114653
994.5114651
994.5114644
994.5114681
994.5114681
994.511468
994.5114679
994.5114676
994.511467
994.5114669
994.5114681
994.5114682
994.5114682
994.5114683
994.5114684
994.5114684
994.5114663
994.5114624
994.5114619
994.5114622
994.5114631
994.5114639
994.5114643
994.5114655
994.5114678
994.5114684
994.5114675
994.5114642
994.5114672
994.5114681
994.5114683
994.5114662
994.511466
994.5114658
994.5114661
994.5114675
994.511468
994.5114681
994.511468
994.511468
994.5114679
994.5114679
994.511468
994.5114681
994.5114681
994.5114682
994.5114684
994.5114685
994.5114685
994.5114669
994.5114614
994.5114607
994.5114611
994.5114628
994.5114643
994.5114652
994.5114662
994.511468
994.5114686
994.5114681
994.511466
994.5114671
994.5114678
994.5114671
994.511467
994.5114673
994.5114672
994.5114663
994.511468
994.5114681
994.5114681
994.511468
994.5114678
994.5114678
994.5114678
994.511468
994.5114682
994.5114684
994.5114685
994.5114685
994.5114685
994.5114682
994.5114607
994.5114587
994.5114575
994.5114611
994.511464
994.5114652
994.5114655
994.511468
994.5114688
994.5114684
994.5114625
994.511467
994.5114676
994.5114673
994.5114671
994.5114675
994.5114669
994.5114669
994.511468
994.5114681
994.5114681
994.5114681
994.5114681
994.5114683
994.5114685
994.5114686
994.5114687
994.5114686
994.5114684
994.5114681
994.5114676
994.5114607
994.5114598
994.5114557
994.5114363
994.5114562
994.5114625
994.5114652
994.5114646
994.5114679
994.511469
994.5114687
994.5114605
994.5114666
994.5114677
994.5114675
994.5114669
994.5114683
994.5114687
994.5114688
994.511468
994.5114682
994.5114682
994.5114682
994.5114683
994.5114683
994.5114682
994.511468
994.5114675
994.511466
994.5114643
994.5114637
994.5114649
994.5114594
994.5114619
994.511464
994.5114658
994.5114667
994.5114673
994.5114677
994.5114678
994.511468
994.511469
994.5114688
994.5114676
994.5114662
994.5114678
994.5114677
994.5114672
994.5114677
994.5114685
994.5114682
994.5114682
994.5114683
994.5114683
994.5114683
994.5114683
994.5114681
994.5114678
994.5114673
994.5114664
994.5114652
994.5114637
994.5114623
994.5114593
994.5114652
994.5114668
994.5114674
994.5114675
994.5114674
994.5114671
994.5114666
994.5114686
994.5114692
994.5114688
994.5114689
994.5114665
994.5114679
994.5114683
994.5114691
994.5114701
994.5114702
994.5114684
994.5114683
994.5114683
994.5114684
994.5114684
994.5114683
994.5114682
994.511468
994.5114679
994.5114676
994.5114672
994.5114666
994.5114657
994.5114651
994.5114667
994.511467
994.5114027
994.5114581
994.5114672
994.5114681
994.5114349
994.5114688
994.5114693
994.5114693
994.5114696
994.5114688
994.5114682
994.5114689
994.5114701
994.5114706
994.5114695
994.5114684
994.5114682
994.5114683
994.5114684
994.5114684
994.5114685
994.5114685
994.5114686
994.5114686
994.5114686
994.5114686
994.5114686
994.5114684
994.511468
994.5114651
994.5114599
994.511451
994.5114669
994.5114681
994.5114683
994.511344
994.5114686
994.5114689
994.5114692
994.5114706
994.5114719
994.5114717
994.5114716
994.5114717
994.5114702
994.5114687
994.5114682
994.5114682
994.5114683
994.5114684
994.5114685
994.5114685
994.5114686
994.5114687
994.5114689
994.5114692
994.5114694
994.5114692
994.5114684
994.5114655
994.511459
994.5114579
994.5114666
994.5114679
994.5114682
994.5114684
994.5114666
994.5114568
994.511469
994.5114689
994.5114688
994.5114717
994.5114718
994.5114711
994.5114728
994.5114697
994.5114687
994.511468
994.511468
994.5114682
994.5114683
994.5114684
994.5114685
994.5114686
994.5114686
994.5114687
994.5114689
994.5114689
994.5114684
994.5114664
994.5114592
994.5114532
994.5114633
994.5114672
994.5114679
994.5114683
994.5114684
994.5114555
994.5114579
994.5114688
994.5114687
994.5114687
994.5114696
994.5114704
994.511471
994.5114712
994.5114694
994.5114688
994.5114679
994.5114677
994.511468
994.5114682
994.5114683
994.5114684
994.5114685
994.5114685
994.5114686
994.5114687
994.5114689
994.511469
994.5114683
994.5114652
994.511458
994.5114624
994.5114668
994.5114679
994.5114683
994.5114684
994.5114609
994.5114583
994.5114665
994.5114684
994.5114688
994.5114692
994.5114706
994.5114701
994.5114697
994.5114691
994.5114687
994.5114679
994.5114675
994.5114679
994.5114681
994.5114682
994.5114683
994.5114683
994.5114682
994.5114674
994.5114654
994.5114654
994.5114661
994.5114666
994.5114665
994.5114652
994.511463
994.5114649
994.511465
994.5114659
994.5114684
994.5114667
994.511465
994.5114666
994.5114681
994.5114685
994.5114688
994.5114702
994.5114695
994.5114691
994.5114688
994.5114687
994.5114679
994.5114675
994.5114677
994.511468
994.5114681
994.5114681
994.511468
994.5114677
994.5114669
994.5114661
994.5114659
994.511466
994.5114658
994.5114665
994.5114681
994.5114683
994.5114684
994.5114684
994.5114684
994.5114684
994.5114684
994.5114683
994.5114682
994.5114677
994.5114682
994.511469
994.5114694
994.5114694
994.511469
994.5114689
994.5114688
994.5114679
994.5114677
994.5114679
994.5114681
994.5114682
994.5114682
994.5114682
994.511468
994.5114677
994.5114673
994.5114672
994.5114678
994.5114682
994.5114683
994.5114684
994.5114684
994.5114684
994.5114684
994.5114684
994.5114684
994.5114684
994.5114683
994.5114682
994.5114681
994.5114681
994.5114682
994.5114684
994.5114691
994.511469
994.5114689
994.5114689
994.511468
994.5114681
994.5114684
994.5114686
994.5114687
994.5114687
994.5114688
994.5114688
994.5114687
994.5114685
994.5114677
994.5114677
994.5114682
994.5114683
994.5114684
994.5114684
994.5114684
994.5114684
994.5114684
994.5114684
994.5114683
994.5114682
994.5114682
994.5114681
994.511468
994.511468
994.511468
994.5114685
994.5114688
994.5114688
994.5114689
994.5114679
994.5114678
994.511468
994.5114682
994.5114682
994.5114683
994.5114685
994.5114686
994.5114686
994.5114685
994.5114678
994.5114674
994.5114679
994.5114682
994.5114683
994.5114684
994.5114684
994.5114684
994.5114684
994.5114684
994.5114682
994.5114682
994.5114682
994.5114681
994.511468
994.511468
994.511468
994.5114672
994.5114683
994.5114686
994.5114688
994.511468
994.511468
994.5114681
994.5114682
994.5114681
994.5114681
994.5114682
994.5114684
994.5114685
994.5114685
994.5114681
994.5114674
994.5114674
994.5114679
994.5114681
994.5114683
994.5114683
994.5114683
994.5114684
994.5114684
994.5114681
994.5114682
994.5114682
994.5114681
994.511468
994.5114679
994.511468
994.5114679
994.5114681
994.5114683
994.5114684
994.5114679
994.5114679
994.5114681
994.5114681
994.5114681
994.5114681
994.5114681
994.5114683
994.5114685
994.5114685
994.5114684
994.5114681
994.5114678
994.5114672
994.5114676
994.511468
994.5114682
994.5114683
994.5114683
994.5114683
994.511468
994.5114682
994.5114682
994.511468
994.5114679
994.5114678
994.511468
994.511468
994.511468
994.5114681
994.5114681
994.5114683
994.5114679
994.5114681
994.5114681
994.5114681
994.5114681
994.5114681
994.5114682
994.5114683
994.5114685
994.5114685
994.5114685
994.5114685
994.5114675
994.5114673
994.5114674
994.5114679
994.5114681
994.5114682
994.5114682
994.511468
994.5114681
994.511468
994.5114678
994.5114675
994.5114676
994.5114679
994.511468
994.5114679
994.5114679
994.5114679
994.511468
994.511468
994.5114681
994.5114681
994.5114681
994.5114681
994.5114681
994.5114682
994.5114682
994.5114683
994.5114684
994.5114686
994.5114687
994.5114677
994.5114676
994.5114674
994.5114676
994.511468
994.5114682
994.5114682
994.5114679
994.511468
994.5114677
994.5114672
994.5114668
994.5114675
994.5114679
994.511468
994.5114679
994.5114678
994.5114677
994.5114679
994.511468
994.5114681
994.5114681
994.5114681
994.5114682
994.5114681
994.5114681
994.5114681
994.5114682
994.5114683
994.5114686
994.5114688
994.5114678
994.5114675
994.5114672
994.5114674
994.5114681
994.5114682
994.5114681
994.5114678
994.5114677
994.5114674
994.5114667
994.5114658
994.5114673
994.5114678
994.511468
994.5114679
994.5114678
994.5114676
994.5114679
994.511468
994.5114681
994.5114681
994.5114681
994.5114682
994.5114681
994.5114681
994.5114681
994.511468
994.511468
994.5114684
994.5114687
994.5114679
994.5114681
994.5114682
994.5114683
994.5114684
994.5114684
994.5114681
994.5114681
994.5114681
994.5114679
994.511467
994.5114654
994.5114673
994.5114676
994.5114678
994.5114679
994.5114682
994.5114686
994.5114679
994.511468
994.5114681
994.5114681
994.5114681
994.5114681
994.5114681
994.5114681
994.5114681
994.5114679
994.5114677
994.5114681
994.5114686
994.5114678
994.5114682
994.5114683
994.5114683
994.5114684
994.5114684
994.5114682
994.5114682
994.5114681
994.5114677
994.5114664
994.5114648
994.511466
994.5114673
994.5114676
994.5114677
994.511468
994.5114683
994.5114678
994.5114678
994.5114678
994.5114679
994.5114681
994.5114681
994.5114681
994.5114681
994.511468
994.5114678
994.5114675
994.5114677
994.5114684
994.5114678
994.5114681
994.5114682
994.5114683
994.5114684
994.5114684
994.5114682
994.5114681
994.5114679
994.5114673
994.5114656
994.5114645
994.5114659
994.5114653
994.5114675
994.5114676
994.5114685
994.5114682
994.5114678
994.5114676
994.5114677
994.5114677
994.5114677
994.5114681
994.5114681
994.5114681
994.511468
994.5114678
994.5114674
994.5114675
994.5114683
994.5114676
994.5114679
994.5114681
994.5114683
994.5114683
994.5114684
994.5114679
994.5114678
994.5114675
994.5114666
994.5114651
994.5114641
994.5114659
994.5114645
994.5114668
994.5114676
994.5114679
994.511468
994.5114677
994.5114676
994.5114677
994.5114677
994.5114677
994.5114677
994.511468
994.511468
994.511468
994.5114678
994.5114675
994.5114675
994.5114681
994.5114674
994.5114676
994.5114679
994.5114681
994.5114682
994.5114682
994.5114676
994.5114674
994.5114669
994.511466
994.5114647
994.5114637
994.5114659
994.5114643
994.5114645
994.5114675
994.5114677
994.5114675
994.5114677
994.5114677
994.5114678
994.5114678
994.5114678
994.5114677
994.5114677
994.5114677
994.5114679
994.5114678
994.5114675
994.5114676
994.5114678
994.511467
994.5114671
994.5114676
994.5114679
994.5114681
994.5114681
994.5114674
994.5114671
994.5114669
994.5114664
994.5114649
994.5114632
994.5114658
994.5114643
994.5114637
994.5114673
994.5114678
994.5114677
994.5114677
994.5114678
994.5114678
994.5114678
994.5114677
994.5114676
994.5114677
994.5114676
994.5114678
994.5114678
994.5114676
994.5114675
994.5114676
994.5114669
994.5114666
994.5114671
994.5114676
994.5114679
994.5114679
994.5114675
994.5114674
994.5114674
994.5114671
994.5114661
994.5114631
994.5114656
994.511465
994.5114641
994.5114676
994.5114678
994.5114678
994.5114679
994.5114679
994.5114678
994.5114677
994.5114677
994.5114678
994.5114678
994.5114678
994.5114678
994.5114679
994.5114679
994.511468
994.511468
994.511468
994.511468
994.511468
994.511468
994.5114679
994.5114679
994.5114679
994.5114679
994.5114679
994.5114678
994.5114677
994.5114668
994.5114663
994.5114678
994.5114679
994.5114679
994.5114679
994.5114679
)
;

boundaryField
{
    walls
    {
        type            zeroGradient;
    }
    wallFilmFace_top
    {
        type            zeroGradient;
    }
    region0_to_wallFilmRegion_wallFilmFace
    {
        type            zeroGradient;
    }
    mirrorFace_top
    {
        type            zeroGradient;
    }
    region0_to_wallFilmRegion_mirrorFace
    {
        type            zeroGradient;
    }
    procBoundary1to0
    {
        type            processor;
        value           nonuniform List<scalar> 
52
(
994.5114678
994.5114674
994.5114673
994.5114672
994.5114676
994.5114679
994.5114676
994.5114663
994.5114663
994.5114661
994.5114668
994.5114673
994.5114681
994.5114681
994.5114682
994.5114684
994.5114684
994.5114683
994.5114683
994.5114682
994.5114674
994.5114674
994.5114673
994.5114641
994.5114641
994.5114617
994.5114646
994.511466
994.5114691
994.5114691
994.5114692
994.5114679
994.5114679
994.511466
994.5114674
994.5114674
994.5114696
994.5114694
994.5114693
994.5114693
994.5114696
994.5114696
994.5114697
994.5114693
994.511466
994.511466
994.5114688
994.5114657
994.5111862
994.5114681
994.5114688
994.5114684
)
;
    }
    procBoundary1to2
    {
        type            processor;
        value           nonuniform List<scalar> 
33
(
994.5114672
994.511468
994.511468
994.5114681
994.5114681
994.5114685
994.5114688
994.5114688
994.5114688
994.5114692
994.511469
994.511469
994.5114654
994.5114671
994.5114677
994.5114688
994.5114687
994.5114688
994.5114688
994.5114687
994.5114681
994.5114679
994.5114678
994.5114676
994.5114674
994.5114673
994.5114674
994.5114685
994.5114687
994.5114681
994.5114675
994.5114673
994.511468
)
;
    }
}


// ************************************************************************* //
