/*--------------------------------*- C++ -*----------------------------------*\
  =========                 |
  \\      /  F ield         | OpenFOAM: The Open Source CFD Toolbox
   \\    /   O peration     | Website:  https://openfoam.org
    \\  /    A nd           | Version:  8
     \\/     M anipulation  |
\*---------------------------------------------------------------------------*/
FoamFile
{
    version     2.0;
    format      ascii;
    class       volVectorField;
    location    "1/wallFilmRegion";
    object      U;
}
// * * * * * * * * * * * * * * * * * * * * * * * * * * * * * * * * * * * * * //

dimensions      [0 1 -1 0 0 0 0];

internalField   nonuniform List<vector> 
1369
(
(0.07030191871 -0.05604168964 0)
(-0.1286293734 -0.1071679248 0)
(-0.3265583024 -0.1564439485 0)
(-0.4661068527 -0.2621352349 0)
(-0.52533574 -0.3712927152 0)
(-0.5502272902 -0.4095326348 0)
(-0.5757124136 -0.4047364695 0)
(-0.705316354 -0.4642290177 0)
(-0.7847871201 -0.4716721696 0)
(-0.8307366916 -0.4658875383 0)
(-0.8861497896 -0.4590366091 0)
(-0.9556718355 -0.4526915497 0)
(-1.039737129 -0.4459296296 0)
(-1.135415275 -0.4374957335 0)
(-1.237721858 -0.4261396933 0)
(-1.339819702 -0.4104563773 0)
(-1.430749051 -0.3883770066 0)
(-1.488895994 -0.3573680269 0)
(-1.467190642 -0.3194367526 0)
(-1.326582984 -0.2953802684 0)
(-1.192250554 -0.3002077018 0)
(-1.245096111 -0.2965238259 0)
(-0.6047838293 -0.3274048313 0)
(-0.5931322847 -0.3759343567 0)
(-0.6372616321 -0.4106820715 0)
(-0.6751330246 -0.4431929109 0)
(-0.7017819959 -0.4716503822 0)
(-0.7214234808 -0.4953758847 0)
(-0.7370351109 -0.5144467486 0)
(-0.7446215774 -0.5177788523 0)
(-0.7383402325 -0.4671830237 0)
(-0.7290229609 -0.3303845944 0)
(-0.6728201832 0.003341121328 0)
(-0.803317066 0.3202867184 0)
(-0.9182780021 0.4374891595 0)
(-0.9842617255 0.4396572385 0)
(-0.9886506561 0.395628966 0)
(-0.970998963 0.350796598 0)
(-0.954011683 0.3158529968 0)
(-0.9530211693 0.2967766024 0)
(-0.9759873121 0.2964041053 0)
(-1.018913651 0.3097732159 0)
(-1.072030735 0.3315492066 0)
(-1.124626322 0.3603152502 0)
(-1.166806932 0.395677674 0)
(-1.190746385 0.4356925147 0)
(-1.192505021 0.4761334372 0)
(-1.172650868 0.5129606944 0)
(-1.135781696 0.5438610041 0)
(-1.08866656 0.5688884612 0)
(-1.038344282 0.5893823103 0)
(-0.9900032264 0.6068384946 0)
(-0.9467110175 0.619685701 0)
(-0.8796649985 0.6274757417 0)
(-0.7943925065 0.588218808 0)
(-0.7510675664 0.5096438537 0)
(-0.6912418824 0.3211931197 0)
(-0.5257573527 0.1198258498 0)
(-0.1892602455 0.05002270998 0)
(0.1039111022 0.01683679245 0)
(0.060979588 0.0813686974 0)
(0.2313920899 0.1572580199 0)
(0.3843422386 0.09641251433 0)
(0.5097574973 -0.2235284811 0)
(0.5558310035 -0.3042175402 0)
(0.5609433834 -0.1230678557 0)
(-0.04739031731 -0.0351870908 0)
(0.1671334695 -0.3061359303 0)
(0.7972854892 -0.8518359967 0)
(0.8416842698 -0.8782290092 0)
(0.896224991 -0.8714976165 0)
(0.7871425984 -0.8350295403 0)
(0.5489069335 -0.7699460408 0)
(0.2797142243 -0.7118459373 0)
(-0.01949988668 -0.6618613696 0)
(-0.3176325757 -0.6194660402 0)
(-0.578428706 -0.5836540741 0)
(-0.7899176526 -0.5611271097 0)
(-1.097071552 -0.670739796 0)
(-1.694523325 -0.7829691155 0)
(-2.167782481 -0.5846616198 0)
(-2.513478424 -0.3276256866 0)
(-0.6268902819 0.1212967582 0)
(0.4608719702 -0.2735030379 0)
(0.6513480587 -0.3766567626 0)
(0.6927100837 -0.4229641214 0)
(0.7213742207 -0.4583316525 0)
(0.739262313 -0.4889749153 0)
(0.7483972335 -0.5093084597 0)
(0.7489988154 -0.4973688698 0)
(0.7317974359 -0.4129122818 0)
(0.6769976373 -0.2058143528 0)
(0.5938534123 0.08410875546 0)
(0.6730751521 0.1554328375 0)
(0.9064893617 0.01213718739 0)
(0.9890787262 0.06529052132 0)
(1.004825468 0.3081827608 0)
(0.9833014586 0.3191796551 0)
(0.9690910105 0.2825893284 0)
(0.9716114777 0.2638422098 0)
(0.9924253583 0.2567560564 0)
(1.031810476 0.2936200703 0)
(1.082233551 0.3753749099 0)
(1.132932899 0.4856125018 0)
(1.174021046 0.5767789891 0)
(1.197636095 0.6229397997 0)
(1.199911762 0.6365558648 0)
(1.181457719 0.6433989218 0)
(1.146669398 0.648824454 0)
(1.10185126 0.6541911686 0)
(1.053641576 0.6632083859 0)
(1.006802761 0.6790532729 0)
(0.9639576074 0.7051760042 0)
(0.06033894518 0.6479583319 0)
(-0.04146007471 0.1894464996 0)
(0.6205749397 0.2787007206 0)
(0.7342245365 0.2861477935 0)
(0.5578653606 -0.08782860297 0)
(0.1937901797 -0.1937783003 0)
(0.03365071345 -0.06739045026 0)
(-0.1085673725 -0.121732662 0)
(0.1447907795 0.2442051026 0)
(0.2446124038 0.1821413619 0)
(0.2702495196 0.135978608 0)
(0.2331367047 -0.08713402092 0)
(0.06674042251 -0.08790010733 0)
(-0.165243088 0.06383849637 0)
(-0.195169543 0.05382603112 0)
(-0.2120038336 -0.2087892669 0)
(-0.955467998 -1.110830934 0)
(-1.015558135 -1.017074958 0)
(-1.037209659 -0.9179677984 0)
(-1.048704167 -0.8249747475 0)
(-1.055327297 -0.7460485848 0)
(-1.060399749 -0.6822342413 0)
(-1.06552243 -0.6316194275 0)
(-1.072533311 -0.6248653146 0)
(-1.140198727 -0.8859338874 0)
(-1.371681766 -1.137490731 0)
(-1.645581519 -1.008294219 0)
(-1.87959296 -0.6868861686 0)
(-2.070105005 -0.3507649616 0)
(-1.393590367 0.4389726784 0)
(-0.2377194443 0.09605699732 0)
(0.118236919 -0.2104955529 0)
(0.151696507 -0.2664937363 0)
(0.3216191137 -0.3363345626 0)
(0.5490215452 -0.3542163083 0)
(0.5528493425 -0.2800258021 0)
(0.3448180701 -0.1481425426 0)
(0.03177900782 0.003281422201 0)
(0.1916937294 -0.1649159264 0)
(-0.0007252571705 -0.2038978425 0)
(-0.09010926535 -0.2379976206 0)
(-0.1298940432 -0.2831544951 0)
(-0.1376364077 -0.3034455559 0)
(-0.1313705068 -0.3082529414 0)
(0.06317921904 -0.367982652 0)
(0.4732419824 -0.2442375282 0)
(0.640990174 0.0342215083 0)
(0.7355758148 0.08503988871 0)
(0.4065437482 0.2224243881 0)
(0.1324778148 0.3315838231 0)
(-0.07945103298 0.4329723855 0)
(-0.1845631479 0.5185721119 0)
(-0.169601695 0.5874489119 0)
(0.02762128915 0.644388922 0)
(0.2105712234 0.6853286507 0)
(0.2975382717 0.7146822205 0)
(0.2788660233 0.8602224029 0)
(0.2515325371 0.8309257666 0)
(0.1507976591 0.8252052431 0)
(-0.03470100935 0.8297458203 0)
(-0.4998832369 0.4569825141 0)
(-0.2464697651 -0.03191532164 0)
(-0.05580508931 -0.09740797289 0)
(0.09635858979 -0.1880369624 0)
(0.07908196833 -0.2044840105 0)
(-0.01353714281 -0.1939589254 0)
(-0.1693200895 0.04661605995 0)
(-0.04131680433 -0.3970123364 0)
(0.1859697639 0.4214418948 0)
(0.2301520116 0.2756057796 0)
(0.2388554671 0.240026195 0)
(0.2099704805 0.2166647459 0)
(0.1185642162 0.179479082 0)
(0.02068790628 0.1806562748 0)
(-0.07032341939 0.1848569845 0)
(-0.09933647363 0.1461109301 0)
(-0.8410836334 -1.120021299 0)
(-0.9580851323 -1.143688469 0)
(-1.000568723 -1.029910174 0)
(-1.020620054 -0.9097189373 0)
(-1.030320249 -0.8046800058 0)
(-1.035931462 -0.7204688972 0)
(-1.038735869 -0.6941386321 0)
(-1.058418284 -1.090164478 0)
(-1.151704325 -1.506802904 0)
(-1.28509148 -1.47220864 0)
(-1.415575032 -1.158161438 0)
(-1.54052715 -0.7593752037 0)
(-1.634356839 -0.3507146776 0)
(-1.378749232 0.5021497519 0)
(-0.8111734788 0.5187767373 0)
(-0.1721803306 -0.03355958975 0)
(-0.142567369 -0.09085317129 0)
(-0.1764510593 -0.2015765708 0)
(-0.0192524698 -0.332851029 0)
(0.3329333612 -0.26697276 0)
(-0.4630537354 0.187021326 0)
(-0.4271062581 0.1437399755 0)
(-0.22217254 0.04522040039 0)
(0.1234112988 -0.1894086069 0)
(-0.3378357892 -0.2469309986 0)
(-1.83932908 -0.04687440462 0)
(-0.5228225933 -0.1044357977 0)
(-0.5402133939 -0.1758992529 0)
(-0.5107003176 -0.2926547625 0)
(-0.1134546226 -0.1990540392 0)
(0.1221132497 -0.07679964517 0)
(0.2046732963 -0.04322040766 0)
(-0.2097582033 0.1282761004 0)
(-0.3857773208 0.3007168101 0)
(-0.4532828963 0.452696262 0)
(-0.4625068809 0.5440166664 0)
(-0.4633130597 0.6043706522 0)
(-0.4639934159 0.6527600611 0)
(-0.4554169445 0.6871126279 0)
(-0.4405625035 0.6971327756 0)
(-0.4845325311 0.7032157598 0)
(-0.5535817424 0.711003622 0)
(-0.6056069628 0.7264465019 0)
(-0.6672744124 0.7418469296 0)
(-0.4227745214 -0.007473363285 0)
(-0.08960120635 -0.2261615173 0)
(0.06136021452 -0.2613882764 0)
(0.07777150738 -0.2516455394 0)
(0.06189839307 -0.2172384365 0)
(0.01090662252 -0.2261430474 0)
(-0.1575409893 0.1438464721 0)
(-0.1026393852 -0.5306002869 0)
(-0.1223310523 0.5571237958 0)
(0.1054437932 0.2796991723 0)
(0.1755820096 0.2688845282 0)
(0.1641394765 0.262376891 0)
(0.09375142978 0.2553304662 0)
(0.02035342121 0.2505285901 0)
(-0.02593304346 0.2480900314 0)
(-0.03328024077 0.2316355834 0)
(-0.7048359463 -0.8821088397 0)
(-0.8447466575 -1.168870904 0)
(-0.94326063 -1.127863249 0)
(-0.9862327842 -0.9980365352 0)
(-1.00240287 -0.8702744325 0)
(-1.007500808 -0.7821578447 0)
(-0.9977796191 -1.08755802 0)
(-1.005422002 -1.686447815 0)
(-1.04130544 -1.858418254 0)
(-1.085192672 -1.656003067 0)
(-1.146473181 -1.267733884 0)
(-1.190977313 -0.8039856458 0)
(-1.225382269 -0.3499493634 0)
(-1.139152724 0.5295154125 0)
(-1.04693977 1.039747605 0)
(-0.2765321376 0.5284176088 0)
(-0.1050572474 -0.04944209371 0)
(-0.2975230868 -0.1394982684 0)
(-0.3552473921 -0.2374859907 0)
(-0.4163108598 0.1072318693 0)
(-0.437766256 0.2236100099 0)
(-0.4108612461 0.2135317011 0)
(-0.2228474656 0.06546469382 0)
(0.3344002652 -0.2043000535 0)
(-0.4210085589 -0.2196949249 0)
(-3.430350591 0.1272150192 0)
(-0.7277583042 0.03897040415 0)
(-0.7196125068 -0.06135467528 0)
(-0.5828283493 -0.1156857444 0)
(-0.3727937513 -0.05377695028 0)
(-0.1327721625 0.1442657941 0)
(0.0611190425 0.00156546816 0)
(-0.06750207753 0.06657816442 0)
(-0.1661731263 0.1830513527 0)
(-0.2663117418 0.3522993324 0)
(-0.3024047202 0.4639178487 0)
(-0.3198332178 0.5321191868 0)
(-0.3317960214 0.586617167 0)
(-0.3281243775 0.623237775 0)
(-0.3768925137 0.6502947097 0)
(-0.5058182261 0.6893538605 0)
(-0.6066450504 0.716402003 0)
(-0.6847906987 0.7179929785 0)
(-0.7578780388 0.7317740325 0)
(-0.31531529 -0.1105670553 0)
(-0.03819952996 -0.2689938159 0)
(-0.0006721816567 -0.2423778881 0)
(-0.02171897025 -0.2241785796 0)
(-0.06498916646 -0.1916193267 0)
(-0.1400594671 -0.3328022703 0)
(-0.1793243894 0.2633040249 0)
(-0.1828579685 -0.6404949824 0)
(-0.2258641434 -0.07346935248 0)
(-0.1345876102 -0.2145747192 0)
(0.1826394368 0.2322051543 0)
(0.129306089 0.1923760131 0)
(0.1295203571 0.1943373373 0)
(0.11244429 0.2147544213 0)
(0.1086979459 0.2576762954 0)
(0.06708556423 0.2429393072 0)
(-0.5911914509 -0.7594624233 0)
(-0.6563074725 -0.9520691572 0)
(-0.7939988983 -1.126551474 0)
(-0.916658715 -1.109608818 0)
(-0.9602351744 -0.9689747505 0)
(-0.9610189194 -0.9347560979 0)
(-0.9313081434 -1.416544865 0)
(-0.9136430864 -1.840975574 0)
(-0.9073215007 -1.910206078 0)
(-0.904359759 -1.710694901 0)
(-0.8887856126 -1.328283209 0)
(-0.8849120808 -0.8292766394 0)
(-0.8812755941 -0.3500706475 0)
(-0.8914998318 0.5457051007 0)
(-0.8859390759 1.131361535 0)
(-0.2578543423 0.6079269516 0)
(-0.02308254883 -0.007801094645 0)
(-0.3586153473 -0.02283606473 0)
(-0.35310545 -0.1013945941 0)
(-0.4169656799 0.2071054978 0)
(-0.4064303821 0.2709546645 0)
(-0.3598465779 0.1938089191 0)
(-0.1783521933 0.03170950071 0)
(0.5037591152 -0.1613751412 0)
(-0.3973864147 -0.389783245 0)
(-3.085670104 0.1693533437 0)
(-1.897237908 0.7954590516 0)
(-0.7169926785 0.2116284043 0)
(-0.5924272323 0.0239505594 0)
(-0.4553730303 0.05608585628 0)
(-0.1789587374 0.1837770081 0)
(-0.07326028956 0.02688758947 0)
(0.07445410994 -0.02326427892 0)
(-0.04739278791 0.1010144149 0)
(-0.1261615117 0.2488137054 0)
(-0.1474678828 0.3705192375 0)
(-0.1603620118 0.4361316824 0)
(-0.1785473561 0.4938507689 0)
(-0.2193941753 0.5554807202 0)
(-0.3729722845 0.6403511646 0)
(-0.5382156418 0.7005955225 0)
(-0.7017471424 0.6965108464 0)
(-0.7901088949 0.7136603933 0)
(-0.8659973774 0.7465524799 0)
(-0.9477460864 0.4249533864 0)
(0.03946987578 -0.1583934863 0)
(0.08748676864 -0.1167396937 0)
(0.03935128772 -0.1425137782 0)
(-0.09107851625 -0.2064746014 0)
(-0.2183045356 -0.4967868807 0)
(-0.2044857359 0.4534846708 0)
(-0.3625707324 -0.6803868768 0)
(-0.3166619911 -0.3308165172 0)
(-0.1011431176 -0.2766355851 0)
(0.04535762535 -0.1013441533 0)
(0.09291536195 0.01701259814 0)
(0.1142855226 0.1070335907 0)
(0.1356449355 0.1475984978 0)
(0.1013399867 0.1531539442 0)
(-0.5116245752 -0.5359014467 0)
(-0.5394077488 -0.61387428 0)
(-0.5353306285 -0.6875203281 0)
(-0.5736154221 -0.8506266558 0)
(-0.722414785 -1.083258427 0)
(-0.858025034 -1.08330558 0)
(-0.8823538998 -0.9217919569 0)
(-0.8895047898 -0.7292327581 0)
(-0.9351264708 -0.5404818504 0)
(-1.009131749 -0.4267383556 0)
(-1.050575265 -0.3729417483 0)
(-0.9632852549 -0.4830292026 0)
(-0.8948450541 0.4413677824 0)
(-0.5908332787 -0.3433376629 0)
(-0.9486408051 0.354699615 0)
(-1.064928556 -0.1464102117 0)
(-0.5025484994 0.1511901543 0)
(-0.09479869041 -0.008908303673 0)
(-0.1812778631 0.1076295653 0)
(-0.3385647652 0.2330318704 0)
(-0.4028253201 0.3085019417 0)
(-0.3645091339 0.2683668501 0)
(-0.3038044976 0.1606936236 0)
(-0.1197212467 -0.04433159641 0)
(0.1657596387 -0.1997476259 0)
(-1.006315721 -0.9159292844 0)
(-2.096483899 0.1807824754 0)
(-1.655753466 1.254527577 0)
(-1.125483003 1.609396197 0)
(-0.6691271609 0.8677203963 0)
(-0.4575457552 0.1430186208 0)
(-0.3313596511 0.03248732201 0)
(-0.1618280193 -0.02569177089 0)
(-0.09220963358 0.1113738269 0)
(0.1769245655 0.0005415844628 0)
(0.1513416955 0.1132720973 0)
(0.1343879251 0.1845190641 0)
(0.08042306997 0.2596010231 0)
(-0.104241321 0.4376176377 0)
(-0.2149447459 0.5315640739 0)
(-0.3799023605 0.6437013102 0)
(-0.6285431412 0.6569055376 0)
(-0.791805749 0.684916831 0)
(-0.879571149 0.7133468023 0)
(-0.9559065674 0.7557449676 0)
(-1.045533814 0.4576395689 0)
(0.07030943143 -0.01274742381 0)
(0.02300088135 0.02461532052 0)
(0.01244361161 -0.04614736014 0)
(0.01499800417 -0.08061709443 0)
(-0.134484184 -0.3521493049 0)
(-0.2979266419 0.5960842816 0)
(-0.4641183956 -0.7536516667 0)
(-1.02140432 -0.9011133799 0)
(-0.9872197441 -0.963315448 0)
(-0.8706184301 -0.8816893553 0)
(-0.751526643 -0.7667569785 0)
(-0.9732695494 -0.6166735846 0)
(-0.9505323864 -0.5139845903 0)
(-0.9575220979 -0.4831260352 0)
(-0.5652386707 -0.5169972139 0)
(-0.5421716132 -0.5481451476 0)
(-0.5014415979 -0.546974862 0)
(-0.4494793761 -0.5921942344 0)
(-0.4793658301 -0.8024639185 0)
(-0.6288900282 -1.046933372 0)
(-0.7331120194 -0.9201429948 0)
(-0.8161087747 -0.6453874117 0)
(-0.9149673716 -0.4518372289 0)
(-1.023629616 -0.3751457746 0)
(-1.070283244 -0.3182903667 0)
(-0.9029664826 -0.4762416894 0)
(-0.8877112637 0.3492872022 0)
(-0.7051179656 -0.247115291 0)
(-0.9659767494 0.2384039657 0)
(-1.140853147 -0.2519806894 0)
(-0.461763665 0.2282377794 0)
(-0.3579523041 0.1749151546 0)
(-0.3658031832 0.2391986157 0)
(-0.3841243612 0.2976459294 0)
(-0.3980077438 0.3415639843 0)
(-0.3261960066 0.2169757621 0)
(-0.2488678943 0.1823757839 0)
(-0.3336274297 -0.1248873926 0)
(-0.5115241725 -1.300598495 0)
(-0.8932364739 -1.425641304 0)
(-0.8976149219 0.183225198 0)
(-0.882584462 1.567838537 0)
(-0.8557783055 2.494995563 0)
(-0.7857141364 2.658793466 0)
(-0.5337609138 1.181816022 0)
(-0.3877201535 -0.04761104473 0)
(-0.3055448095 -0.2724426402 0)
(0.08147121039 0.2001296184 0)
(0.1379682405 0.1846673335 0)
(0.3269374802 -0.0007408227158 0)
(0.1983237608 0.1375706848 0)
(-0.04536459386 0.3231194542 0)
(-0.1651134771 0.4792677474 0)
(-0.2680510144 0.5251019943 0)
(-0.4742700877 0.5776485223 0)
(-0.703844966 0.6315361342 0)
(-0.8605498075 0.6767671544 0)
(-0.9308497999 0.703051474 0)
(-1.001540207 0.744361598 0)
(-1.089939835 0.8153589839 0)
(-0.6662162018 0.7246746195 0)
(0.08372067551 -0.02761732471 0)
(-0.08034114242 0.2039864822 0)
(-0.07002043014 0.2660905495 0)
(-0.1049509994 0.2661723691 0)
(-0.353681047 0.5768827239 0)
(-0.45598419 -0.7520650314 0)
(-1.165775498 -1.032200694 0)
(-1.244655184 -1.078980429 0)
(-1.263215245 -0.9545342113 0)
(-1.260763182 -0.8109803248 0)
(-1.262178161 -0.6601812374 0)
(-1.263435859 -0.5515620004 0)
(-1.172277412 -0.4888097223 0)
(-0.630273183 -0.4519498708 0)
(-0.5631324405 -0.5333918337 0)
(-0.510890793 -0.4795724965 0)
(-0.4170226047 -0.4564681334 0)
(-0.3649669858 -0.5554569627 0)
(-0.4120072617 -0.7787672878 0)
(-0.5838991547 -0.7442385262 0)
(-0.7422644344 -0.5060419021 0)
(-0.880330001 -0.3895744541 0)
(-1.023157872 -0.362560915 0)
(-1.05365594 -0.2951165031 0)
(0.5869185849 -0.4721492769 0)
(-0.9957452835 -0.8972607216 0)
(-1.032377185 -0.6829987951 0)
(-1.034334575 -0.4703164824 0)
(-0.9060486395 -0.2403741171 0)
(-0.3060593666 0.07245129506 0)
(-0.2819483055 0.09173112168 0)
(-0.3185843556 0.2003479203 0)
(-0.3608769904 0.292100702 0)
(-0.3797991826 0.2633310967 0)
(-0.3059180671 0.1634774076 0)
(-0.2094439542 0.2347934304 0)
(-0.3259596052 -0.03588396881 0)
(-0.348266324 -0.3206865913 0)
(-0.02290890588 -0.1426466903 0)
(1.118327945 0.1837042155 0)
(0.7939728408 0.2159938135 0)
(-0.2331987192 0.01631522315 0)
(-0.3978640495 0.07077693891 0)
(-0.3704847516 0.1302158115 0)
(-0.4642029383 -0.001308062411 0)
(-0.7520687758 0.05434142362 0)
(0.0304636338 0.3216997065 0)
(0.0421916543 0.2231178907 0)
(0.0290871564 0.2252208261 0)
(-0.006130113229 0.2874669105 0)
(-0.1536783017 0.3390513527 0)
(-0.3278007025 0.3964417221 0)
(-0.4283344729 0.4713143366 0)
(-0.597951577 0.5404647812 0)
(-0.8217229055 0.6178397857 0)
(-0.9034768157 0.6721083619 0)
(-0.9213061755 0.6675824542 0)
(-0.9829064536 0.7024637443 0)
(-1.069215566 0.7813822994 0)
(-1.146053466 0.8942639558 0)
(-0.3295982215 0.4433944374 0)
(-0.34668919 0.5226946594 0)
(-0.3529766467 0.6393763496 0)
(-0.3892803431 0.5676784044 0)
(-0.4414978447 0.6712134281 0)
(-0.4341929025 -0.7449052519 0)
(-1.073806641 -1.119036112 0)
(-1.148832692 -1.166483942 0)
(-1.190402932 -1.036963963 0)
(-1.241767403 -0.8942524017 0)
(-1.307699987 -0.7485406036 0)
(-1.358532022 -0.6222101186 0)
(-1.290566377 -0.5116098505 0)
(-0.7252284814 -0.3646344838 0)
(-0.6802567337 -0.4105736691 0)
(-0.5469229613 -0.3858925792 0)
(-0.4300934971 -0.3801209893 0)
(-0.3526300448 -0.3821917703 0)
(-0.3306581338 -0.4881396069 0)
(-0.4834484499 -0.4893277749 0)
(-0.6602134048 -0.3916863803 0)
(-0.8263043942 -0.3732583276 0)
(-1.014548631 -0.3819827981 0)
(-1.001238452 -0.2859955117 0)
(0.1053310788 -0.4986953586 0)
(-0.8659683406 -1.001702272 0)
(-0.9023473369 -0.7546709593 0)
(-0.8416148413 -0.4818885169 0)
(-0.478588926 -0.1720650257 0)
(-0.1972629009 -0.0646008392 0)
(-0.2305754066 0.004920498842 0)
(-0.2790509944 0.1481446417 0)
(-0.3491499853 0.2965482839 0)
(-0.3629916948 0.06609654387 0)
(-0.2994888683 0.1135177069 0)
(-0.3650538518 0.1998021359 0)
(-0.3505657612 -0.07740731849 0)
(-0.2351527845 -0.257315971 0)
(0.4370964665 -0.2047912338 0)
(1.902590937 0.1748118507 0)
(0.5520216927 0.04299028251 0)
(-0.1947949895 0.05389088362 0)
(-0.3877806942 0.08348997408 0)
(-0.3307589581 0.1531443152 0)
(-0.4640182059 -0.03391164698 0)
(-0.8713461456 0.2101388006 0)
(-0.7609908405 0.3205391496 0)
(-0.6795237119 0.3928791452 0)
(-0.6948145238 0.4493293449 0)
(-0.7092794641 0.489670936 0)
(-0.644664082 0.1078809544 0)
(-0.7103474182 0.1595520974 0)
(-0.6991152693 0.3383534692 0)
(-0.8182059027 0.4922996191 0)
(-0.9409266483 0.6357153983 0)
(-0.8651620891 0.666289669 0)
(-0.8502308724 0.5858208939 0)
(-0.9257051218 0.6233702209 0)
(-1.021242649 0.7290545729 0)
(-1.076799622 0.8658164757 0)
(-1.065801077 1.013785049 0)
(-0.9989433672 1.085088217 0)
(-0.8542488789 1.052558542 0)
(-0.7267488657 0.8783710355 0)
(-0.4937171622 0.8012597702 0)
(-0.410833094 -0.7424943552 0)
(-0.9633420681 -1.200263229 0)
(-1.036939449 -1.256641453 0)
(-1.093863867 -1.136417106 0)
(-1.167658087 -1.001567399 0)
(-1.258105701 -0.8551900457 0)
(-1.341514012 -0.7117620492 0)
(-1.34228488 -0.5529123617 0)
(-0.7862178506 -0.1452615544 0)
(-0.7673980522 -0.08273842969 0)
(-0.5945370445 -0.1295055968 0)
(-0.4656561772 -0.3529406871 0)
(-0.3509345868 -0.2722302027 0)
(-0.2692746801 -0.3324890248 0)
(-0.3825023136 -0.3346963458 0)
(-0.5766371117 -0.3388851504 0)
(-0.8015536694 -0.4057762395 0)
(-1.001067973 -0.4107220716 0)
(-0.8964423041 -0.2741845185 0)
(-0.5647567722 -1.218219694 0)
(-0.673846416 -1.139382922 0)
(-0.744299655 -0.8610656707 0)
(-0.5480859554 -0.456510328 0)
(-0.1833037321 -0.1374396578 0)
(-0.1636472125 -0.1109482726 0)
(-0.1962283236 -0.07767066215 0)
(-0.2159448255 0.06534600358 0)
(-0.3526467144 0.3031947851 0)
(-0.3600527308 -0.07104679003 0)
(-0.3034760033 0.0723970189 0)
(-0.4969879019 0.1438782225 0)
(-0.4463561999 -0.05614062023 0)
(-0.1388422329 -0.1881419113 0)
(0.6108942113 -0.0473724166 0)
(1.656034781 0.07934625589 0)
(0.4932194657 -0.01835834039 0)
(0.3495736874 0.07711581346 0)
(0.4131187276 0.2508590324 0)
(0.4195554052 0.2963888036 0)
(-0.2713372382 0.03603398639 0)
(-0.4983481895 0.2318573304 0)
(-0.4420537022 0.2532087023 0)
(-0.5179572652 0.322045038 0)
(-0.6170218928 0.3935801468 0)
(-0.6642022512 0.4447328351 0)
(-0.5893721809 -0.1136394847 0)
(-0.6489909954 -0.2756099152 0)
(-0.7021953591 -0.0399965345 0)
(-0.9191092489 0.4790692041 0)
(-0.8895629252 0.6928458327 0)
(-0.7581472136 0.5691884853 0)
(-0.7647129522 0.4209873 0)
(-0.8842739023 0.4977068288 0)
(-0.9652456434 0.6725398839 0)
(-1.008097665 0.8512909856 0)
(-1.004485148 1.023072448 0)
(-0.9255202245 1.126935031 0)
(-0.8048561899 1.123747191 0)
(-0.703574287 0.9852169461 0)
(-0.5031469506 0.8261638349 0)
(-0.3833049801 -0.7459502139 0)
(-0.8417036521 -1.280709443 0)
(-0.9144644202 -1.360348438 0)
(-0.9731362142 -1.250132097 0)
(-1.043894995 -1.119485286 0)
(-1.129804423 -0.9716853498 0)
(-1.225778929 -0.826420148 0)
(-1.25541039 -0.6131709504 0)
(-0.7702940334 0.2414461192 0)
(-0.705094567 0.4059312284 0)
(-0.6172562105 0.2795547994 0)
(-0.5102804721 -0.4335278693 0)
(-0.3593401313 -0.2491092327 0)
(-0.2884250529 -0.3132573443 0)
(-0.3692102731 -0.3215036391 0)
(-0.5820889641 -0.3724132563 0)
(-0.833941624 -0.4582311897 0)
(-0.9595761781 -0.399642866 0)
(-0.6990077272 -0.2414402676 0)
(0.06257679698 -0.4556678937 0)
(0.5511630824 -0.6119850888 0)
(0.6933741646 -0.559606804 0)
(0.2243083987 -0.2616896644 0)
(-0.1130223239 -0.1480802499 0)
(-0.166006393 -0.1457499699 0)
(-0.1623455487 -0.160686379 0)
(-0.05970147408 -0.2082891434 0)
(0.4216870887 0.2235267054 0)
(-0.3642435352 -0.1236578165 0)
(-0.3238111832 0.005266027602 0)
(-0.4291002752 -0.01641688896 0)
(-0.4306059046 0.0393638057 0)
(-0.008058904443 -0.08844639846 0)
(-0.04868769068 0.06114982028 0)
(0.6333701359 -0.06732540798 0)
(0.5387425656 -0.07072473912 0)
(0.4381671121 0.1103166271 0)
(-0.0674205582 0.1652356707 0)
(-0.08455609753 0.1662384469 0)
(-0.1137159018 0.2006486152 0)
(-0.01073448083 0.2399174387 0)
(-0.06752379865 0.1263201741 0)
(-0.2786351928 0.2342553369 0)
(-0.4775923336 0.3503649575 0)
(-0.6102995329 0.4327236783 0)
(-0.5908394949 -0.2902602202 0)
(-0.6019769661 -0.3670662495 0)
(-0.6176680995 -0.2409119641 0)
(-0.7968175656 0.4945814794 0)
(-0.7482868779 0.7160782867 0)
(-0.6731879085 0.3973938232 0)
(-0.7021304007 0.1445948548 0)
(-0.8201359284 0.3632035322 0)
(-0.8936802203 0.6409970769 0)
(-0.9154305799 0.8583036287 0)
(-0.9052501725 1.055960442 0)
(-0.8214889607 1.172454448 0)
(-0.7107615525 1.161379745 0)
(-0.6444162337 1.069498366 0)
(-0.4707356662 0.9033776559 0)
(-1.036273997 -0.701712157 0)
(-0.7175044946 0.567935103 0)
(-0.673270841 0.7416374197 0)
(-0.6445455362 0.5761173493 0)
(-0.5896045571 -0.6213542513 0)
(-0.5355382221 -0.437535059 0)
(-0.4961931917 -0.3763720888 0)
(-0.5200378906 -0.3901193312 0)
(-0.681363499 -0.4345466089 0)
(-0.8646195321 -0.5191600648 0)
(-0.8287389823 -0.3892599464 0)
(-0.4236690547 -0.1965144175 0)
(0.4003962831 -0.4688925949 0)
(0.3716096544 -0.4116386601 0)
(0.1939302443 -0.2229990191 0)
(0.108286262 -0.09257937625 0)
(0.1292917651 -0.05420277474 0)
(0.2897482987 -0.06466249373 0)
(0.1608095919 -0.3980603441 0)
(-0.06028247278 -0.3929501059 0)
(-0.176275428 -0.260362073 0)
(-0.3720936066 -0.1813968659 0)
(-0.3544800931 -0.1358450071 0)
(-0.3559945179 -0.08243567777 0)
(-0.3079828616 -0.03558184277 0)
(-0.1484228997 0.06289133719 0)
(0.1569490456 0.001993551687 0)
(0.3602583632 0.02009539615 0)
(0.532075134 -0.0760220102 0)
(-0.0581016031 0.0278243961 0)
(0.01941505858 0.03234680718 0)
(0.0001283471901 0.1261090934 0)
(0.0684430168 0.162974651 0)
(0.07858015621 0.1551396838 0)
(-0.02796783397 0.05401955994 0)
(-0.2245138966 0.1921095418 0)
(-0.4212247551 0.3377925816 0)
(-0.5696162179 0.4316438093 0)
(-0.6497121536 -0.2428199383 0)
(-0.5776455676 -0.24186251 0)
(-0.5568947145 -0.01939294565 0)
(-0.6164287153 0.4347219928 0)
(-0.6202795079 0.6898174 0)
(-0.6214639573 0.2039051706 0)
(-0.6841839962 -0.2258844683 0)
(-0.7954378638 0.3169939621 0)
(-0.8227181973 0.6793017343 0)
(-0.8177474793 0.9132618988 0)
(-0.7804295176 1.111470433 0)
(-0.6992805347 1.212205885 0)
(-0.5797748193 1.14738811 0)
(-0.5565818858 1.085301961 0)
(-0.4273354444 1.03520684 0)
(-0.7363260143 -0.8205774207 0)
(-0.8254702422 -0.6644488421 0)
(-0.8694573664 -0.5806927821 0)
(-0.915874936 -0.5445854742 0)
(-1.010607746 -0.5608169893 0)
(-0.8717809968 -0.5645114567 0)
(-0.6948230258 -0.3840071884 0)
(-0.1711173106 -0.1347506117 0)
(0.1941710095 0.02176003704 0)
(0.3175812793 -0.0621871331 0)
(0.014919944 0.003261663241 0)
(-0.02412142611 -0.1825711247 0)
(-0.03576772561 -0.2029273448 0)
(-0.06993302504 -0.2236287304 0)
(-0.1522925049 -0.311847286 0)
(-0.2097750686 -0.51268781 0)
(-0.1372197152 -0.4563457152 0)
(-0.2630236107 -0.2758403471 0)
(-0.3150560003 -0.1608415809 0)
(-0.2611949081 -0.09707201807 0)
(-0.1516530003 -0.06655961741 0)
(-0.1509633541 -0.006012775114 0)
(-0.032829188 -0.01924737745 0)
(0.1110102924 0.04550782534 0)
(0.07740437102 -0.05426658504 0)
(-0.0525235848 0.01263209839 0)
(-0.3551324007 -0.000452371708 0)
(-0.4447289993 0.1326867713 0)
(-0.4253323973 0.1562205144 0)
(-0.4729869046 0.1171645037 0)
(-0.4390455471 0.2205893109 0)
(-0.4387328045 0.3221967311 0)
(-0.4687737486 0.4017989624 0)
(-0.5324506545 0.4424024332 0)
(-0.7382024927 0.001190938341 0)
(-0.5674772285 0.01757751305 0)
(-0.5307923946 0.2688003364 0)
(-0.4853032881 0.4286059474 0)
(-0.4986721989 0.6504140678 0)
(-0.5866182569 -0.04179641245 0)
(-0.574814068 -0.6327784286 0)
(-0.7532555254 0.6327468403 0)
(-0.7294279314 0.8721259513 0)
(-0.6970102604 1.072914967 0)
(-0.6195140031 1.217182624 0)
(-0.5402925056 1.224023271 0)
(-0.4380670911 1.065197128 0)
(-0.4581975609 1.025999635 0)
(-0.3871558538 1.091222763 0)
(-1.510957349 -0.8311801203 0)
(-1.660991962 -0.7644993284 0)
(-1.679288227 -0.7263057803 0)
(-0.9125867327 -0.6799416383 0)
(-0.9920397501 -0.5992766674 0)
(-1.072108475 -0.4889951621 0)
(-0.619887649 0.4692766252 0)
(-0.5556953461 0.5487300376 0)
(-0.5543993383 0.5592931223 0)
(0.01350705829 -0.03849314448 0)
(0.002019605037 -0.1698437407 0)
(-0.02694598448 -0.4381650194 0)
(-0.06161644635 -0.3382963707 0)
(-0.1315454821 -0.265631404 0)
(-0.1307337651 -0.2331437835 0)
(-0.1545214574 -0.2210331211 0)
(-0.2369698111 -0.1770485572 0)
(-0.1173561784 -0.1077268727 0)
(-0.05646050707 -0.07758899214 0)
(-0.1168628148 -0.1487562061 0)
(-0.06040965229 -0.1526651764 0)
(0.06256782066 -0.07076088732 0)
(0.01442331192 0.01287355127 0)
(-0.1085995861 -0.05322481889 0)
(-0.358258508 -0.2123556383 0)
(-0.3858264315 0.2135467749 0)
(-0.46337941 0.2254319588 0)
(-0.3463646499 0.2064311744 0)
(-0.3167287284 0.2625945535 0)
(-0.3312362277 0.3498805529 0)
(-0.3898068962 0.4117214879 0)
(-0.4659037454 0.436881683 0)
(-0.5641713091 0.2977059512 0)
(-0.5466912209 0.3246737986 0)
(-0.5113501053 0.4458211501 0)
(-0.4180122364 0.5180459688 0)
(-0.3779503756 0.6288001514 0)
(-0.6032593089 -0.1743784177 0)
(-0.4020285965 -0.7002186061 0)
(-0.4969536765 0.8362181567 0)
(-0.5416422782 1.04911653 0)
(-0.5273562568 1.213116874 0)
(-0.3942837795 1.252379751 0)
(-0.2667254795 1.128731499 0)
(-0.3258394249 0.9252147454 0)
(-0.3416593073 0.8163753403 0)
(-0.3313535499 1.113950693 0)
(-0.8210471678 -0.6100039107 0)
(-0.8754786101 -0.4892966412 0)
(-0.6084799926 0.4721338553 0)
(-0.4806707639 0.5666602782 0)
(-0.3310663825 0.6055858711 0)
(-0.001200438825 0.1360965786 0)
(0.02838010302 -0.1570684024 0)
(-0.1692304778 -0.4055178702 0)
(-0.1680498592 -0.3052019442 0)
(-0.1775571216 -0.1894627805 0)
(-0.1309130959 -0.1452629702 0)
(-0.04972642799 -0.1344268566 0)
(0.06299432219 -0.1640106941 0)
(-0.05742792592 -0.1527589141 0)
(-0.09158663257 -0.1731054902 0)
(-0.1392703605 -0.2492910756 0)
(-0.1415274412 -0.2904707299 0)
(-0.1075896433 -0.3376883708 0)
(0.05841222346 -0.3581560612 0)
(-0.2583020177 -0.3919474078 0)
(-0.2641128077 -0.2088211564 0)
(-0.2761943072 0.1982257098 0)
(-0.3841954703 0.2176001559 0)
(-0.3132493716 0.2045521647 0)
(-0.2916428983 0.2662045486 0)
(-0.3071217294 0.3485409673 0)
(-0.3732735577 0.400291239 0)
(-0.4359602772 0.4243332669 0)
(-0.4725475944 0.4356494759 0)
(-0.4866584332 0.4781555811 0)
(-0.4719123742 0.5470012785 0)
(-0.352959064 0.5957553671 0)
(-0.2146911944 0.6352236982 0)
(0.0002350359652 0.6925992089 0)
(0.2168954598 0.7693349224 0)
(0.3558959047 0.8237102758 0)
(0.4856305765 0.8675843568 0)
(0.5344453967 0.8845595511 0)
(0.392227323 0.8409606561 0)
(0.1058781931 0.6928079181 0)
(-0.1562879327 0.4840590746 0)
(-0.2078031043 0.3328523267 0)
(-0.3108450409 1.057383366 0)
(-0.3766250809 0.3224339836 0)
(-0.3149514777 0.4594462508 0)
(-0.1769508012 0.5696934834 0)
(-0.04607458147 0.06246722912 0)
(0.003140680336 -0.1987797352 0)
(-0.2558682735 -0.3694270443 0)
(-0.1971312948 -0.2763911183 0)
(-0.1789096159 -0.1590804101 0)
(-0.1401788376 -0.118054019 0)
(-0.0508100724 -0.1057489637 0)
(0.09934173255 -0.08898750536 0)
(0.06001126768 -0.08892758987 0)
(-0.08237240968 -0.2186751379 0)
(-0.1466011706 -0.2720549939 0)
(-0.1794194435 -0.3064004131 0)
(-0.1856924527 -0.3493319818 0)
(-0.1813665813 -0.4407101742 0)
(-0.1782325678 -0.37197742 0)
(-0.2140749504 -0.2038573323 0)
(-0.2059224615 0.1834920892 0)
(-0.30401352 0.1896266717 0)
(-0.3673083388 0.2433565534 0)
(-0.3788056039 0.3177228771 0)
(-0.383085569 0.3691141675 0)
(-0.4133341922 0.3916771102 0)
(-0.4315847211 0.4249834056 0)
(-0.4411131159 0.4400080634 0)
(-0.4485653915 0.4708089717 0)
(-0.4384203102 0.5308541264 0)
(-0.3100615673 0.5830638681 0)
(-0.05876406146 0.6349242494 0)
(0.2456187361 0.7004157353 0)
(0.3133315807 0.7297355575 0)
(-0.150428119 0.6333803533 0)
(0.0174201014 0.6814898154 0)
(0.3048021662 0.7348100172 0)
(0.1984985128 0.6753709896 0)
(0.003539511588 0.5806601649 0)
(-0.1554381082 0.4675509486 0)
(-0.2084305786 0.3631065537 0)
(-0.2967057547 0.9405063296 0)
(0.005204854296 -0.2410484199 0)
(-0.2179520265 -0.2510319462 0)
(-0.1868979277 -0.2537407784 0)
(-0.1746001731 -0.1585968549 0)
(-0.1713581429 -0.126592287 0)
(-0.1656884471 -0.1471419089 0)
(-0.0877624024 0.1412416482 0)
(0.05894539418 -0.1442991962 0)
(-0.04907387741 -0.1955993149 0)
(-0.1244154079 -0.2161265671 0)
(-0.1712810633 -0.221486466 0)
(-0.168450807 -0.2585572502 0)
(-0.1235420992 -0.3602356088 0)
(0.004856566414 -0.325405984 0)
(0.2263084201 -0.09702462761 0)
(0.2085608136 -0.05391134172 0)
(-0.3464209704 -0.3280687271 0)
(-0.8024133848 0.359740845 0)
(-0.7474747202 0.4855169343 0)
(-0.5476319152 0.4005193778 0)
(-0.4429041525 0.3924576316 0)
(-0.4036358189 0.4508439792 0)
(-0.4479471446 0.413226875 0)
(-0.4679909963 0.4435222974 0)
(-0.4751508748 0.4926602334 0)
(-0.398448706 0.5474541873 0)
(-0.2609956505 0.5869309687 0)
(-0.1794551222 0.5701600195 0)
(-0.1741560961 0.5318017108 0)
(-0.5134708783 0.526499375 0)
(-0.5062796698 0.5733139085 0)
(-0.3858371317 0.5752283237 0)
(-0.3098899694 0.5329793141 0)
(-0.2798171954 0.4674464039 0)
(-0.2853756613 0.4048452941 0)
(-0.2969690293 0.3172489405 0)
(-0.3020591436 0.8401317087 0)
(-0.1532622522 -0.2334539552 0)
(-0.1384360578 -0.147734071 0)
(-0.1358445976 -0.1112017869 0)
(-0.145514794 -0.07900850769 0)
(-0.2195679437 0.03120557078 0)
(-0.03024525751 -0.1085602556 0)
(-0.01142738999 -0.14658245 0)
(-0.1086911699 -0.1670316626 0)
(-0.1620226816 -0.2049307531 0)
(-0.1580803009 -0.2489372692 0)
(-0.08590763519 -0.3378138748 0)
(0.160794973 -0.4288650972 0)
(0.3076705995 -0.1269513751 0)
(0.3556101428 0.03031335572 0)
(-0.2427095923 -0.1575018802 0)
(-0.5253139292 0.2673403736 0)
(-0.5683751618 0.3896093106 0)
(-0.4883996647 0.3809628176 0)
(-0.4219998791 0.4065374772 0)
(-0.4550893122 0.4081458348 0)
(-0.4741342038 0.3914922067 0)
(-0.4817893175 0.4305792346 0)
(-0.467718591 0.4830760943 0)
(-0.4382311821 0.5222989224 0)
(-0.3930165726 0.529824569 0)
(-0.336713817 0.3564602169 0)
(-0.3014450678 0.2337741855 0)
(-0.6591763492 0.4192849392 0)
(-0.7147795081 0.6140782436 0)
(-0.5838365124 0.6782439041 0)
(-0.4507412804 0.6448006013 0)
(-0.3665108465 0.5618372193 0)
(-0.3405018973 0.4715736539 0)
(-0.3498699125 0.3539762685 0)
(-0.3141904865 0.775040369 0)
(-0.09455853364 -0.1292928212 0)
(-0.08617609191 -0.1173072778 0)
(-0.08455453612 -0.1147993101 0)
(-0.102414457 -0.1110375649 0)
(-0.1628869531 0.01188003426 0)
(-0.08692292039 -0.01989334846 0)
(-0.09451356512 -0.0679514436 0)
(-0.1552918604 -0.1741617326 0)
(-0.1686437532 -0.2235850688 0)
(-0.1542975342 -0.3157169243 0)
(-0.1159294043 -0.3941153484 0)
(0.19216156 -0.1686755399 0)
(0.4404086209 0.03793634654 0)
(-0.1589515388 0.02838053096 0)
(-0.3653261036 0.198383185 0)
(-0.4442624772 0.2809096232 0)
(-0.4490707819 0.3572900904 0)
(-0.4188337301 0.4393026717 0)
(-0.4471433441 0.3889641761 0)
(-0.4607226763 0.3782357821 0)
(-0.4649965852 0.4271932775 0)
(-0.4389510556 0.484069141 0)
(-0.4023404315 0.5117128289 0)
(-0.3533397021 0.5005910471 0)
(-0.2931957282 0.1085255375 0)
(-0.2571836079 -0.2340519547 0)
(-0.6041166646 0.3628355471 0)
(-0.6155939287 0.7528080836 0)
(-0.5089295316 0.9108707635 0)
(-0.4159079721 0.8940436147 0)
(-0.3657073804 0.7891412518 0)
(-0.3617660796 0.6314880732 0)
(-0.3855351724 0.4465801246 0)
(-0.323974976 0.7571832291 0)
(0.2363348915 0.144413063 0)
(0.1061391596 -0.1008370567 0)
(0.09835177088 -0.1656154704 0)
(0.1605131632 -0.317038508 0)
(-0.03836095934 0.1235695591 0)
(0.087692454 -0.03297729783 0)
(-0.1519135594 0.05368307904 0)
(-0.1617257963 -0.1184877437 0)
(-0.1488864293 -0.1788672115 0)
(-0.161525963 -0.2612768704 0)
(-0.0901206958 -0.241028777 0)
(-0.02766278016 -0.1164522916 0)
(0.5255020426 0.1213351939 0)
(-0.1035728014 -0.01486545805 0)
(-0.3492442919 0.1948735155 0)
(-0.420682817 0.2454803901 0)
(-0.4406900886 0.3421575605 0)
(-0.5005204832 0.426899529 0)
(-0.4891524099 0.3945091166 0)
(-0.4706017682 0.3805686738 0)
(-0.4624947525 0.4379032223 0)
(-0.3994200693 0.502760518 0)
(-0.3452427272 0.5071136304 0)
(-0.3037806224 0.4762317015 0)
(-0.2459755232 -0.1558094537 0)
(-0.2277800207 -0.440260606 0)
(-0.2581172542 0.5049397176 0)
(-0.3172911052 1.003404246 0)
(-0.2816876818 1.168939327 0)
(-0.2712407011 1.12538878 0)
(-0.2958474853 1.000603107 0)
(-0.3466463377 0.778556649 0)
(-0.4005453441 0.5473550179 0)
(-0.3252640295 0.7709777676 0)
(0.007733683421 -0.09471306814 0)
(-0.05328413785 -0.04899771773 0)
(-0.09574424147 -0.2157730289 0)
(-0.1235184117 0.1047583305 0)
(0.05874974713 -0.0377928173 0)
(-0.2260078515 0.06707180145 0)
(-0.04099291758 0.0826377055 0)
(-0.1062157787 -0.07022304607 0)
(-0.07226590536 -0.02515541019 0)
(-0.06378352546 -0.1875942579 0)
(-0.3309949307 -0.0506114822 0)
(-0.2505375916 0.1678272797 0)
(-0.403896508 0.06434981926 0)
(-0.4247065607 0.2229102656 0)
(-0.4459308649 0.2567825298 0)
(-0.4605267798 0.3368371625 0)
(-0.4998728197 0.3985672545 0)
(-0.5173693729 0.3884445591 0)
(-0.4383619291 0.4132497306 0)
(-0.3828947356 0.4820103176 0)
(-0.3449638398 0.5865944176 0)
(-0.2445639045 0.5143934693 0)
(-0.2040659616 0.4551626554 0)
(-0.1725054707 0.4079035566 0)
(-0.1754253386 0.3709737919 0)
(0.1741737088 0.4393740308 0)
(0.3861675999 0.5023796076 0)
(0.2490289751 0.4657071859 0)
(-0.002787888722 0.4478657673 0)
(-0.2380891824 0.4872480703 0)
(-0.4058374071 0.3414600292 0)
(-0.5034940005 0.178548506 0)
(-0.3129194816 0.786247133 0)
(0.08559700383 -0.1520118857 0)
(0.08171719336 -0.1502509033 0)
(0.1133492237 -0.2284491958 0)
(0.1716361657 -0.2815017619 0)
(0.1608914996 -0.1827563861 0)
(0.04612984612 0.07655588555 0)
(0.0948942408 0.2083689483 0)
(0.04944710381 0.2075792716 0)
(-0.03338512847 -0.006731392392 0)
(-0.10147586 -0.1952637296 0)
(-0.272938225 -0.06867196384 0)
(-0.09410475577 0.1066512554 0)
(-0.298333925 0.137618751 0)
(-0.432881131 0.2718367793 0)
(-0.466928157 0.2831690116 0)
(-0.4918241284 0.3339414424 0)
(-0.5005285232 0.3786000817 0)
(-0.4893547618 0.4385612339 0)
(-0.4616267606 0.5008347032 0)
(-0.3966161154 0.5548925849 0)
(-0.3042003646 0.6228295619 0)
(-0.1453685872 0.5131448178 0)
(-0.09549600075 0.4013785034 0)
(-0.09984885525 0.3572872411 0)
(-0.1146914651 0.346533147 0)
(0.3634662748 0.4335049229 0)
(0.4174256866 0.4629712568 0)
(0.2410374592 0.4635451113 0)
(0.0152286729 0.4925435718 0)
(-0.2283293671 0.5556472961 0)
(-0.4110944672 0.3207911288 0)
(-0.4582378612 0.1753264781 0)
(-0.2904293832 0.7773859198 0)
(0.1131031279 -0.1190552963 0)
(0.1135790537 -0.09290304233 0)
(0.1265475589 -0.1275537932 0)
(0.131613582 -0.2571128609 0)
(0.07334492584 -0.1569567292 0)
(0.206555162 0.1191810651 0)
(0.1111983546 0.154013851 0)
(0.09813266328 0.1438030008 0)
(0.08145254158 0.01174273288 0)
(-2.903818557e-05 -0.1436687879 0)
(0.03593972995 0.05193278329 0)
(-0.008149854669 0.1492266813 0)
(-0.1477081262 -0.04511956426 0)
(-0.4719102114 0.2192515953 0)
(-0.5118375396 0.2827138534 0)
(-0.513599819 0.3462540263 0)
(-0.515426343 0.4185273977 0)
(-0.507317967 0.4963096172 0)
(-0.4745419804 0.5628368143 0)
(-0.4172753582 0.6082709234 0)
(-0.3667834278 0.6380471984 0)
(-0.281664587 0.5505081732 0)
(-0.1879681935 0.442335638 0)
(-0.1465836943 0.4230020346 0)
(-0.1290351877 0.4452008221 0)
(0.2789183193 0.4559620214 0)
(0.2497712953 0.480715329 0)
(0.07811688706 0.5295554057 0)
(-0.1074178106 0.5929431524 0)
(-0.2696730936 0.6442561959 0)
(-0.4216897822 0.4709719416 0)
(-0.428658119 0.354920828 0)
(-0.2684972717 0.7464677446 0)
(0.1301652351 -0.04293755567 0)
(0.1472984413 -0.001028519758 0)
(0.1953983851 -0.158080676 0)
(0.1206909375 -0.09849654173 0)
(0.3026125512 0.1482159597 0)
(0.1773384702 0.1327020138 0)
(0.154465302 0.1146360262 0)
(0.06697265066 0.04073004519 0)
(0.09291104988 -0.1419274452 0)
(0.01192532868 -0.004450175759 0)
(-0.4186278086 0.1459179663 0)
(-0.2594322094 0.1409113482 0)
(-0.5104966512 0.2295418883 0)
(-0.5603424665 0.3249404057 0)
(-0.5386808182 0.3919733522 0)
(-0.5402117554 0.4651744104 0)
(-0.5282249023 0.542293395 0)
(-0.4808167514 0.6073859202 0)
(-0.4105127626 0.6499244535 0)
(-0.3383831683 0.670079081 0)
(-0.2685387899 0.6807341891 0)
(-0.1987792978 0.7057791403 0)
(-0.1543224226 0.756686255 0)
(-0.1754012807 0.8235898859 0)
(-0.02277756597 0.7037657986 0)
(-0.1108004451 0.733922607 0)
(-0.2079632673 0.7637017945 0)
(-0.2809215052 0.7558110839 0)
(-0.3485780996 0.7311239609 0)
(-0.3646412301 0.7937908523 0)
(-0.3632650621 0.578994385 0)
(-0.2481353116 0.7221536085 0)
(0.1583815872 0.03203541175 0)
(0.2027874529 -0.06666369447 0)
(0.1265084998 0.0008901020308 0)
(0.3506713911 0.1878152532 0)
(0.2621576579 0.1429892336 0)
(0.2068847624 0.03705561227 0)
(0.05969100307 0.04973296508 0)
(0.01118567416 -0.03712182138 0)
(-0.04844951656 0.04421724945 0)
(0.1396269348 -0.01748145169 0)
(0.2743619624 -0.1751228241 0)
(-0.892207336 0.3392391937 0)
(-0.6764272033 0.3773655897 0)
(-0.5813615801 0.4089685939 0)
(-0.5326696143 0.4633648204 0)
(-0.5117822244 0.5472410648 0)
(-0.4671879438 0.6302701303 0)
(-0.3874556774 0.6880579988 0)
(-0.2993241299 0.7163036457 0)
(-0.2231429326 0.7008141581 0)
(-0.1682369766 0.677411534 0)
(-0.1343425019 0.6706763369 0)
(-0.1170455755 0.6833314978 0)
(-0.1166507904 0.7085576594 0)
(-0.1357117328 0.7291939023 0)
(-0.1861671534 0.7430418011 0)
(-0.2651700773 0.7691666632 0)
(-0.3334987057 0.810168548 0)
(-0.3698415207 0.8703906669 0)
(-0.4305483145 0.4626702812 0)
(-0.2300126918 0.7072995506 0)
(0.1509535579 0.04310977325 0)
(0.169059131 -0.01157277236 0)
(0.2702996235 0.03673636072 0)
(0.2849564197 0.1641687434 0)
(0.2775346628 0.1469842798 0)
(0.2138167848 -0.006961369473 0)
(0.14835069 0.02238326116 0)
(0.06535326369 0.1166885743 0)
(0.05091339367 0.1430524716 0)
(0.08288044774 -0.251210553 0)
(0.3194082167 -0.2121451034 0)
(-1.054520285 0.4041939129 0)
(-0.90142416 0.4444415708 0)
(-0.7797366928 0.4683429107 0)
(-0.6679894752 0.5004471377 0)
(-0.5824795049 0.5608973493 0)
(-0.5114038135 0.6438630188 0)
(-0.4141128077 0.7174387462 0)
(-0.2997032243 0.7831887638 0)
(-0.1852400404 0.7707319927 0)
(-0.1197932074 0.689562966 0)
(-0.08023977759 0.6590643502 0)
(-0.05242833103 0.6498008532 0)
(-0.02666835938 0.6467545782 0)
(-0.0379734421 0.6526359584 0)
(-0.153204672 0.690635642 0)
(-0.3148027093 0.7619544874 0)
(-0.4163474947 0.8350613084 0)
(-0.4278763501 0.8911712381 0)
(-0.4557858251 0.4082117327 0)
(-0.2115590354 0.7156004912 0)
(0.03766945258 0.07131209805 0)
(0.1498475215 -5.430647741e-05 0)
(0.1692192647 -0.03851381259 0)
(0.208042933 0.1218864935 0)
(0.08692178936 0.2489431457 0)
(0.1577501091 0.06156466789 0)
(0.1922996576 0.001032025174 0)
(0.1644216953 0.06321164581 0)
(-0.004210160386 -0.02081657456 0)
(0.1202951139 -0.1989170388 0)
(0.3527331943 -0.2790821326 0)
(-1.201588829 0.4550528263 0)
(-1.108796118 0.5000621182 0)
(-0.9952385791 0.533501598 0)
(-0.8638185775 0.5682638483 0)
(-0.7321332105 0.6165297465 0)
(-0.6242980488 0.6798865704 0)
(-0.5234122394 0.7294104226 0)
(-0.4170408874 0.7501826309 0)
(-0.3461285368 0.7595066686 0)
(-0.2462511522 0.7101953923 0)
(-0.1711277062 0.6858101148 0)
(-0.1271128336 0.6805108293 0)
(-0.1097823421 0.6776075615 0)
(-0.1578794607 0.6872548978 0)
(-0.3104475919 0.7397827518 0)
(-0.5118375688 0.8439932674 0)
(-0.5872889225 0.9178947166 0)
(-0.5487069109 0.920941516 0)
(-0.5088580967 0.4954892565 0)
(-0.2173186254 0.7459652848 0)
(0.11371087 0.1069371451 0)
(0.1889293635 -0.04509056454 0)
(0.1607328234 -0.06709658894 0)
(0.1310270298 -0.06308370203 0)
(0.1783088081 -0.1705778097 0)
(0.3981110075 -0.3616909078 0)
(-1.274447665 0.4742374425 0)
(-1.185064542 0.5211952337 0)
(-1.089722138 0.5657595524 0)
(-0.9667888551 0.6109864488 0)
(-0.8245294286 0.6677762787 0)
(-0.7067457194 0.7436574556 0)
(-0.6464829224 0.8145953703 0)
(-0.605095968 0.8492775517 0)
(-0.5575621615 0.8519324047 0)
(-0.5093149383 0.8399778932 0)
(-0.4635105678 0.8248521114 0)
(-0.4198599959 0.8141607397 0)
(-0.3793988919 0.8143815246 0)
(-0.5019401435 0.8719328223 0)
(-0.682091494 0.9726019291 0)
(-0.7457056651 1.035845599 0)
(-0.691527636 1.031926002 0)
(-0.5952259518 0.9407538661 0)
(-0.5381563176 0.6152227141 0)
(-0.246105088 0.771912205 0)
(0.07048429693 0.08915682813 0)
(0.1672479641 -0.06319713645 0)
(0.09438573303 -0.1115912052 0)
(0.3039637659 -0.1800316522 0)
(0.2662935753 -0.1956399951 0)
(0.428784782 -0.4406960754 0)
(-1.245053439 0.469440867 0)
(-1.137434471 0.5199542729 0)
(-1.05695873 0.5717320132 0)
(-0.9501164897 0.6199723001 0)
(-0.8061802294 0.6740664674 0)
(-0.6530521662 0.7553607601 0)
(-0.5483063864 0.8594248369 0)
(-0.4950432422 0.9276694643 0)
(-0.4527897252 0.9348461876 0)
(-0.4059986961 0.9169384216 0)
(-0.3505691691 0.9003741402 0)
(-0.2894773532 0.8949283308 0)
(-0.2312323562 0.9043099149 0)
(-0.450969179 0.960220638 0)
(-0.6221530504 1.03669022 0)
(-0.6686259034 1.062001507 0)
(-0.6341821304 1.034697207 0)
(-0.5561799485 0.9284746479 0)
(-0.5177903802 0.6786730065 0)
(-0.2523162605 0.78754664 0)
)
;

boundaryField
{
    walls
    {
        type            noSlip;
    }
    wallFilmFace_top
    {
        type            slip;
    }
    region0_to_wallFilmRegion_wallFilmFace
    {
        type            slip;
    }
    mirrorFace_top
    {
        type            slip;
    }
    region0_to_wallFilmRegion_mirrorFace
    {
        type            slip;
    }
    procBoundary0to1
    {
        type            processor;
        value           nonuniform List<vector> 
52
(
(-0.3498718366 -0.7515177855 0)
(-0.7171940439 -1.35100225 0)
(-0.7898032206 -1.470895416 0)
(-0.8401428338 -1.366314187 0)
(-0.8930402271 -1.23540856 0)
(-0.9612577481 -1.08910234 0)
(-1.009998561 -0.9128839979 0)
(-1.009998561 -0.9128839979 0)
(-0.7367650231 -0.7057030531 0)
(-0.6490964275 0.389638182 0)
(-0.6639750362 0.6844505088 0)
(-0.6553533524 0.5861287432 0)
(-0.6553533524 0.5861287432 0)
(-1.005366012 -1.045839916 0)
(-1.299193099 -0.9289191235 0)
(-1.299193099 -0.9289191235 0)
(-1.752646442 -0.9196419519 0)
(-1.876418064 -0.7912549111 0)
(-1.80091276 -0.7055850338 0)
(-0.7871462143 -0.7305371665 0)
(-0.7871462143 -0.7305371665 0)
(-0.6738593059 -0.5873861301 0)
(-0.6623129614 -0.4182515195 0)
(-0.6623129614 -0.4182515195 0)
(-0.1776833545 0.07363839865 0)
(-0.1673548658 0.3144413972 0)
(-0.1688148283 0.3885866357 0)
(-0.03934727685 -0.04240818678 0)
(-0.03934727685 -0.04240818678 0)
(-0.06246999372 -0.2320099339 0)
(-0.1994963273 -0.1523405968 0)
(-0.1994963273 -0.1523405968 0)
(-0.09707846349 -0.1803283063 0)
(-0.09707846349 -0.1803283063 0)
(0.015775647 -0.08374898666 0)
(0.0610261032 -0.110894307 0)
(0.0610261032 -0.110894307 0)
(0.1028743299 -0.1611352841 0)
(0.1221463876 -0.1164604583 0)
(0.1262890351 -0.07322457708 0)
(0.1262890351 -0.07322457708 0)
(0.1440727107 -0.02895086844 0)
(0.1440727107 -0.02895086844 0)
(0.1145878114 -0.002913971132 0)
(0.03360662629 0.06838861533 0)
(-0.1841718523 0.3288555119 0)
(0.09357438265 0.05337674142 0)
(0.01088516889 -0.1158234924 0)
(-0.09759720504 -0.02470664671 0)
(-0.1660653681 0.3016697948 0)
(-0.1660653681 0.3016697948 0)
(0.3374507428 0.2531476427 0)
)
;
    }
    procBoundary0to2
    {
        type            processor;
        value           nonuniform List<vector> 
26
(
(-0.02173659206 -0.005082369498 0)
(0.1572623908 -0.06519464386 0)
(0.09384480068 -0.0691415518 0)
(0.198011012 -0.108224494 0)
(0.3046614785 -0.2525237634 0)
(0.1576831522 -0.4302765289 0)
(-1.102827853 0.4503691873 0)
(-1.030376045 0.5141082225 0)
(-0.9798189229 0.5780465147 0)
(-0.8995761815 0.6332196822 0)
(-0.7757396319 0.6843394569 0)
(-0.6215020069 0.7561056992 0)
(-0.4879657536 0.8652085205 0)
(-0.418261489 0.9641343545 0)
(-0.3811350655 1.001845507 0)
(-0.3383618662 1.003988978 0)
(-0.2832194567 0.9995660759 0)
(-0.2241316608 0.9955420205 0)
(-0.1698718352 0.9934292354 0)
(-0.3394452266 1.015618244 0)
(-0.5020127073 1.066365686 0)
(-0.5697908027 1.079288074 0)
(-0.5699637448 1.045845948 0)
(-0.5125829277 0.9551610957 0)
(-0.4793416446 0.7414114663 0)
(-0.2247793552 0.8239370333 0)
)
;
    }
}


// ************************************************************************* //
