/*--------------------------------*- C++ -*----------------------------------*\
  =========                 |
  \\      /  F ield         | OpenFOAM: The Open Source CFD Toolbox
   \\    /   O peration     | Website:  https://openfoam.org
    \\  /    A nd           | Version:  8
     \\/     M anipulation  |
\*---------------------------------------------------------------------------*/
FoamFile
{
    version     2.0;
    format      ascii;
    class       surfaceScalarField;
    location    "1.8/wallFilmRegion";
    object      phi;
}
// * * * * * * * * * * * * * * * * * * * * * * * * * * * * * * * * * * * * * //

dimensions      [1 0 -1 0 0 0 0];

internalField   nonuniform List<scalar> 
2598
(
0.0001939872709
0.0002300135886
0.0003955028965
0.0006959836185
0.0005734105143
0.001006284937
0.0006727388298
0.0005078053239
-0.0001827032636
-0.0001716335403
-0.001046558836
0.0004026203287
-0.001169889749
0.002044090857
-0.0001847503925
0.00105887241
0.001263178611
0.001642725933
0.001426576663
0.001130966929
0.0009417558517
0.0004395550543
0.0003202139728
-2.003947988e-05
0.0001176046006
-5.151178319e-05
0.000118324885
-9.202524736e-05
0.0001684386547
-0.0001481870513
0.0002378451971
-0.000213362179
0.0005341548493
-0.001936615221
0.001152501418
-0.0006991654093
0.00234115917
-0.0004350807803
0.00284515451
-0.0002563199143
0.002460356579
0.0001911157654
0.001805453316
0.0003460918327
0.001236251222
0.000308307704
0.0008470971992
0.001266080557
0.0001892716557
0.000282566802
0.006308533376
-0.0001115935672
1.066180461e-05
0.0001356404844
0.0002864750001
0.0003997184408
0.000541209446
0.0006623723228
0.001003494903
-1.280027642e-05
0.001121421423
-0.0001209696987
0.0006179590959
-0.0003470960518
0.0002641411907
-0.0003482300526
0.002207304056
9.807732457e-05
0.001083385441
0.0008911434491
0.001900458112
0.0007508209509
0.001019818531
0.0003143102038
0.0001187659684
8.242710397e-05
-3.264068932e-05
5.786362941e-05
-4.610169174e-05
8.36719389e-05
-7.396415464e-05
0.0001318238774
-0.0001152845756
0.0001919275792
-0.0001620410862
0.0009752961048
-0.004272608792
0.0007444559447
-0.001472264081
0.001047392931
-0.0005064340614
0.001908930286
-0.000327161667
0.00295792282
-0.0002941694086
0.003638030059
-0.0002858154353
0.003851789179
-0.0002107518086
-3.35658703e-05
0.002097712435
-6.242396626e-05
8.929499893e-05
0.006040087857
-0.0009001837702
-0.0003484673784
-0.001165706878
0.0003307900263
-0.00152062675
0.0009372239652
-0.001053164357
0.0008709028974
-0.0004854382139
0.0005569300966
-0.0002522694003
0.0003387270889
-7.742872002e-05
0.0001619608198
-9.900328325e-05
0.0001749590024
-8.913038049e-06
0.002346034921
0.0002000325586
0.0009274401858
0.0006052689527
0.001727953167
0.0004046469317
0.000532466737
0.0001007089959
-1.311468526e-05
3.930324699e-05
-2.89816717e-05
4.640064075e-05
-3.612513325e-05
7.004722924e-05
-5.938471159e-05
0.0001051717041
-9.534298879e-05
0.0001540867109
-0.0001293763539
0.002116788567
-0.006538049895
0.001209891078
-0.00261790641
0.0006442163218
-0.0008236801981
0.0005838182294
-0.0003314841721
0.0007449740854
-0.0002397446049
0.001012344145
-0.000222272331
0.001331630016
-0.0001808754356
0.003265218078
-4.840453932e-05
0.002503697229
7.231635759e-05
0.005347190468
-0.0004977094596
-0.0004231362009
-0.0009081083788
1.489619637e-05
-0.001767609748
0.0003798860438
-0.001601633682
0.0008731648407
-0.001469418665
0.000624101497
-0.001069191355
0.0002781725975
-0.0003961666784
0.0001735871304
-0.0001986297176
0.0002293761179
6.071264107e-05
0.0022289745
0.0001258074729
0.0005176525801
0.0003542252043
0.001099646367
0.0001309382331
-1.92121815e-08
2.828135649e-05
-1.614208666e-05
2.735603355e-05
-2.284139075e-05
3.660744587e-05
-2.55533715e-05
4.272858578e-05
-8.57991793e-05
2.548831921e-05
-0.0001505261564
9.092218203e-05
-0.0001871060933
0.004790081588
-0.006262447742
0.003172720152
-0.002774835084
0.001504507415
-0.001098368653
0.000739015198
-0.0004421863211
0.0005497458078
-0.0002453850553
0.0005605493415
-0.0001750349912
0.0006204218128
-0.0001395316816
0.0007354421265
-9.64625347e-05
0.0008021952291
-2.809123114e-05
0.003742604845
-0.000636051519
-0.0001693356216
-0.0005967872082
-8.931254652e-05
-0.0007245004668
-6.488529306e-05
-0.001109990919
-0.0001183419045
-0.00104662004
-0.0001538439217
-0.0008926436471
-0.0003423550918
-0.000608453335
-0.0001035795555
-9.361782905e-05
-0.000637821802
-2.833396592e-05
0.001880571488
-2.455182286e-05
0.0001077633075
0.0001127064877
0.0002653909368
1.465472064e-05
-5.617660659e-06
1.327706279e-05
-1.179050917e-05
2.044704817e-05
-1.182407862e-05
-2.515086918e-06
-8.997086069e-06
-0.0007266051704
-7.984281276e-06
-0.001727151996
-5.526331757e-06
-0.000210922413
-7.252253365e-06
0.01657046049
0.009543724179
0.01324877145
0.004308829418
0.008261714762
0.001620591982
0.004149681129
0.0002767975762
0.001536361719
-3.5056406e-05
0.0006679699825
-6.55634883e-05
0.000541433513
-6.997267134e-05
0.0005650251173
-6.127765336e-05
0.0005394287417
-1.356991665e-05
0.003426178176
-0.0001426517775
2.023560303e-05
-4.398463861e-05
-0.0001230379788
-3.680311648e-05
-2.085916448e-05
5.074524374e-06
-3.57289801e-05
5.237568078e-06
-5.849738317e-05
-0.0003519137015
-0.000110810626
-0.0003052752642
-0.0007166233725
-0.0001400835925
-0.0001294577345
3.173806769e-05
-0.001278694106
-1.241399977e-05
0.0005176604708
-2.77885548e-05
9.812867849e-06
-1.688147182e-06
1.727132581e-05
2.103585655e-06
-1.108325188e-06
5.381244412e-06
2.021829216e-07
8.455636829e-06
1.715189907e-09
1.124003137e-05
-9.51247803e-09
1.957984463e-05
-2.670206921e-07
3.992768179e-05
-8.187884958e-07
6.35881403e-05
-1.264242047e-06
0.005784000689
0.008441271686
0.003835857454
0.003378570656
0.00158861953
0.0008614579405
0.0005008270445
0.0001123090614
0.0003026623177
9.076349298e-06
0.0003174162655
2.639202401e-06
0.0003560328595
9.880166129e-06
0.0003820161347
3.110584699e-05
0.0003818929333
7.449878726e-05
0.004533853039
-0.0001276418548
-0.0002183273562
-5.102571549e-06
-0.0002127559402
5.809350485e-06
-9.825801242e-06
-1.002479166e-05
-8.753795525e-06
-3.885405387e-05
-1.881377265e-05
-1.424881278e-05
-5.562018935e-05
-6.44427616e-05
-0.0009474326221
-1.555153926e-05
-0.0001643815388
0.0001755524897
-0.001094019043
-9.314001609e-05
-0.001639646125
-0.0001282901377
6.594355657e-05
-7.75669422e-05
4.531254572e-05
-3.7548027e-05
3.014022696e-05
-1.385296199e-05
1.614793318e-05
-3.217306649e-06
6.571724273e-06
2.348533237e-08
1.758061587e-06
1.012668739e-05
5.234258666e-06
3.78586176e-05
1.68519694e-05
7.403872878e-05
3.33574241e-05
0.002491608112
0.005369246892
0.001400006381
0.001734855824
0.000595585999
0.000350406961
0.0004305429876
0.0001215022606
0.0005614231822
0.0001195972337
0.0008668457819
0.0001611613803
0.001314902761
0.0002161386587
0.001767185521
0.0002915537911
0.001919189796
0.0003898015282
0.005720101918
4.654230605e-05
-5.792727739e-05
2.354849449e-05
-0.0004307526158
5.48922769e-06
-2.005744913e-05
-1.979502005e-06
1.952840958e-06
-1.33252325e-05
2.584541141e-06
1.929071511e-06
1.201537653e-06
-8.073732381e-05
-0.0008077899163
-1.935957489e-05
-3.174611809e-06
0.000230040561
-0.0009310370418
-6.401831569e-05
-0.001401080872
-0.0002387476403
7.273795907e-06
-0.0002117958078
-2.617012793e-05
-0.0001959564282
0.0001739649908
-8.644589587e-05
0.0001868782358
-1.298199604e-05
7.849971099e-05
8.743972836e-08
1.084340281e-05
1.651381681e-05
1.315377693e-05
6.227399138e-05
4.081457149e-05
0.0001245190062
7.802820021e-05
0.001162277816
0.002413802167
0.0006823569912
0.0006879877044
0.0005226932037
0.0002475979982
0.0006487781168
0.0002178418754
0.001001914353
0.000282145488
0.001737196365
0.0004028168165
0.002973998021
0.0005269016285
0.004508326693
0.0006424281346
0.005639551987
0.0007613214185
0.007823376913
0.001727095457
-6.356956759e-06
0.0005001854885
-4.017240029e-05
1.242192707e-05
-0.0001185772484
-4.634367825e-07
9.766529182e-06
-1.36732038e-07
8.171611009e-06
2.504649497e-06
7.926828168e-06
5.715599786e-06
-0.0007233135888
5.944340728e-07
-1.765543429e-05
0.0002315080011
-0.000818286582
0.0002035310469
-0.0009240290561
7.805853779e-05
-0.0005921538116
-4.975478253e-05
-0.0004623078668
-0.0003432649255
7.68092612e-05
-0.0003119558003
0.0005671248741
-5.545779253e-05
0.0004631637344
9.559606222e-07
6.287342488e-05
2.395194353e-05
2.773919737e-05
8.041255056e-05
7.416949661e-05
0.000162314172
0.0001317755656
0.000560047445
0.0007376795555
0.0004843627526
0.000346478325
0.0005587485347
0.0002906205407
0.0007544526399
0.0003277547303
0.00111172762
0.0004065098761
0.001687217845
0.0005119898804
0.002414782487
0.0006091863714
0.003082667249
0.0006801371436
0.003277893016
0.0006983093931
0.007531564227
-3.335494621e-05
-2.851310131e-05
6.139095851e-06
-0.0001059231744
0.0004803228443
-0.0001492237175
-1.48614251e-06
0.0002459848111
-2.229900658e-06
3.942399675e-05
8.548070037e-06
3.017411491e-05
3.771144138e-05
-0.0006881975634
4.387835673e-06
-8.194972309e-05
0.0002217235176
-0.0007094466517
0.0003087153775
-0.0007285500016
0.0003756105594
-0.0005759770087
0.000236525782
-0.0003547158428
9.983119881e-05
-0.0001179495539
-0.0002383904159
0.0004052525744
-0.0001343040917
0.00107006565
4.829039725e-06
0.0002503276577
4.536306147e-05
7.378426861e-05
0.0001125831029
0.0001423559512
0.0002091016141
0.0002219501698
0.0003768171723
0.0003730032502
0.0004679959417
0.000373705281
0.0006011331695
0.0004093188724
0.0007891723604
0.0004587563633
0.001076880692
0.000529761322
0.001470539695
0.0006108195667
0.001894511062
0.0006842551231
0.002211966084
0.0007451122663
0.002122421448
0.0007153586599
0.007740333852
-5.125940639e-06
2.643512092e-05
3.846055816e-05
-5.124821394e-05
7.564134015e-05
-2.389528132e-05
-1.897407044e-05
0.00083392284
2.754047891e-05
0.0001833393627
0.0001291612153
0.0001661548333
0.0003848481992
-0.0006542481155
8.873584684e-05
-0.0001525091114
0.000237171845
-0.0005744707965
0.0003076445677
-0.0005169843131
0.0003136985759
-0.0004364827442
0.0002457058939
-0.0003285740763
0.000124637989
-0.0001595502959
9.097058607e-05
9.237259961e-05
-9.837480229e-05
0.0008719701315
2.172009734e-05
0.0004730795575
0.0001089221681
0.0002211069805
0.0002044235577
0.0003234542221
0.0003522204842
0.0004584593763
0.000535170082
0.0005866399837
0.0007044777173
0.0006639565461
0.0008630500187
0.0007051961375
0.001032889252
0.0007331725678
0.001241679356
0.0007665168419
0.001493591409
0.0008013042094
0.001740108291
0.0008299574643
0.001886878725
0.0008919748064
0.001695915978
0.0008263243532
0.00882573204
-0.0006734890763
0.000407560072
0.00027704515
0.001255542562
9.211728353e-05
0.0002000185209
0.000182094516
0.001149993036
0.0002807221698
0.0006466044012
0.001044637054
0.0001920058703
0.0007908903712
-3.457252292e-05
0.0003266098807
-2.627347597e-05
0.0002572303042
-0.0002666093975
0.0002887928669
-0.0002516405289
0.0003117052672
-0.0002304036447
0.0002865282535
-0.0002009452138
0.0002070511057
-0.0001276953792
0.0001420832842
1.89595362e-06
0.0001675183722
0.0004011222764
0.0001882601192
0.0004618685077
0.0002459860544
0.0004677631152
0.0004434721527
0.0007149959657
0.0008120990868
0.001091457999
0.001259371116
0.001433911811
0.001628169243
0.001608301553
0.001827152921
0.001595182702
0.001893852672
0.001471579493
0.001907944655
0.001321044105
0.001916132735
0.001188032831
0.001904020683
0.001068195373
0.001794419924
0.001132896995
0.001427200298
0.001018544995
0.01023181034
-8.349531655e-05
0.0003270109418
8.15061289e-05
-0.001183827494
7.284762831e-05
0.0001369473142
0.0002999543478
0.001022031082
0.0005207326012
0.0008980005061
0.000406696737
0.0005102561714
0.0002630719344
0.0003197321234
0.0002401697713
0.0001995589971
0.0001937603511
2.70539471e-05
0.000206592101
-2.035826191e-06
0.0002385775651
-3.773348343e-06
0.000243144625
2.46690808e-06
0.0002097488561
1.615777333e-05
0.000164642816
5.875613236e-05
0.0002104601802
0.00021313502
0.0002600260922
0.000311225566
0.0004102466903
0.0005723753761
0.0007658494968
0.001104587132
0.001387605493
0.001740122048
0.002123661371
0.002254387856
0.002673831931
0.002472550094
0.002875829445
0.002384072066
0.002783302479
0.002104597394
0.002538987584
0.001763124482
0.002254733707
0.00143892839
0.001976747356
0.001163760672
0.001443852756
0.00162251037
0.0007576445436
0.001411378991
0.01134230426
0.0004353794094
0.0004758560103
0.001472321703
-0.006091464894
0.0003975805252
-0.0005608616858
0.0002112185649
0.0009133289963
-0.002332503774
0.001958399183
-0.001604296005
0.00234809384
-0.000469676358
0.0008921140865
-1.144930637e-05
0.0002838286847
7.238244713e-05
9.087165713e-05
0.0002599790514
0.0001734404089
0.0007093736935
0.0002746170645
0.001576463547
0.0003875824325
0.002674087449
0.0004830747753
0.003378097357
0.0005963499635
0.003249880434
0.0007196365941
0.00229114516
0.0007572046442
0.001315545009
0.0009328148511
0.001147848449
0.001341542859
0.001583355435
0.00180175587
0.002156517067
0.002101385895
0.00255007729
0.00214991029
0.00266523387
0.002002064095
0.002553209989
0.001748433288
0.002311337104
0.001458190637
0.002023535406
0.001195830999
0.001775361992
0.0009744146356
0.001105413928
0.001937273706
-7.133771545e-06
0.002464528716
0.01270597766
0.0001516261743
0.0007487147178
0.00194016565
-0.002195047767
0.001497340063
-0.0008494582493
-0.0001865744779
0.0007227837249
-0.001981149635
-1.209863142e-05
-0.002069259028
0.001252854636
-0.0008500819694
0.001013305139
-3.540830498e-05
0.0004802942928
0.0001662533477
0.0003403157468
0.0007114212748
0.0008267477301
0.0018352412
0.001214023032
0.002871636144
0.0007793405869
0.002952930799
0.0001133421661
0.002252530552
0.0005742155861
0.001654305097
0.0006971140868
0.001098620709
0.0006174753169
0.0008061388914
0.0007231032607
0.0009073360885
0.001033085963
0.00118991412
0.001275126752
0.001428338608
0.001311310648
0.001549136144
0.001216162069
0.001576996584
0.001082659056
0.00155450082
0.0009523779363
0.001515759269
0.0008385261433
0.001483931847
0.0007640837057
0.001486640496
0.0007204738306
0.001424622794
0.001887487536
-0.0009076324196
0.004190328487
0.01359088615
0.0006065949707
0.0007716012389
0.0003875713843
-0.0005774174452
0.0008256379669
-0.0001089011247
-1.255617153e-05
-4.094990115e-06
-0.0002810145572
-3.107360478e-06
-0.0006631852835
-2.086292804e-06
-0.0005008552591
0.0004145792251
0.0001088164746
-0.000139977872
0.000382595156
0.001061474443
0.001039485214
0.001711566521
0.001451107092
0.001529860966
0.0009599269361
0.0005730782018
0.0006629140115
9.67968029e-05
0.0006400563294
0.0008706550534
0.0005947543962
0.001023171757
0.0004298005886
0.000472963841
0.000495047244
0.0005052221403
0.0006563188949
0.0006632199764
0.0007531888272
0.000733433964
0.0007674146894
0.0006851632557
0.0007568669762
0.0006064205705
0.0007686142093
0.0005474900097
0.000822536267
0.0005181318359
0.000931366727
0.0005138828618
0.001091306263
0.0005351369145
0.001259339763
0.0006084143918
0.001433815801
0.001870207563
-0.001156645712
0.006201492135
0.01215734132
0.000351642268
0.0006167970606
3.100047264e-05
1.517213394e-05
-4.235417823e-06
0.000254483013
-2.887254164e-06
-1.138337323e-05
-5.819898989e-06
-8.95469565e-06
-4.305269783e-05
2.160308824e-06
5.448190708e-05
0.0001471290551
0.0002876766763
-0.0007948981383
0.0006229111333
0.001875252848
0.001074782914
0.00232294963
0.000885971562
0.001370727619
0.0003503557162
0.0003997641958
0.0001991747025
0.0001806846276
0.0002849527436
0.001647636668
0.0002578372777
0.001745606068
0.0003980790812
0.0006272118868
0.0006148608051
0.0005941799346
0.0006999127802
0.0005819680566
0.0008545649635
0.0004651539714
0.0009996541985
0.0003713368605
0.001071260728
0.0003665113715
0.001111020467
0.0003745396544
0.00121611168
0.0003442515407
0.001382789367
0.000336761876
0.001580088804
0.0003371888638
0.001658024549
0.0004925196387
0.001381093194
0.001903682226
-0.001190357297
0.007363732704
0.009328545358
-3.212101661e-06
0.0004096165519
8.564095724e-06
5.230387567e-05
0.0002274818371
0.0002448751694
0.0002419798243
0.0001951855652
0.0004074796933
0.000295717878
0.0004028758656
0.0005355422037
0.0001751274511
0.0002607164326
0.0003255342921
-0.0009383679196
0.0007931480143
0.00241208397
0.00093966691
0.002445909239
0.000572716226
0.001108340516
0.0002660591408
0.0003240219729
0.0002681622883
0.0002693407804
0.0005510488266
0.002142265248
0.0004737125171
0.002024205625
0.0005047662626
0.0007793572726
0.0006268588157
0.0005682684892
0.0007206391012
0.000506327941
0.00131372787
0.0003581739077
0.002598793398
-3.231296368e-05
0.003818996088
-0.0004892510251
0.004317362692
-0.002572171126
0.004522596685
-0.005428017661
0.004346886476
-0.005714529049
0.004695655038
-0.005281895906
0.003684108589
-0.00165554668
0.003023196588
0.001204660785
0.002218436244
0.008772335281
0.007827682282
-2.4026843e-05
0.0005062073118
3.056033193e-05
0.0001647991945
0.0001869099259
0.0003293577813
0.0002854506654
0.0005148912112
0.001264488558
0.002511640674
0.0003387849848
0.001307576445
6.88537933e-05
0.0001215320176
0.0003001484336
-0.0006456374701
0.000850396633
0.002427944967
0.000796316274
0.002116409695
0.0004552830304
0.0008320714706
0.0003002505437
0.0002941142896
0.0004600964412
0.0003631964327
0.001121863578
0.001903409389
0.001075287187
0.00197527838
0.0008494729562
0.001093550516
0.0007656725123
0.0007459188676
0.0007545062168
0.0006136046644
0.0007238778978
0.0003818300938
0.0008263925518
-9.565174198e-05
0.001768682466
-0.00116335128
0.005273634716
-0.004805333448
0.007031807089
-0.005252493801
0.006768514736
-0.003708020321
0.006708467311
-0.003394434199
0.006569684073
-0.001964864208
0.006966878056
-0.001486408862
0.005377253891
0.009380816927
0.008682064548
-2.81824929e-05
0.0007683541449
8.442981595e-05
0.0004653211467
0.0002598109091
0.0005861507096
0.0005917926759
0.00115923303
0.0007578234382
0.003174602214
-2.54800317e-05
0.001023831441
3.18581949e-06
8.041754984e-05
0.0002384246331
-3.113771026e-06
0.0007383955505
0.001866653284
0.0007163900668
0.001683028664
0.0004690086388
0.0008223972256
0.0004977694695
0.0005586554427
0.0007895257839
0.0007169396786
0.001492982352
0.001673013702
0.001628308017
0.001943899135
0.001363739496
0.001711879582
0.001021955737
0.001526991851
0.0006548162176
0.0009223312241
0.0004699742509
0.0003017086242
0.0009094869678
-0.001069097025
0.006945902468
-0.001724492405
0.01271639136
-0.001553028002
0.004184701787
-0.003573501889
0.0003318724646
-0.003829281405
-0.0003552153075
-0.003959154589
-0.00019998194
-0.002636997654
2.899850139e-06
-0.002433752376
-0.001085213311
0.005301989417
0.007312207233
0.000119050639
0.0006338112714
0.0002077115409
0.001183132244
0.000401846912
0.001215378289
0.0003089302633
0.00317275573
-0.00108883446
0.003938923814
-0.0008431712374
0.001588946568
-0.0002632948014
0.001130812181
0.001356625176
0.002673948919
0.002434789666
0.002992632144
0.002812624568
0.00259583536
0.002426260039
0.002041363566
0.001756218518
0.001561518085
0.001373801697
0.001291180982
0.001679045743
0.001744679175
0.001880688887
0.002095166544
0.00167408537
0.002498233085
0.000940162082
0.00311665271
4.855993921e-06
0.001030318306
2.78418832e-05
0.0003872617696
0.00394280269
0.003132758793
0.001749020725
-0.002431959141
-0.001031724237
-0.003115542365
-0.001817904369
-0.004266408544
-0.001588269995
-0.004418281093
-0.001550655083
-0.004281178981
-0.00194788912
-0.003387062053
-0.00214559354
-0.002218777354
-0.002211915093
0.003685888497
0.006560925628
0.0001506356048
0.0004187721792
0.0003906969427
0.002055247644
0.0006508409909
0.002366406187
-0.0003426910103
0.002743761554
-0.001620811654
0.003072935215
-0.00130536224
0.001593839819
-0.0003243671586
0.001532142393
0.001702672722
0.004300645993
0.002594289991
0.003769542387
0.002877461053
0.003061613241
0.002455258667
0.002425636981
0.001669910495
0.001763022248
0.001298432593
0.001434029155
0.001643349455
0.001878650886
0.002017391743
0.002409244221
0.001974537371
0.003164469142
0.0006574708907
0.004809197773
-0.001474273636
0.002142737594
0.001523268051
0.007272408822
-0.0003869048881
0.0008364441076
-0.003017810812
-0.002865588754
-0.003045784884
-0.003915285501
-0.002920170611
-0.004264783643
-0.002682841758
-0.004332294363
-0.002380397757
-0.00418010597
-0.002495959271
-0.003493640769
-0.002721684409
-0.001220551597
-0.002525911577
0.003413099673
0.006089738936
0.0002836836308
0.0004663787824
0.0006905721857
0.003010155811
0.001062588686
0.004076090425
0.00227776927
-0.006685503393
-8.474956552e-05
0.001791331995
-0.0004966318741
0.001986315279
0.0003149990441
0.001900345949
0.001992282074
0.006007247958
0.002422678114
0.004303883247
0.00230595464
0.003057578268
0.001691876259
0.002152519461
0.001115433106
0.001494534461
0.001047947908
0.001383116827
0.001553209198
0.002002543099
0.002091866614
0.002723615168
0.002291780709
0.003659115143
0.001435027015
0.006338865158
-0.002621366164
0.006759436306
-0.001919086974
0.009453465068
-0.004147266003
-0.001591918528
-0.004567896749
-0.003284515059
-0.004293798926
-0.003626665213
-0.004127623641
-0.003982590338
-0.003864249313
-0.004147617227
-0.003488986934
-0.004082140028
-0.003411728597
-0.0034020143
-0.003111027909
-0.0008315822062
-0.002496078271
0.002873611528
0.005722344259
0.0004840994124
0.0007130662509
0.001106296708
0.003391619881
0.001626925703
0.005009305754
0.002613330975
-0.001365698607
0.002125876381
0.002782056128
0.001616495546
0.002610204937
0.001498717797
0.00181529772
0.00245688795
0.007278261713
0.002153072809
0.004293411567
0.001571016123
0.00257730156
0.0009892965534
0.00166502938
0.0007410305546
0.001245821609
0.0008831203007
0.001352081121
0.00151724409
0.002007603061
0.002221790693
0.002690175807
0.00226898242
0.003934570346
-0.002606628879
0.008935030065
-0.005969160776
0.003812830413
-0.004510370342
0.001956904733
-0.005225207912
-0.002020757057
-0.005430700783
-0.002735356575
-0.005348743695
-0.003092342735
-0.005385233203
-0.003396237973
-0.005384133664
-0.003623422607
-0.005351635701
-0.003664328568
-0.005314190013
-0.00317363406
-0.004274636904
-0.001373371763
-0.002675108845
0.00148691726
0.005128319491
0.0001391079064
0.001347656009
-0.006537845757
0.007463637334
-0.002346062996
0.007174617919
0.005485269482
0.009254365328
0.0128565512
0.007761019568
0.01055051249
0.004740372855
0.003387769588
0.001938675232
0.002200805003
0.005152371724
0.001449598222
0.003101376701
0.0009280082257
0.00193848037
0.0006447966323
0.001406773925
0.0006098434628
0.001207939582
0.0008107475288
0.001392239174
0.001625577997
0.001786172118
0.002362702174
0.002979402022
0.0001668024136
0.005923003987
-0.004265691761
0.007043638202
-0.005489258086
0.001916172867
-0.005845189272
0.0003663774769
-0.005987136118
-0.001510390237
-0.006030330633
-0.0021773301
-0.00613735679
-0.002362527682
-0.00637396917
-0.002502764
-0.006642307586
-0.002712547689
-0.006845307669
-0.002843238864
-0.006646536313
-0.002739401095
-0.005233049069
-0.002002185873
-0.003153914208
-0.0001544673828
0.003799955914
0.0004079699336
0.001553568964
-0.002310739473
0.004374522447
-0.001425233358
0.004177654681
0.004542175567
0.01598904242
0.005278815449
0.006696234443
0.002530045083
0.001738818578
0.000921166877
0.000740690686
0.0009564801858
0.001713824911
0.000811948512
0.001892243726
0.0006738082056
0.00171282194
0.0006030967938
0.001514508694
0.0005763016353
0.001411195265
0.0005361518117
0.001680697438
-0.001731965928
0.004750414459
-0.004441193559
0.004389728687
-0.006349044026
0.005562996032
-0.006965229808
0.003919770678
-0.006911894079
0.0008182837843
-0.006248712996
-0.0003869155413
-0.006045676179
-0.001200874843
-0.006062832615
-0.00162240425
-0.006274236936
-0.00167513693
-0.006768955227
-0.001650116899
-0.007426306068
-0.001763216153
-0.008132391248
-0.001800161651
-0.008486250207
-0.001819605711
-0.007799264239
-0.001695000587
-0.00554278469
-0.001103335562
0.0006096966299
0.0008163874019
0.001476202208
0.0003889509538
0.002093019635
0.0003943998896
0.001560965656
0.003064904069
0.01582452916
0.001629490079
0.002879113405
0.0007451835652
0.0003447825102
0.0004657592817
0.0003999514762
0.0004639537136
0.0006690651158
0.0006136935009
0.00144355661
0.0006924580326
0.001871631166
0.0006947678912
0.00192216298
0.0003958414961
0.001947648655
-0.004684258567
0.00463771614
-0.004725110228
0.003143934794
-0.004637047011
0.002139484383
-0.004338218771
0.002690496197
-0.003841487579
0.001837232947
-0.003690372403
0.0007836267873
-0.00380153389
0.0003241998331
-0.004072783686
-6.849984035e-05
-0.004375209737
-0.0004502562197
-0.004892522745
-0.0005662186931
-0.00561227756
-0.0007224049154
-0.006332795931
-0.001073429643
-0.007345276155
-0.0009266728188
-0.008261481886
-0.0009463419422
-0.008279754292
-0.001324466131
-0.006568797876
-0.001800977068
-0.004041910489
0.0008217958905
0.001194056568
0.0006194602704
0.001035025466
0.0003855589233
0.0006098050535
0.001593351384
0.008872684457
0.0005081623642
0.00017489741
0.0005922385014
-9.48457377e-06
0.0005652535007
0.0003698033827
0.0004772737057
0.0006024774292
0.0006266608994
0.00132214806
0.0006869172663
0.002225990837
2.149384101e-05
0.003552750609
-0.0109082037
0.00662682485
-0.01403098904
-0.0003364327582
-0.008434928295
-0.001071783736
-0.00572608246
-0.000192421368
-0.00446981937
0.003035098867
-0.00350567769
0.002819265541
-0.002824131157
0.002507070144
-0.002630278106
0.002476807174
-0.002902256873
0.002640403386
-0.003373354892
0.002636452412
-0.003647414052
0.001759525217
-0.003678162611
-0.0001194477741
-0.003716788078
-0.0009358948775
-0.003996669612
-0.001130804424
-0.004198561676
-0.001322834848
-0.003992200869
-0.001937401534
-0.00304199069
-0.002638400552
-0.006122847717
0.0002985877308
0.0008421181303
0.0002233464427
0.0006301033686
0.0001178056304
0.0003915475898
0.0003556039672
0.002278212762
2.779104622e-05
6.088437781e-05
3.287388087e-05
6.329243728e-05
0.0001866456677
0.0003928347995
0.0002930455499
0.0006192447377
0.0004904970316
0.001128689378
0.0005657865604
0.002337276295
-0.00129801409
0.005874470567
-0.003804925582
0.006891750943
-0.00176054386
0.0006303484684
-0.001974248258
-0.001697327801
-0.003035324003
0.0001613004978
-0.002708392632
0.001349222733
-0.001341187907
0.001075363674
0.0007114089194
0.0008589820745
0.002045730789
0.0006413298998
0.002327835499
0.0003753024294
0.002003745997
0.0002239727881
0.001956956685
-0.0001757208192
0.001970318451
-0.001286703159
0.001932652434
-0.001737726707
0.0009665029846
-0.001808061959
0.000105455825
-0.001802773362
-0.0008815755239
-0.001913498053
-0.0006145793975
-0.002929463562
-0.006148144286
0.002599855256
0.002145735648
0.001746203268
0.001685625619
0.001546749128
0.001940535145
0.002936408
0.003954609516
0.004824303413
0.005650974001
0.003242075929
-0.003049097652
0.005346136591
0.006697328576
0.004346783106
0.003396861797
0.004177043551
0.005476116593
0.006498943466
0.007342688855
0.008485619077
0.009620289033
0.009988938634
0.01014292378
0.01018313236
0.009816246364
0.008737108619
0.006082186236
0.01484905261
0.00201848583
-0.0006005443674
-0.007387628665
0.0007867983339
0.000617301651
-0.0006458146299
0.0004224735012
0.00470709746
-0.0004212745743
-0.005319975737
0.0005843483425
0.0003654333151
-0.0004537394819
0.0002925656569
0.005187588317
-0.005105317906
-0.0002724225336
0.0003042521251
0.0001518290074
-0.0002074009007
-0.0001842257713
0.000612184599
0.0002754893979
-0.0003663745838
-0.0003473863839
0.00123384941
0.000418636359
-0.0007435040558
7.700184098e-05
0.002021814037
-3.131215137e-05
-0.002190089486
1.57854775e-05
-5.805844619e-06
-2.408110893e-05
3.384173175e-05
1.201921563e-06
2.38577142e-18
3.035980468e-06
-2.16185602e-06
7.017307335e-38
5.999044509e-38
-4.420428706e-38
-1.53858298e-05
0.0001848898807
0.003324964388
-0.00573727245
-3.622890606e-05
1.033001745e-05
-3.235653516e-06
-3.376277601e-06
8.655680869e-06
6.842522859e-07
4.530881605e-20
-3.098832467e-07
9.587209419e-07
2.781953653e-38
1.610426929e-38
-6.646393782e-39
-0.001376622166
0.009101575558
-0.010096382
0.0001338530078
6.161959259e-06
-5.165176011e-05
-1.103420589e-07
-3.34240552e-05
5.696931536e-08
2.504125052e-08
7.249160357e-25
-2.569494853e-08
-2.268416038e-39
3.035473503e-39
3.868626597e-39
0.0005522058011
0.004850050615
-0.0002343978012
0.03262634524
-0.01999379535
1.670803212e-10
-1.235905519e-32
1.219510893e-10
-7.058780521e-12
3.633873613e-40
4.066434554e-41
-1.946762211e-41
-2.384091705e-40
1.517693011e-41
1.585633133e-40
-8.764141401e-42
-0.002903895039
0.002631820742
-0.0004829159021
0.002392826538
-0.002461169443
0.01973029663
-0.01382183395
0.00117621682
-0.0003396023932
-0.004360986552
-6.176710223e-05
0.001299959301
-0.0006686057682
0.001011545275
-6.405227852e-05
0.0003067920916
-0.0004872727442
-1.14318996e-05
-9.542898585e-05
-3.957731947e-06
0.003324560919
-0.001145524517
-1.719143076e-07
-3.244517628e-06
1.682754453e-05
-2.108891499e-05
-6.127079817e-07
-5.61873062e-06
-1.077323339e-06
9.408746065e-07
3.613195643e-07
-4.316348599e-07
-3.317544364e-07
1.601193802e-06
-1.847615776e-06
-7.058767739e-07
-1.720700462e-06
-1.967392767e-05
3.094993318e-06
8.724538583e-07
-2.485468876e-06
-2.966632961e-06
3.061984454e-06
-8.867725986e-06
-1.093718137e-05
-7.125243005e-05
-0.002434649765
0.0004974591192
-6.50109645e-07
7.107491214e-05
-4.00986802e-05
0.000198616749
-0.0007176273983
0.0001242779904
-0.005082253089
-1.368561256e-05
3.030839226e-06
-1.105923549e-05
7.851083894e-07
2.669124451e-05
0.0001075587087
-0.0001856632455
5.170108957e-06
-2.495784406e-05
-4.718719234e-06
8.582148261e-06
-9.723245801e-06
9.679060899e-06
1.689661519e-06
2.8918577e-06
-5.721961704e-06
3.089283516e-06
-9.264455978e-06
-6.256822252e-05
9.927370875e-06
-1.681976101e-05
4.521002958e-05
1.164910016e-05
1.016679908e-05
-2.901036531e-05
8.15647596e-05
-0.0001983157665
-0.00720898664
-0.000620075757
0.001720287709
0.0008376143996
0.001789920487
-0.002700769026
-0.005845624112
-0.002136322718
-0.006975932661
0.004243456116
-0.0005272669256
-0.009621726524
0.001461038034
0.007864985832
0.001466485572
-0.01324107933
-0.0009231022276
-0.004256439135
-0.001800510813
0.005032273921
-0.0005841353118
0.004641897363
-0.01008086003
0.0004339209053
-6.949994088e-05
-0.00707624768
-0.00173627072
-0.001026935736
-0.003257861937
-0.0003090809818
-0.001385447527
0.004540870763
-0.003845811809
-0.001957376765
0.006102209918
-0.004448366039
-0.0007803100315
-1.946008444e-05
-0.002488860531
-0.000716865927
0.0004525965551
0.0007981577895
-0.0001982469519
-0.001915420867
-0.0004179683703
0.002460038578
-0.001880448305
-0.0004593873197
-0.006972505149
0.00336020741
-0.002128118581
0.005167212023
0.005474866225
-0.001811818778
0.00315133718
-0.007074423773
-0.001689827541
2.005451177e-06
0.0005385122981
-0.002322858358
-5.169574487e-05
3.56545644e-05
0.0002411090338
-0.0003844484971
-0.004214840576
0.0002298911454
0.002221618767
-0.005725592301
0.0004184001297
-0.007832619813
0.002769821522
-0.001607462968
0.005027084347
0.004475683631
-0.01007134767
0.002997095155
-0.003565412594
-0.0005018790133
0.002584790093
0.006106935316
-0.006245364084
-0.000589443473
0.004029598749
0.005178071141
-0.003237999017
-0.001331008146
0.005102938485
0.001081935052
0.001430187961
-0.00130422849
0.01419100167
-0.003868195386
-0.00108391169
-0.0005440390796
-0.0002465625927
0.0003033319414
0.0003062411504
1.530451681e-05
-0.006747950503
0.003548001799
0.0005496584858
-0.0005303262425
-0.0006698939068
-0.0003476363662
0.000334182824
0.0003213805857
0.0006197287528
0.0007392862898
-0.000732463632
0.0005898083017
-0.0006953296177
-0.0006217775949
-0.0003237213223
0.0002712751957
0.000596957038
0.0006266548958
-0.000191680636
-0.000367186135
0.000619536413
0.002353001987
-0.001501578919
-0.001089280807
0.0007371458764
-0.0002919402634
-0.000384841005
-0.000586375436
0.0002675337212
0.0003660909682
-0.0002845740016
-0.0003126798731
-0.0003794272536
-0.0004212041565
0.0002403707463
0.0001249368169
0.001251984689
-0.0009128741094
0.0001089749113
-0.0004801600322
-0.0003133724307
-0.0001492324324
0.0001064584676
0.0003149265026
-0.0003823741141
-0.0003036732222
-0.0006821558613
-0.0001402695277
0.0001350120925
0.0001424662547
0.0006284489066
-0.0004941303884
0.0001704029637
-0.0009810463696
-0.0002111023892
-9.066999662e-05
5.821330973e-06
0.0004767608686
-0.0004971936443
-0.0001012717058
-0.001227878732
-0.0001462253905
0.0002057481986
0.0001250022961
0.0006455271503
-0.001133980747
0.0002995258914
-0.001184407277
-5.118803088e-05
-4.129760659e-05
5.066658197e-05
0.0004560710355
-0.0003042375245
-2.24783687e-05
-0.0008058511192
7.718030813e-05
0.0003227580958
-0.0003062170831
0.002255187071
-0.004101897506
-1.987345575e-08
-0.0003839451094
-2.187424083e-09
-3.335149409e-05
-2.387661882e-09
2.811862101e-08
1.20371482e-09
-0.000201972101
0.000162709596
-1.536177652e-07
2.923633616e-05
0.004738892711
-0.0042186964
-2.154387797e-07
-0.0001993249356
-2.608704838e-08
-5.316234515e-05
-5.348279577e-05
3.908532397e-05
0.002848140184
-0.001647297655
4.935972567e-05
3.444890727e-06
-8.350990808e-07
-0.0001271456453
7.949247445e-05
-5.193680736e-05
0.0001513712827
-6.307928815e-05
0.003352618567
-0.002017800141
-4.301876308e-05
-9.532643935e-05
-3.323657693e-05
1.846318408e-05
-3.34367154e-06
3.749256639e-05
-1.578835161e-05
8.456777596e-05
-6.98221447e-05
-3.2070557e-06
-2.748080694e-05
-1.114707999e-16
2.907301436e-17
1.099532697e-16
8.864876302e-18
7.526111856e-06
-6.206514789e-06
-5.761681074e-37
-7.426866728e-17
-3.810076072e-37
-0.0001427798921
9.064939935e-05
-1.084230185e-05
-0.0002013238577
0.0007425042374
-0.00109490927
-3.11865089e-05
-0.0002288703536
-6.394582533e-06
2.434219087e-06
-7.538338042e-07
-3.652628282e-06
2.497909869e-05
-3.857106501e-05
-8.664178565e-07
-7.421377556e-06
-3.532790625e-06
6.092508598e-07
-2.375983834e-06
-1.318938916e-06
2.165982248e-06
-2.433598881e-06
-8.24383794e-06
-7.573783656e-06
-0.0002445414797
1.242866747e-05
-6.363787024e-05
-4.761895164e-05
2.772279737e-05
-8.178606687e-05
-0.0002264528966
-0.0007301197442
-0.008666838543
0.0002379259905
0.0001763415864
-0.000598027946
0.002044717685
-0.004065766229
0.0001834396944
-0.01280728649
-3.39282202e-05
-4.607834196e-05
8.898476076e-06
6.752301945e-05
0.0002918797698
-0.0004823036819
1.267598198e-05
-3.959876135e-05
-1.658493143e-05
-2.195214345e-06
4.653121773e-06
3.409882188e-06
7.405329183e-06
-9.913486259e-06
1.619320783e-05
-4.22055217e-05
-0.0005146734461
-3.381494901e-05
0.0002440915851
0.0001345200096
8.456852986e-05
-0.0002631826488
-0.001134182255
4.694044958e-05
-3.144376817e-05
-7.124946485e-05
1.184624697e-05
-2.448228198e-06
-2.187919248e-05
-4.287953618e-17
-1.278052581e-17
-2.965473854e-37
0.0007544750167
0.001189966048
-8.22777117e-05
-2.972990984e-37
-7.295321435e-18
-1.670803492e-17
2.212352479e-37
-0.0003253539609
0.0003158601719
-6.182790235e-05
-0.000489741625
0.001250955653
-0.001473802922
-0.00011004262
-9.891944949e-06
8.204015481e-06
-1.209096599e-06
-1.888791613e-05
6.018660311e-05
-8.686251155e-05
-2.692466673e-06
-1.534767424e-05
-1.351396753e-05
2.767464511e-06
-2.655935047e-05
-5.602459307e-06
2.681167022e-06
-3.76128319e-06
-7.385881305e-05
-2.063234727e-05
-0.001712116941
0.0001604570246
-0.0005653629049
-0.0004155621711
0.0002213811425
-0.000574383305
-0.00107929221
-0.002989502641
-0.01666310913
0.001035152723
0.0001546761904
-0.001501240403
0.00623575677
-0.00805788064
0.0002293475453
-0.01901699229
-5.14401624e-05
-9.610378017e-05
1.636137513e-05
0.000172649886
0.0009726763893
-0.00212797482
2.735003486e-05
-0.0001487999728
-0.0001340787584
-7.229546949e-06
6.680193717e-05
2.606892284e-05
1.836973233e-05
-5.887766231e-05
0.0002412818387
-0.000405610231
-0.001932482257
-0.0003708163073
0.0008984730778
0.0009117277604
0.0006622043736
-0.001494973253
-3.117549162e-05
4.400542853e-05
-4.19477327e-05
-1.949397826e-05
-2.665158399e-05
-9.489822206e-06
1.336116171e-05
-7.179117634e-06
-4.127015991e-06
-1.498051768e-06
-2.727219022e-18
-2.140778732e-05
3.668755592e-05
-7.988931428e-06
-7.745827861e-05
0.000126244281
-0.000297505291
-3.050208706e-05
-7.264695565e-05
1.643628957e-05
-0.0001977528592
-9.487191338e-05
1.036064872e-05
-7.43418254e-05
-0.0006220546524
-0.0004404630432
-0.004192525897
0.0009074015636
-0.001721931704
-0.001719440518
0.001302724996
-0.002237217896
-0.002447632719
-0.005014851605
-0.01884164556
0.001908088245
0.0005257570111
-0.002158541894
0.009022953089
-0.008706184581
0.000984849872
-0.01581010874
-0.0007623967731
-0.0003828747062
9.598596764e-05
0.0009783939566
0.003962253246
-0.005849626853
0.0004627635402
-0.002764219736
-0.001091820676
-0.0001145173901
0.0006948019708
0.0004592349692
0.0002526651136
-0.001013218004
-0.0001081090837
-1.733967649e-06
0.0001789261686
-0.001375330102
-1.290986694e-06
-1.070630084e-06
-2.314032683e-07
-2.233860708e-07
1.36808502e-19
-1.989001206e-21
4.119228501e-22
-0.001338154692
0.0007372491725
-0.001775164641
-0.002398698021
0.000724175863
-0.006622112433
-0.003660620659
-0.005124392449
0.00287717016
-0.003152969946
-0.00426551121
0.003092543683
-0.003435103591
-0.003552638929
-0.01062239582
0.002153359435
0.001449523305
-0.001780818768
0.006952947969
-0.004159189582
0.001663998093
-0.007363521937
-0.002155805043
0.002036136247
0.003665247965
0.006796573005
-0.005464288668
-0.0001843820741
0.003327577245
0.0004951208006
-0.008930456958
0.02131827997
0.01491537836
-0.01296682144
0.0114624109
0.01586412801
-0.0002319968879
-0.004219200019
-6.802159632e-05
0.001907946769
-0.003089278819
-0.0001653263672
0.0001184860917
-3.428782762e-05
-9.666345657e-05
-5.096029838e-06
0.003068014818
-0.003175974095
-0.0001443502617
5.410601978e-06
-6.917525846e-11
-8.488203738e-06
1.841285798e-11
0.003225429873
-0.0005077299697
8.080029408e-11
-8.883516608e-36
0.001452479051
-0.0122121762
0.0003678932163
0.0002527599833
0.001202120135
2.210296782e-06
9.969775934e-07
2.604772785e-05
2.715601713e-05
7.595524982e-05
3.978144506e-06
0.0007961267259
-6.361704948e-06
-0.001092027491
2.922109461e-06
3.858380154e-07
0.001763167766
0.004295941948
9.570897328e-05
8.555102144e-06
0.000987521459
-5.512390853e-05
4.350002815e-05
-1.594545262e-05
-4.955351547e-06
3.2831813e-06
-0.0001337104506
0.000386032906
-0.0089460905
0.008950772538
-0.0002991375953
-0.0129762371
-0.0005314314609
4.761967409e-05
-2.078881631e-05
2.974981738e-05
-3.811728108e-05
-3.686681223e-05
8.879685414e-05
4.615908173e-05
-5.591856031e-05
3.91316073e-05
-5.510953583e-12
-4.492840122e-05
0.0001892848164
-8.173858998e-05
6.543743649e-05
8.470942403e-05
-0.002199111536
0.02502103996
-0.03692464652
-0.0004860767065
4.77292103e-10
3.158289998e-10
-2.901869444e-10
-4.08281354e-11
3.286400403e-36
1.857500336e-35
-3.657177892e-41
-1.435772667e-35
-0.0006032269675
0.001060788621
-0.01284359754
0.00127185805
-0.01081042188
9.643834638e-09
5.917015862e-09
-1.705384369e-22
-3.520269586e-08
-4.453496587e-26
7.475461785e-26
-2.043751721e-39
-8.65097645e-40
-8.322983081e-40
4.880670523e-39
1.474560691e-39
-5.366522695e-40
-0.001051663064
0.008449167623
0.001849115292
-0.005609026171
9.674125675e-08
7.401461869e-08
-5.563969226e-22
-2.508445968e-07
5.599983497e-40
1.832029455e-39
-1.21682805e-39
-3.009405062e-40
3.162239695e-40
8.625499538e-40
-1.696176459e-40
-0.001328702386
0.003052827008
0.001921533686
-0.0008395984418
6.914347246e-07
4.248700548e-08
-1.17591316e-21
-7.902962358e-07
1.388797581e-40
7.786664055e-40
-5.233365533e-40
-5.17902216e-41
8.180230802e-41
3.718206975e-40
-3.362819961e-41
-0.002226405897
-0.00165163208
0.003149346763
0.009322917824
8.568609976e-11
-4.103007207e-09
2.661457669e-34
8.426905484e-11
7.917931276e-42
2.441958044e-40
-1.829060995e-40
8.847625536e-42
8.352438209e-42
1.395261727e-40
2.56858221e-42
-0.0001511180185
-0.0001762807256
-0.0001561863299
-0.0001145465623
-1.606154322e-05
-8.948838847e-05
-5.177038248e-05
-2.954219904e-05
-0.0001552079016
-3.847267698e-05
-1.928716485e-06
1.849970224e-05
-1.584377324e-05
-2.202491925e-06
-9.97735365e-12
-0.0002772434083
-9.208622016e-17
2.466796745e-05
-9.587394967e-05
-3.808572002e-17
-6.248285947e-36
2.997009494e-06
-0.002907012165
-0.0005585273971
-0.003187907485
-0.0006571882988
-0.0003770109505
-0.0004092633957
-0.0006489572935
-0.0006596799706
-0.0003658780069
-0.000260957833
-0.0006462722017
-0.000347601611
-0.0004606646371
-0.0003925255648
-0.0005804857546
-0.0007063411751
-0.000878099973
-0.0005177472393
0.0006165191687
-0.000161433334
-0.0006586425186
0.0002279063283
0.0002149545047
-0.000279067197
-4.868030741e-05
-0.0003497662363
-0.0005287257146
-0.0004203117607
-0.0001341032313
1.070299358e-18
-6.926395767e-38
-0.0005288513096
-0.0006726917761
-2.841667631e-05
0.000682970783
-0.0005961315395
-3.525566066e-05
1.884024098e-05
-7.47472179e-12
-3.212714697e-11
3.585920732e-11
-2.867051439e-11
4.743940929e-12
-2.489890803e-36
-3.816760858e-12
5.160604635e-05
-1.936449878e-36
-5.776023277e-05
-1.301506952e-38
-2.054841636e-24
-9.931564122e-08
-8.383376397e-08
-2.082668604e-08
-4.007368071e-23
-1.956299173e-25
-1.335570433e-26
-1.034477943e-39
0.0002412001961
-8.20181917e-07
-0.0001727384712
-1.311712253e-10
0.0004233025939
1.934322613e-33
-9.799822883e-38
-1.781743227e-10
-2.260062301e-32
3.021343658e-10
-7.572097477e-33
-2.117383114e-33
4.802121227e-33
-1.588499398e-40
-8.917566116e-41
-4.829483283e-41
1.929224907e-41
-2.496811894e-41
-9.74569444e-42
1.127184305e-35
-0.01253562269
0.001650869211
-1.990528566e-08
-0.01546852955
-1.047989744e-22
-2.791006354e-22
-2.631569667e-39
-1.723322081e-22
-6.755171016e-40
-1.672801427e-39
-1.19393308e-39
-4.021847453e-40
-0.01666920575
0.001938976648
-2.980870347e-07
-0.01521830454
-2.575392274e-22
-9.811209752e-22
-1.221477373e-39
-3.584857503e-22
-2.161070777e-40
-8.12112039e-40
-5.742599168e-40
-1.022057886e-40
-0.00994924135
0.002146574707
5.875853085e-07
0.01224959417
-1.617124264e-22
-2.814172904e-23
-4.688551527e-40
-2.298481845e-36
-4.008871284e-41
-3.225134999e-40
-2.329035313e-40
-7.875521181e-42
2.979755221e-07
-3.806727532e-05
-2.254280179e-11
3.644103022e-36
-8.302809337e-37
-1.839013677e-40
5.508520583e-42
-1.324788017e-40
1.334748919e-41
-9.68277724e-41
)
;

boundaryField
{
    walls
    {
        type            calculated;
        value           nonuniform List<scalar> 
59
(
-1.887028989e-09
-1.829510376e-09
-1.818430021e-09
-1.393258865e-09
-1.41568225e-09
-1.844471116e-09
-2.31281099e-09
-3.08253358e-09
-2.537362238e-09
-2.399175482e-09
-2.745827257e-09
-3.517801784e-09
-4.323472916e-09
-4.678308695e-09
-4.434418183e-09
-3.77719893e-09
-3.176906535e-09
-2.74869375e-09
-1.977285164e-09
-1.00897452e-09
-5.96912737e-10
-3.148581322e-10
-8.763329853e-11
1.243112303e-10
3.618850418e-10
6.925402094e-10
9.857733286e-10
1.058542988e-09
1.151461687e-09
1.227680093e-09
5.780315986e-10
3.048540498e-10
1.395850678e-10
7.675288955e-11
6.188004611e-12
-7.338037405e-11
-1.794620233e-10
-2.984700332e-10
-5.630243955e-10
-1.511543674e-09
-2.724280711e-09
-3.715667106e-09
-2.77028108e-09
-1.586462863e-09
-1.130906277e-09
-9.652123061e-10
-7.068594598e-10
-4.628793538e-10
-2.353399928e-10
-1.76123719e-11
2.031483035e-10
4.081408991e-10
6.144384245e-10
8.399958041e-10
1.056126696e-09
1.276537344e-09
1.414649954e-09
1.450658902e-09
1.72640397e-09
)
;
    }
    wallFilmFace_top
    {
        type            calculated;
        value           uniform 0;
    }
    region0_to_wallFilmRegion_wallFilmFace
    {
        type            calculated;
        value           uniform 0;
    }
    mirrorFace_top
    {
        type            calculated;
        value           uniform 0;
    }
    region0_to_wallFilmRegion_mirrorFace
    {
        type            calculated;
        value           uniform 0;
    }
    procBoundary2to0
    {
        type            processor;
        value           nonuniform List<scalar> 
26
(
-0.0003516793198
-0.0009447788099
-0.0008931652501
-0.0001483398239
0.0007725647007
-0.0001026657564
-0.001763752628
-0.0008967985853
-0.0008441128972
-0.0007142130808
-0.0004442030157
-6.568848174e-05
4.756783385e-05
7.967109326e-05
0.0001481951182
0.0002569869618
0.0007588012304
0.0003849946298
-0.0002845286922
-0.0005737554143
-0.0005965857673
-0.0004512402181
-0.0002709263273
-0.0002516878084
-0.0003712882611
-0.004465706212
)
;
    }
    procBoundary2to1
    {
        type            processor;
        value           nonuniform List<scalar> 
33
(
-0.0002172638143
-0.0001158940541
0.0001072679985
-5.397321388e-05
0.0006934752266
0.0006756672211
0.0007133948899
7.38744821e-05
0.0003713309768
-0.0001287205539
-0.0007206569048
-0.001810068336
1.432212291e-05
-8.586761325e-05
0.0001914189291
-2.830276772e-05
-0.0008677802497
-0.0002941339128
-0.0003721096154
-0.0001541039089
0.0003413770058
0.000519763237
0.000607684263
0.0001996826241
-2.188307552e-05
-0.0001961076119
-0.0004547161042
-0.0009197682392
-0.001278856233
-0.00123854379
-0.00109352752
-0.0003357377426
-0.002991352185
)
;
    }
    procBoundary2to3
    {
        type            processor;
        value           nonuniform List<scalar> 
64
(
-0.001132060529
-0.0004828070242
0.0009398895805
0.001883519097
-0.0004874257858
-5.684285788e-38
-2.431585417e-38
-2.902771079e-39
-1.056559696e-40
0.0002880952312
-0.0007758651596
0.0005515420367
-0.0008983014293
0.0005189037472
0.00021934349
0.0001443479205
0.0001070707053
3.996310323e-05
-8.734481098e-07
1.049553977e-05
8.576538459e-06
5.160905362e-06
-7.845482694e-10
-9.702333191e-10
-3.767223428e-09
-1.797012691e-09
-5.366717823e-06
8.453356716e-05
-8.668485469e-06
0.0001247941171
-1.113397782e-36
-6.056266064e-37
7.124503561e-37
-3.044130534e-37
-2.991450737e-37
-0.003105610607
-6.363595447e-11
-0.0002330929499
-2.229955128e-06
-1.396491772e-36
-7.449061282e-05
-3.825340535e-39
-1.130425893e-39
-6.480978382e-40
-2.772672058e-40
-1.076080092e-40
-0.0006049266179
-1.113693032e-35
-0.003732050305
-0.0005330574531
0.0006149373691
0.001348161114
-0.0008248430327
-0.0004863428329
-6.424208728e-38
-5.784304364e-05
-2.510949593e-11
-1.068769132e-38
-8.932318691e-36
-2.431235091e-41
-9.045754236e-40
-4.289269129e-40
-1.75004059e-40
-7.156504309e-41
)
;
    }
}


// ************************************************************************* //
